(((((object019:26.59909,object009:119.40091):71.25141,((((object021:74.41308,
object020:95.58692):55.05856,object013:34.74853):62.38580,
object008:95.06425):51.82391,((object018:69.46055,object012:80.53945):20.28833,
object007:54.17125):88.44523):33.47009):64.89642,(((((object023:102.28895,
object017:77.71105):45.61360,(object024:52.28196,object016:42.71804):98.45619):17.75357,
((object015:7.06353,object014:49.93647):29.13093,object011:19.59016):51.16244):26.13617,
object005:13.39875):69.16264,(((object022:22.83677,object010:11.16323):91.90372,
object006:36.70863):44.54423,object004:90.65117):31.00309):47.56143):83.38348,
object001:45.85769):145.81559,(object003:25.93429,object002:94.06571):64.13611,object000:16.23336);
