     25
object000 0 393 317 355 395 431 368 280 563 260 418 499 487 506 164 203 440 528 364 355 464 475 489 460 110
object001 393 0 337 365 191 428 402 224 594 200 439 545 515 532 350 243 487 550 160 166 485 503 552 480 366
object002 317 337 0 87 344 178 178 214 324 184 244 332 308 328 297 157 281 286 322 300 270 333 317 266 291
object003 355 365 87 0 346 104 223 258 226 214 258 367 341 380 316 190 308 209 340 314 300 343 360 300 313
object004 395 191 344 346 0 444 383 222 589 189 438 518 526 544 353 235 487 539 90 79 480 505 550 485 367
object005 431 428 178 104 444 0 300 325 206 287 351 458 426 440 381 276 406 163 413 414 398 416 437 377 383
object006 368 402 178 223 383 300 0 266 439 232 52 335 332 349 327 209 293 419 357 351 90 136 352 293 327
object007 280 224 214 258 222 325 266 0 466 30 310 420 380 381 230 123 362 449 203 181 355 383 401 376 231
object008 563 594 324 226 589 206 439 466 0 431 494 573 539 581 521 402 536 118 548 551 529 560 566 514 521
object009 260 200 184 214 189 287 232 30 431 0 283 377 372 405 203 98 338 397 189 162 301 368 374 309 206
object010 418 439 244 258 438 351 52 310 494 283 0 395 378 388 376 256 332 451 425 387 24 90 405 346 387
object011 499 545 332 367 518 458 335 420 573 377 395 0 155 289 453 375 235 558 483 503 435 442 158 109 488
object012 487 515 308 341 526 426 332 380 539 372 378 155 0 285 459 340 230 526 496 468 407 460 169 111 456
object013 506 532 328 380 544 440 349 381 581 405 388 289 285 0 468 366 75 532 503 513 431 477 300 232 475
object014 164 350 297 316 353 381 327 230 521 203 376 453 459 468 0 159 415 485 341 334 427 458 450 422 104
object015 203 243 157 190 235 276 209 123 402 98 256 375 340 366 159 0 303 408 222 194 292 333 354 309 170
object016 440 487 281 308 487 406 293 362 536 338 332 235 230 75 415 303 0 504 464 454 378 441 249 204 436
object017 528 550 286 209 539 163 419 449 118 397 451 558 526 532 485 408 504 0 521 534 495 531 545 502 493
object018 364 160 322 340 90 413 357 203 548 189 425 483 496 503 341 222 464 521 0 44 445 503 498 444 328
object019 355 166 300 314 79 414 351 181 551 162 387 503 468 513 334 194 454 534 44 0 438 464 510 441 321
object020 464 485 270 300 480 398 90 355 529 301 24 435 407 431 427 292 378 495 445 438 0 41 424 393 439
object021 475 503 333 343 505 416 136 383 560 368 90 442 460 477 458 333 441 531 503 464 41 0 458 417 466
object022 489 552 317 360 550 437 352 401 566 374 405 158 169 300 450 354 249 545 498 510 424 458 0 106 463
object023 460 480 266 300 485 377 293 376 514 309 346 109 111 232 422 309 204 502 444 441 393 417 106 0 432
object024 110 366 291 313 367 383 327 231 521 206 387 488 456 475 104 170 436 493 328 321 439 466 463 432 0
