(object003:145.49184,((((object013:57.90102,((object015:67.73630,
object014:44.26370):57.71921,((object020:19.80140,(object024:55.63134,
object019:32.36866):9.98506):85.66249,object012:7.00819):30.97100):62.14104):84.96455,
(object011:129.80941,((object018:80.13711,object008:89.86289):49.65197,
object007:76.85736):59.07092):7.44772):80.63635,(((object017:94.39415,
object016:52.60585):79.08487,object009:1.48401):119.80262,
object004:86.03032):40.20289):20.07070,(object001:50.09165,
((object021:79.39537,object006:27.60463):12.31302,(((object023:0.65789,
(object022:95.52606,object010:47.47394):49.03723):62.33625,
object005:79.35906):11.56918,object002:53.65129):66.61598):91.66760):4.18015):58.94513,object000:88.50816);
