(object024:34.72160,(object014:53.54924,(object015:24.27722,
(((object009:1.47505,object007:28.52495):23.14579,(((object019:15.85592,
object018:28.14408):6.31277,object004:56.27069):37.07656,
object001:97.37522):77.75198):34.29483,((((object016:13.22762,
object013:61.77238):86.72637,(object012:73.36832,((object023:27.12487,
object022:78.87513):2.44927,object011:78.53907):8.13482):56.92411):96.73283,
(((object021:45.41453,object020:0.00000):26.57481,object010:0.00000):55.09798,
object006:0.66539):99.55586):17.99031,((((object017:44.37516,
object008:73.62484):92.93767,object005:30.98138):61.89473,
object003:8.92770):50.23593,object002:30.50984):37.38111):59.65688):10.48491):84.40756):21.30557,object000:75.27840);
