0 250 265 138 406 233 260 322 389 539 460 404 497 368 564 544 555 477 325 552 594 270 499 336 588
250 0 287 288 292 255 282 208 275 425 482 290 383 254 450 430 441 363 211 438 480 292 521 358 474
265 287 0 303 443 136 239 359 426 576 363 441 534 405 601 581 592 514 362 589 631 249 402 239 625
138 288 303 0 444 271 298 360 427 577 498 442 535 406 602 582 593 515 363 590 632 308 537 374 626
406 292 443 444 0 411 438 276 343 321 638 358 451 322 518 498 337 259 279 506 548 448 677 514 542
233 255 136 271 411 0 207 327 394 544 251 409 502 373 569 549 560 482 330 557 599 217 290 127 593
260 282 239 298 438 207 0 354 421 571 434 436 529 400 596 576 587 509 357 584 626 102 473 310 620
322 208 359 360 276 327 354 0 155 409 554 210 357 228 424 404 425 347 91 412 454 364 593 430 448
389 275 426 427 343 394 421 155 0 476 621 277 424 295 491 471 492 414 86 479 521 431 660 497 515
539 425 576 577 321 544 571 409 476 0 771 491 584 455 651 631 212 134 412 639 681 581 810 647 675
460 482 363 498 638 251 434 554 621 771 0 636 729 600 796 776 787 709 557 784 826 444 141 160 820
404 290 441 442 358 409 436 210 277 491 636 0 439 310 506 486 507 429 213 494 536 446 675 512 530
497 383 534 535 451 502 529 357 424 584 729 439 0 247 273 253 600 522 360 151 193 539 768 605 187
368 254 405 406 322 373 400 228 295 455 600 310 247 0 314 294 471 393 231 302 344 410 639 476 338
564 450 601 602 518 569 596 424 491 651 796 506 273 314 0 128 667 589 427 328 370 606 835 672 364
544 430 581 582 498 549 576 404 471 631 776 486 253 294 128 0 647 569 407 308 350 586 815 652 344
555 441 592 593 337 560 587 425 492 212 787 507 600 471 667 647 0 114 428 655 697 597 826 663 691
477 363 514 515 259 482 509 347 414 134 709 429 522 393 589 569 114 0 350 577 619 519 748 585 613
325 211 362 363 279 330 357 91 86 412 557 213 360 231 427 407 428 350 0 415 457 367 596 433 451
552 438 589 590 506 557 584 412 479 639 784 494 151 302 328 308 655 577 415 0 52 594 823 660 46
594 480 631 632 548 599 626 454 521 681 826 536 193 344 370 350 697 619 457 52 0 636 865 702 70
270 292 249 308 448 217 102 364 431 581 444 446 539 410 606 586 597 519 367 594 636 0 483 320 630
499 521 402 537 677 290 473 593 660 810 141 675 768 639 835 815 826 748 596 823 865 483 0 199 859
336 358 239 374 514 127 310 430 497 647 160 512 605 476 672 652 663 585 433 660 702 320 199 0 696
588 474 625 626 542 593 620 448 515 675 820 530 187 338 364 344 691 613 451 46 70 630 859 696 0
