0 210 194 101 421 370 398 491 487 503 463 461 538 513 526 461 542 538 496 415 617 589 485 554 554
210 0 336 288 298 258 289 363 359 378 355 339 423 380 396 370 442 417 391 308 489 474 367 454 434
194 336 0 120 536 505 532 626 635 652 592 591 665 625 665 615 671 680 670 537 735 709 626 696 705
101 288 120 0 501 470 494 552 577 583 540 522 596 586 602 570 608 610 608 486 683 683 566 635 640
421 298 536 501 0 209 167 400 415 425 247 293 476 439 355 290 356 352 455 335 535 503 252 378 382
370 258 505 470 209 0 196 390 378 360 261 115 398 376 160 125 199 192 399 282 509 488 283 202 204
398 289 532 494 167 196 0 405 379 421 142 304 453 401 342 283 361 353 458 324 539 498 149 373 377
491 363 626 552 400 390 405 0 306 376 464 449 149 291 516 465 549 525 150 269 384 392 481 537 557
487 359 635 577 415 378 379 306 0 385 474 446 334 193 519 477 547 535 336 279 306 287 465 551 560
503 378 652 583 425 360 421 376 385 0 481 461 424 379 526 500 551 531 393 146 487 473 484 563 578
463 355 592 540 247 261 142 464 474 481 0 326 528 489 413 362 433 427 501 380 591 575 34 429 427
461 339 591 522 293 115 304 449 446 461 326 0 512 456 98 56 230 202 502 393 565 584 356 218 246
538 423 665 596 476 398 453 149 334 424 528 512 0 333 568 510 583 577 150 349 471 417 520 590 611
513 380 625 586 439 376 401 291 193 379 489 456 333 0 530 478 558 526 328 261 187 163 480 560 555
526 396 665 602 355 160 342 516 519 526 413 98 568 530 0 57 291 265 547 446 628 616 422 297 321
461 370 615 570 290 125 283 465 477 500 362 56 510 478 57 0 237 240 499 397 602 579 361 264 267
542 442 671 608 356 199 361 549 547 551 433 230 583 558 291 237 0 275 575 455 661 637 458 310 95
538 417 680 610 352 192 353 525 535 531 427 202 577 526 265 240 275 0 559 449 647 631 430 180 245
496 391 670 608 455 399 458 150 336 393 501 502 150 328 547 499 575 559 0 303 433 419 508 580 568
415 308 537 486 335 282 324 269 279 146 380 393 349 261 446 397 455 449 303 0 404 364 404 461 491
617 489 735 683 535 509 539 384 306 487 591 565 471 187 628 602 661 647 433 404 0 170 594 674 686
589 474 709 683 503 488 498 392 287 473 575 584 417 163 616 579 637 631 419 364 170 0 588 656 644
485 367 626 566 252 283 149 481 465 484 34 356 520 480 422 361 458 430 508 404 594 588 0 462 454
554 454 696 635 378 202 373 537 551 563 429 218 590 560 297 264 310 180 580 461 674 656 462 0 311
554 434 705 640 382 204 377 557 560 578 427 246 611 555 321 267 95 245 568 491 686 644 454 311 0
