0 212 293 420 373 462 355 335 394 599 502 412 267 411 574 528 567 634 474 375 499 483 603 648 641
212 0 319 266 219 308 201 181 240 445 348 258 293 257 420 374 413 480 320 221 345 329 449 494 487
293 319 0 527 480 569 462 442 501 706 609 519 196 518 681 635 674 741 581 482 606 590 710 755 748
420 266 527 0 217 166 313 293 352 303 346 370 501 369 418 372 411 478 432 333 457 441 307 492 485
373 219 480 217 0 259 266 246 305 396 203 323 454 322 275 229 268 335 385 286 410 394 400 349 342
462 308 569 166 259 0 355 335 394 205 388 412 543 411 460 414 453 520 474 375 499 483 209 534 527
355 201 462 313 266 355 0 56 197 492 395 101 436 132 467 421 460 527 163 178 220 204 496 541 534
335 181 442 293 246 335 56 0 177 472 375 113 416 106 447 401 440 507 175 158 194 178 476 521 514
394 240 501 352 305 394 197 177 0 531 434 254 475 253 506 460 499 566 316 41 341 325 535 580 573
599 445 706 303 396 205 492 472 531 0 525 549 680 548 597 551 590 657 611 512 636 620 152 671 664
502 348 609 346 203 388 395 375 434 525 0 452 583 451 118 72 239 306 514 415 539 523 529 320 313
412 258 519 370 323 412 101 113 254 549 452 0 493 189 524 478 517 584 84 235 277 261 553 598 591
267 293 196 501 454 543 436 416 475 680 583 493 0 492 655 609 648 715 555 456 580 564 684 729 722
411 257 518 369 322 411 132 106 253 548 451 189 492 0 523 477 516 583 251 234 182 166 552 597 590
574 420 681 418 275 460 467 447 506 597 118 524 655 523 0 74 311 378 586 487 611 595 601 392 385
528 374 635 372 229 414 421 401 460 551 72 478 609 477 74 0 265 332 540 441 565 549 555 346 339
567 413 674 411 268 453 460 440 499 590 239 517 648 516 311 265 0 203 579 480 604 588 594 217 100
634 480 741 478 335 520 527 507 566 657 306 584 715 583 378 332 203 0 646 547 671 655 661 122 277
474 320 581 432 385 474 163 175 316 611 514 84 555 251 586 540 579 646 0 297 339 323 615 660 653
375 221 482 333 286 375 178 158 41 512 415 235 456 234 487 441 480 547 297 0 322 306 516 561 554
499 345 606 457 410 499 220 194 341 636 539 277 580 182 611 565 604 671 339 322 0 148 640 685 678
483 329 590 441 394 483 204 178 325 620 523 261 564 166 595 549 588 655 323 306 148 0 624 669 662
603 449 710 307 400 209 496 476 535 152 529 553 684 552 601 555 594 661 615 516 640 624 0 675 668
648 494 755 492 349 534 541 521 580 671 320 598 729 597 392 346 217 122 660 561 685 669 675 0 291
641 487 748 485 342 527 534 514 573 664 313 591 722 590 385 339 100 277 653 554 678 662 668 291 0
