(object003:253.45208,(((((object013:55.03103,((object015:33.88167,
object014:58.11833):50.84975,(((object024:69.41716,object020:10.58284):42.15629,
object019:71.93221):76.85745,object012:20.87273):75.16613):39.75256):62.84968,
(object011:186.63591,((object018:56.99385,object008:4.00615):93.69345,
object007:57.58033):35.21036):38.42325):91.30374,(((object017:55.98548,
object016:65.01452):18.53822,object009:86.64862):182.51256,
object004:54.15567):59.99318):67.71751,object001:90.94793):5.05056,
((object021:60.62581,object006:71.37419):5.68221,(((object023:34.70559,
(object022:149.19007,object010:89.80993):41.04769):101.24352,
object005:5.40126):91.88576,object002:87.94743):72.62299):70.78116):57.62152,object000:76.54792);
