(((((object019:4.13516,object008:21.86484):94.80962,((((object021:68.22666,
object020:88.77334):57.22879,object013:50.46640):30.03107,
object007:10.81738):7.05402,((object018:70.91861,object011:9.08139):68.73843,
object006:22.78269):17.68218):38.26440):48.34949,(((((object023:68.39678,
object017:46.60322):81.41225,(object024:91.13615,object016:18.86385):48.35368):86.68638,
((object015:17.69836,object014:73.30164):22.75406,object010:22.33348):63.87999):78.01130,
object004:37.92001):48.65142,(((object022:82.03868,object009:80.96132):87.76437,
object005:32.64097):70.44385,object003:56.93454):72.44284):59.02319):45.77344,
object001:27.78473):96.67778,(object012:80.94252,object002:110.05748):92.00183,object000:87.89245);
