(object003:90.79694,(((((object013:58.48589,((object015:56.04372,
object014:76.95628):96.94380,(((object024:32.75766,object020:53.24234):4.53827,
object019:2.67799):93.56243,object012:48.80418):60.49975):79.63467):81.16569,
(object011:148.90413,((object018:9.57864,object008:81.42136):34.57419,
object007:40.53589):22.60728):25.13213):3.07219,(((object017:14.98503,
object016:88.01497):21.06557,object009:98.08593):132.98355,
object004:95.97612):85.68364):46.80320,object001:62.83783):70.31841,
((object021:51.17831,object006:43.82169):72.36585,(((object023:18.20101,
(object022:85.81256,object010:50.18744):100.76324):95.52680,
object005:8.44729):42.06359,object002:86.81523):33.78756):26.14629):59.54114,object000:53.20306);
