0 283 240 209 177 325 448 288 424 397 318 369 387 496 363
283 0 91 374 342 176 281 453 257 248 483 534 552 329 528
240 91 0 331 299 115 256 410 232 187 440 491 509 304 485
209 374 331 0 84 416 539 195 515 488 187 238 256 587 232
177 342 299 84 0 384 507 123 483 456 193 244 262 555 238
325 176 115 416 384 0 341 495 317 214 525 576 594 389 570
448 281 256 539 507 341 0 618 274 413 648 699 717 346 693
288 453 410 195 123 495 618 0 594 567 304 355 373 666 349
424 257 232 515 483 317 274 594 0 389 624 675 693 124 669
397 248 187 488 456 214 413 567 389 0 597 648 666 461 642
318 483 440 187 193 525 648 304 624 597 0 213 231 696 105
369 534 491 238 244 576 699 355 675 648 213 0 148 747 258
387 552 509 256 262 594 717 373 693 666 231 148 0 765 276
496 329 304 587 555 389 346 666 124 461 696 747 765 0 741
363 528 485 232 238 570 693 349 669 642 105 258 276 741 0
