(((object007:0.00000,object004:0.00000):84.89184,(((object011:92.73104,
object012:74.26896):22.58799,(object014:79.31510,object010:117.68490):73.09341):84.21017,
object003:17.17111):76.32782):99.66627,((((object013:75.07260,
object008:0.00000):28.28658,object006:85.82972):52.31237,
object001:5.10802):34.64125,((object009:101.92127,object005:18.07873):104.14409,
object002:93.72399):61.20743):54.74954,object000:61.48064);
