0 256 181 432 477 446 201 201 523 153 375 578 397 176 170
256 0 207 458 503 472 303 303 549 179 281 604 423 202 272
181 207 0 365 410 379 228 228 456 74 326 511 330 97 197
432 458 365 0 209 372 479 479 255 337 577 504 323 360 448
477 503 410 209 0 417 524 524 102 382 622 549 368 405 493
446 472 379 372 417 0 493 493 463 351 591 226 199 374 462
201 303 228 479 524 493 0 62 570 200 422 625 444 223 39
201 303 228 479 524 493 62 0 570 200 422 625 444 223 39
523 549 456 255 102 463 570 570 0 428 668 595 414 451 539
153 179 74 337 382 351 200 200 428 0 298 483 302 67 169
375 281 326 577 622 591 422 422 668 298 0 723 542 321 391
578 604 511 504 549 226 625 625 595 483 723 0 331 506 594
397 423 330 323 368 199 444 444 414 302 542 331 0 325 413
176 202 97 360 405 374 223 223 451 67 321 506 325 0 192
170 272 197 448 493 462 39 39 539 169 391 594 413 192 0
