((object013:97.19414,object001:27.80586):24.81368,((object012:104.36629,
object007:45.63371):108.10529,((object010:22.15464,object003:84.84536):27.46078,
(object008:42.72169,((((object005:75.97174,object004:29.02826):54.06790,
object009:159.49508):13.10975,(object011:139.05659,(object014:111.49502,
object006:26.50498):87.02967):15.65273):102.16379,object002:20.77068):5.80679):40.68028):41.62331):27.30192,object000:14.64258);
