     15
object000 0 136 263 266 211 362 362 332 232 375 512 379 413 330 565
object001 136 0 204 262 310 207 132 379 147 373 583 509 430 126 500
object002 263 204 0 383 391 210 467 438 213 313 681 595 484 472 699
object003 266 262 383 0 167 394 393 229 414 484 355 210 236 448 209
object004 211 310 391 167 0 423 299 -8 249 513 358 283 371 466 320
object005 362 207 210 394 423 0 475 519 262 120 679 568 563 419 625
object006 362 132 467 393 299 475 0 615 107 368 714 708 575 219 695
object007 332 379 438 229 -8 519 615 0 425 487 601 429 404 529 485
object008 232 147 213 414 249 262 107 425 0 365 690 568 508 72 577
object009 375 373 313 484 513 120 368 487 365 0 765 692 692 493 849
object010 512 583 681 355 358 679 714 601 690 765 0 353 234 664 197
object011 379 509 595 210 283 568 708 429 568 692 353 0 167 670 301
object012 413 430 484 236 371 563 575 404 508 692 234 167 0 673 266
object013 330 126 472 448 466 419 219 529 72 493 664 670 673 0 787
object014 565 500 699 209 320 625 695 485 577 849 197 301 266 787 0
