((object008:4.80335,((object013:103.65048,object012:99.34952):82.55113,
object004:87.43913):53.89856):99.81747,((((object007:80.03744,
object003:39.96256):44.95296,((object006:97.44338,object005:109.55662):45.32556,
((object014:0.00000,object009:16.59199):132.68105,object001:0.00000):49.76134):69.58269):24.04739,
object010:208.74842):13.94916,(object011:80.43115,object002:83.56885):31.70491):75.72539,object000:67.72964);
