0 324 90 250 146 175 134 222 143 45 12 216 282 212 166 179 61 127 89
324 0 206 184 338 242 298 309 329 371 218 214 -2 202 231 316 214 216 183
90 206 0 253 92 150 189 160 74 106 157 87 198 -19 54 176 26 1 114
250 184 253 0 226 118 308 289 218 310 278 189 110 234 120 206 266 152 82
146 338 92 226 0 101 65 118 145 323 179 61 191 63 100 67 87 41 183
175 242 150 118 101 0 136 189 124 151 103 155 125 101 115 101 22 -88 44
134 298 189 308 65 136 0 146 88 166 174 137 220 113 14 36 19 152 136
222 309 160 289 118 189 146 0 173 234 281 56 311 118 187 120 118 178 76
143 329 74 218 145 124 88 173 0 137 271 4 270 22 121 17 134 84 209
45 371 106 310 323 151 166 234 137 0 -11 255 235 167 143 149 123 94 226
12 218 157 278 179 103 174 281 271 -11 0 197 264 72 129 179 95 108 58
216 214 87 189 61 155 137 56 4 255 197 0 147 -43 91 26 105 117 82
282 -2 198 110 191 125 220 311 270 235 264 147 0 191 67 156 132 125 142
212 202 -19 234 63 101 113 118 22 167 72 -43 191 0 17 -21 95 88 43
166 231 54 120 100 115 14 187 121 143 129 91 67 17 0 65 69 17 72
179 316 176 206 67 101 36 120 17 149 179 26 156 -21 65 0 112 38 39
61 214 26 266 87 22 19 118 134 123 95 105 132 95 69 112 0 -63 114
127 216 1 152 41 -88 152 178 84 94 108 117 125 88 17 38 -63 0 1
89 183 114 82 183 44 136 76 209 226 58 82 142 43 72 39 114 1 0
