0 231 239 200 384 394 418 339 149 64 422 107 174 203 54 239 299 159 158
231 0 71 118 237 266 56 339 215 215 242 269 204 80 74 81 116 200 138
239 71 0 86 151 93 152 118 249 185 137 142 -26 59 33 32 20 106 141
200 118 86 0 221 206 116 217 127 164 60 102 133 -64 9 99 62 -11 138
384 237 151 221 0 253 260 321 261 232 46 268 132 98 91 208 111 162 172
394 266 93 206 253 0 312 206 289 305 65 260 71 198 149 228 232 253 351
418 56 152 116 260 312 0 329 269 279 157 234 125 95 71 109 45 161 239
339 339 118 217 321 206 329 0 358 299 102 290 128 211 142 257 204 284 312
149 215 249 127 261 289 269 358 0 145 143 228 157 116 147 174 73 -14 20
64 215 185 164 232 305 279 299 145 0 205 -12 149 143 111 183 76 128 97
422 242 137 60 46 65 157 102 143 205 0 256 49 44 88 119 29 223 290
107 269 142 102 268 260 234 290 228 -12 256 0 131 124 203 106 66 76 96
174 204 -26 133 132 71 125 128 157 149 49 131 0 -15 47 189 18 111 111
203 80 59 -64 98 198 95 211 116 143 44 124 -15 0 76 133 -31 46 144
54 74 33 9 91 149 71 142 147 111 88 203 47 76 0 99 -22 16 113
239 81 32 99 208 228 109 257 174 183 119 106 189 133 99 0 46 96 174
299 116 20 62 111 232 45 204 73 76 29 66 18 -31 -22 46 0 123 137
159 200 106 -11 162 253 161 284 -14 128 223 76 111 46 16 96 123 0 14
158 138 141 138 172 351 239 312 20 97 290 96 111 144 113 174 137 14 0
