0 148 500 514 465 263 447 173 511 371 380 501 110 414 373 346 207 125 174
148 0 560 554 463 264 517 172 540 374 453 483 151 423 352 304 339 122 207
500 560 0 -76 156 345 158 551 140 241 60 -2 403 92 127 93 307 444 323
514 554 -76 0 59 382 343 598 183 277 54 76 469 118 218 197 212 389 343
465 463 156 59 0 215 119 439 189 144 23 30 362 -13 85 127 197 256 214
263 264 345 382 215 0 182 264 200 147 208 370 221 135 85 126 -6 169 133
447 517 158 343 119 182 0 509 213 246 -18 130 456 145 90 147 290 471 297
173 172 551 598 439 264 509 0 553 455 413 630 59 473 386 293 272 148 229
511 540 140 183 189 200 213 553 0 256 137 156 437 101 124 141 271 414 418
371 374 241 277 144 147 246 455 256 0 142 301 261 229 120 127 48 212 171
380 453 60 54 23 208 -18 413 137 142 0 53 348 98 -27 20 107 341 105
501 483 -2 76 30 370 130 630 156 301 53 0 425 69 100 219 221 549 393
110 151 403 469 362 221 456 59 437 261 348 425 0 414 263 209 226 67 32
414 423 92 118 -13 135 145 473 101 229 98 69 414 0 29 71 204 328 239
373 352 127 218 85 85 90 386 124 120 -27 100 263 29 0 56 119 463 242
346 304 93 197 127 126 147 293 141 127 20 219 209 71 56 0 -13 303 137
207 339 307 212 197 -6 290 272 271 48 107 221 226 204 119 -13 0 190 125
125 122 444 389 256 169 471 148 414 212 341 549 67 328 463 303 190 0 -14
174 207 323 343 214 133 297 229 418 171 105 393 32 239 242 137 125 -14 0
