0 431 117 403 184 149 240 164 137 357 54 50 21 93 386 290 129 234 206
431 0 506 62 429 538 203 337 526 208 443 439 410 338 45 141 302 197 225
117 506 0 478 259 158 315 239 154 432 63 67 96 168 461 365 204 309 281
403 62 478 0 401 510 175 309 498 180 415 411 382 310 17 113 274 169 197
184 429 259 401 0 291 238 162 279 355 196 192 163 91 384 288 127 232 204
149 538 158 510 291 0 347 271 186 464 95 99 128 200 493 397 236 341 313
240 203 315 175 238 347 0 146 335 129 252 248 219 147 158 62 111 6 34
164 337 239 309 162 271 146 0 259 263 176 172 143 71 292 196 35 140 112
137 526 154 498 279 186 335 259 0 452 91 87 116 188 481 385 224 329 301
357 208 432 180 355 464 129 263 452 0 369 365 336 264 163 67 228 123 151
54 443 63 415 196 95 252 176 91 369 0 4 33 105 398 302 141 246 218
50 439 67 411 192 99 248 172 87 365 4 0 29 101 394 298 137 242 214
21 410 96 382 163 128 219 143 116 336 33 29 0 72 365 269 108 213 185
93 338 168 310 91 200 147 71 188 264 105 101 72 0 293 197 36 141 113
386 45 461 17 384 493 158 292 481 163 398 394 365 293 0 96 257 152 180
290 141 365 113 288 397 62 196 385 67 302 298 269 197 96 0 161 56 84
129 302 204 274 127 236 111 35 224 228 141 137 108 36 257 161 0 105 77
234 197 309 169 232 341 6 140 329 123 246 242 213 141 152 56 105 0 28
206 225 281 197 204 313 34 112 301 151 218 214 185 113 180 84 77 28 0
