0 279 128 312 183 184 189 149 335 288 214 93 261 69 91 89 180 106 166
279 0 269 379 102 285 290 250 402 139 65 194 328 210 192 190 99 173 233
128 269 0 302 173 174 179 139 325 278 204 83 251 59 81 79 170 96 156
312 379 302 0 283 318 323 283 125 388 314 227 51 243 225 223 280 206 146
183 102 173 283 0 189 194 154 306 111 37 98 232 114 96 94 3 77 137
184 285 174 318 189 0 191 147 341 294 220 91 267 115 93 95 186 112 172
189 290 179 323 194 191 0 156 346 299 225 100 272 120 98 100 191 117 177
149 250 139 283 154 147 156 0 306 259 185 56 232 80 58 60 151 77 137
335 402 325 125 306 341 346 306 0 411 337 250 74 266 248 246 303 229 169
288 139 278 388 111 294 299 259 411 0 74 203 337 219 201 199 108 182 242
214 65 204 314 37 220 225 185 337 74 0 129 263 145 127 125 34 108 168
93 194 83 227 98 91 100 56 250 203 129 0 176 24 2 4 95 21 81
261 328 251 51 232 267 272 232 74 337 263 176 0 192 174 172 229 155 95
69 210 59 243 114 115 120 80 266 219 145 24 192 0 22 20 111 37 97
91 192 81 225 96 93 98 58 248 201 127 2 174 22 0 2 93 19 79
89 190 79 223 94 95 100 60 246 199 125 4 172 20 2 0 91 17 77
180 99 170 280 3 186 191 151 303 108 34 95 229 111 93 91 0 74 134
106 173 96 206 77 112 117 77 229 182 108 21 155 37 19 17 74 0 60
166 233 156 146 137 172 177 137 169 242 168 81 95 97 79 77 134 60 0
