0 311 326 398 212 231 247 341 199 248 83 155 92 280 242 139 55 72 0
311 0 381 402 152 236 248 12 223 163 163 332 165 -15 26 195 142 268 264
326 381 0 180 189 341 261 346 305 287 132 22 186 353 254 232 204 199 297
398 402 180 0 326 267 425 392 182 234 202 191 190 289 339 290 173 202 303
212 152 189 326 0 161 138 153 184 175 101 206 93 137 119 92 147 130 163
231 236 341 267 161 0 138 209 241 128 102 149 95 236 72 -33 155 128 187
247 248 261 425 138 138 0 209 94 187 32 261 200 271 180 67 175 34 260
341 12 346 392 153 209 209 0 210 200 163 224 53 -18 100 106 88 125 307
199 223 305 182 184 241 94 210 0 159 39 190 136 62 100 73 34 133 148
248 163 287 234 175 128 187 200 159 0 132 280 19 276 133 61 19 63 168
83 163 132 202 101 102 32 163 39 132 0 140 95 118 29 -77 100 -20 96
155 332 22 191 206 149 261 224 190 280 140 0 80 272 143 193 149 89 173
92 165 186 190 93 95 200 53 136 19 95 80 0 159 77 83 14 -22 29
280 -15 353 289 137 236 271 -18 62 276 118 272 159 0 156 203 155 87 276
242 26 254 339 119 72 180 100 100 133 29 143 77 156 0 175 78 40 24
139 195 232 290 92 -33 67 106 73 61 -77 193 83 203 175 0 -36 37 51
55 142 204 173 147 155 175 88 34 19 100 149 14 155 78 -36 0 40 96
72 268 199 202 130 128 34 125 133 63 -20 89 -22 87 40 37 40 0 113
0 264 297 303 163 187 260 307 148 168 96 173 29 276 24 51 96 113 0
