0 308 156 320 277 282 119 292 14 192 265 305 40 148 71 61 116 211 118
308 0 188 367 238 119 127 266 240 70 266 90 153 79 157 126 132 47 -31
156 188 0 220 177 241 156 226 142 190 164 204 92 127 38 -2 199 112 226
320 367 220 0 200 434 212 154 258 230 92 410 352 171 251 320 239 311 310
277 238 177 200 0 360 163 177 176 221 32 197 170 41 177 149 169 248 148
282 119 241 434 360 0 326 393 337 138 349 31 197 316 280 292 153 146 192
119 127 156 212 163 326 0 148 107 103 135 220 -63 54 46 -4 55 40 141
292 266 226 154 177 393 148 0 204 282 25 274 329 72 133 205 228 221 220
14 240 142 258 176 337 107 204 0 216 98 196 65 183 46 123 81 162 229
192 70 190 230 221 138 103 282 216 0 198 102 134 109 158 140 64 73 7
265 266 164 92 32 349 135 25 98 198 0 123 180 71 122 168 128 173 292
305 90 204 410 197 31 220 274 196 102 123 0 178 203 161 98 140 36 -91
40 153 92 352 170 197 -63 329 65 134 180 178 0 139 6 54 116 85 131
148 79 127 171 41 316 54 72 183 109 71 203 139 0 61 73 57 130 188
71 157 38 251 177 280 46 133 46 158 122 161 6 61 0 99 -32 -5 21
61 126 -2 320 149 292 -4 205 123 140 168 98 54 73 99 0 -57 95 219
116 132 199 239 169 153 55 228 81 64 128 140 116 57 -32 -57 0 133 136
211 47 112 311 248 146 40 221 162 73 173 36 85 130 -5 95 133 0 -38
118 -31 226 310 148 192 141 220 229 7 292 -91 131 188 21 219 136 -38 0
