0 74 298 284 369 265 275 256 208 352 50 279 257 258 218 183 115 117 141
74 0 272 258 343 239 249 230 182 326 24 253 231 232 192 157 89 91 115
298 272 0 66 151 333 343 188 276 420 248 61 325 40 286 115 183 185 209
284 258 66 0 95 319 329 174 262 406 234 5 311 26 272 101 169 171 195
369 343 151 95 0 404 414 259 347 491 319 90 396 111 357 186 254 256 280
265 239 333 319 404 0 104 291 239 181 215 314 86 293 47 218 150 148 124
275 249 343 329 414 104 0 301 249 113 225 324 18 303 57 228 160 158 134
256 230 188 174 259 291 301 0 234 378 206 169 283 148 244 73 141 143 167
208 182 276 262 347 239 249 234 0 326 158 257 231 236 192 161 93 91 115
352 326 420 406 491 181 113 378 326 0 302 401 95 380 134 305 237 235 211
50 24 248 234 319 215 225 206 158 302 0 229 207 208 168 133 65 67 91
279 253 61 5 90 314 324 169 257 401 229 0 306 21 267 96 164 166 190
257 231 325 311 396 86 18 283 231 95 207 306 0 285 39 210 142 140 116
258 232 40 26 111 293 303 148 236 380 208 21 285 0 246 75 143 145 169
218 192 286 272 357 47 57 244 192 134 168 267 39 246 0 171 103 101 77
183 157 115 101 186 218 228 73 161 305 133 96 210 75 171 0 68 70 94
115 89 183 169 254 150 160 141 93 237 65 164 142 143 103 68 0 2 26
117 91 185 171 256 148 158 143 91 235 67 166 140 145 101 70 2 0 24
141 115 209 195 280 124 134 167 115 211 91 190 116 169 77 94 26 24 0
