0 241 261 327 327 207 217 83 205 210 179 230 143 30 122 54 190 147 141
241 0 208 460 460 154 350 264 338 71 126 363 276 211 255 187 51 94 100
261 208 0 480 480 110 370 284 358 177 82 383 296 231 275 207 157 114 120
327 460 480 0 194 426 258 350 288 429 398 97 184 297 205 273 409 366 360
327 460 480 194 0 426 258 350 288 429 398 97 184 297 205 273 409 366 360
207 154 110 426 426 0 316 230 304 123 28 329 242 177 221 153 103 60 66
217 350 370 258 258 316 0 240 178 319 288 161 74 187 95 163 299 256 250
83 264 284 350 350 230 240 0 228 233 202 253 166 53 145 77 213 170 164
205 338 358 288 288 304 178 228 0 307 276 191 104 175 83 151 287 244 238
210 71 177 429 429 123 319 233 307 0 95 332 245 180 224 156 20 63 69
179 126 82 398 398 28 288 202 276 95 0 301 214 149 193 125 75 32 38
230 363 383 97 97 329 161 253 191 332 301 0 87 200 108 176 312 269 263
143 276 296 184 184 242 74 166 104 245 214 87 0 113 21 89 225 182 176
30 211 231 297 297 177 187 53 175 180 149 200 113 0 92 24 160 117 111
122 255 275 205 205 221 95 145 83 224 193 108 21 92 0 68 204 161 155
54 187 207 273 273 153 163 77 151 156 125 176 89 24 68 0 136 93 87
190 51 157 409 409 103 299 213 287 20 75 312 225 160 204 136 0 43 49
147 94 114 366 366 60 256 170 244 63 32 269 182 117 161 93 43 0 6
141 100 120 360 360 66 250 164 238 69 38 263 176 111 155 87 49 6 0
