0 372 67 334 420 333 289 292 53 158 406 -34 339 252 135 231 162 221 189
372 0 532 493 249 427 309 223 606 369 383 463 36 165 274 235 294 270 287
67 532 0 205 376 278 234 339 233 231 236 33 394 226 45 198 128 107 161
334 493 205 0 416 8 244 447 374 183 81 305 411 342 342 185 156 178 -9
420 249 376 416 0 358 314 227 469 341 434 463 62 127 452 157 197 234 379
333 427 278 8 358 0 333 323 330 198 43 271 346 258 243 119 132 63 -31
289 309 234 244 314 333 0 230 291 181 284 282 169 204 208 58 30 198 127
292 223 339 447 227 323 230 0 489 299 405 263 75 95 240 112 306 246 269
53 606 233 374 469 330 291 489 0 280 372 31 446 427 156 328 281 266 296
158 369 231 183 341 198 181 299 280 0 152 249 299 175 171 141 141 230 145
406 383 236 81 434 43 284 405 372 152 0 272 251 184 280 132 182 210 -30
-34 463 33 305 463 271 282 263 31 249 272 0 354 278 87 177 230 162 240
339 36 394 411 62 346 169 75 446 299 251 354 0 86 336 239 170 127 190
252 165 226 342 127 258 204 95 427 175 184 278 86 0 306 136 169 41 256
135 274 45 342 452 243 208 240 156 171 280 87 336 306 0 142 133 126 236
231 235 198 185 157 119 58 112 328 141 132 177 239 136 142 0 79 24 146
162 294 128 156 197 132 30 306 281 141 182 230 170 169 133 79 0 46 12
221 270 107 178 234 63 198 246 266 230 210 162 127 41 126 24 46 0 80
189 287 161 -9 379 -31 127 269 296 145 -30 240 190 256 236 146 12 80 0
