0 381 331 278 421 401 297 392 356 400 371 350 305 198 312 298 239 166 77
381 0 234 327 324 304 346 295 259 171 274 253 76 247 215 201 142 215 304
331 234 0 277 156 136 296 127 91 253 106 85 158 197 47 33 92 165 254
278 327 277 0 367 347 179 338 302 346 317 296 251 80 258 244 185 112 201
421 324 156 367 0 80 386 189 77 343 50 71 248 287 109 123 182 255 344
401 304 136 347 80 0 366 169 57 323 30 51 228 267 89 103 162 235 324
297 346 296 179 386 366 0 357 321 365 336 315 270 99 277 263 204 131 220
392 295 127 338 189 169 357 0 124 314 139 118 219 258 80 94 153 226 315
356 259 91 302 77 57 321 124 0 278 27 6 183 222 44 58 117 190 279
400 171 253 346 343 323 365 314 278 0 293 272 95 266 234 220 161 234 323
371 274 106 317 50 30 336 139 27 293 0 21 198 237 59 73 132 205 294
350 253 85 296 71 51 315 118 6 272 21 0 177 216 38 52 111 184 273
305 76 158 251 248 228 270 219 183 95 198 177 0 171 139 125 66 139 228
198 247 197 80 287 267 99 258 222 266 237 216 171 0 178 164 105 32 121
312 215 47 258 109 89 277 80 44 234 59 38 139 178 0 14 73 146 235
298 201 33 244 123 103 263 94 58 220 73 52 125 164 14 0 59 132 221
239 142 92 185 182 162 204 153 117 161 132 111 66 105 73 59 0 73 162
166 215 165 112 255 235 131 226 190 234 205 184 139 32 146 132 73 0 89
77 304 254 201 344 324 220 315 279 323 294 273 228 121 235 221 162 89 0
