0 198 280 180 289 218 338 380 225 333 284 275 301 108 64 203 71 48 167
198 0 155 256 214 251 73 265 271 323 177 254 148 161 216 314 65 265 192
280 155 0 350 107 287 345 463 244 292 -38 273 318 137 201 320 107 77 224
180 256 350 0 321 123 373 493 226 335 190 410 294 277 107 109 111 176 57
289 214 107 321 0 381 298 356 247 323 37 322 264 170 252 228 194 153 220
218 251 287 123 381 0 393 522 112 391 207 414 369 247 172 11 145 213 65
338 73 345 373 298 393 0 179 319 169 361 91 -4 134 253 293 260 342 299
380 265 463 493 356 522 179 0 441 90 318 15 -2 268 410 419 270 370 344
225 271 244 226 247 112 319 441 0 478 285 459 308 273 192 -10 235 97 159
333 323 292 335 323 391 169 90 478 0 407 49 58 161 517 396 255 409 315
284 177 -38 190 37 207 361 318 285 407 0 258 187 129 326 299 48 48 98
275 254 273 410 322 414 91 15 459 49 258 0 92 200 321 398 164 338 351
301 148 318 294 264 369 -4 -2 308 58 187 92 0 36 278 265 67 216 223
108 161 137 277 170 247 134 268 273 161 129 200 36 0 177 283 79 199 182
64 216 201 107 252 172 253 410 192 517 326 321 278 177 0 5 -9 -35 -4
203 314 320 109 228 11 293 419 -10 396 299 398 265 283 5 0 193 74 27
71 65 107 111 194 145 260 270 235 255 48 164 67 79 -9 193 0 75 128
48 265 77 176 153 213 342 370 97 409 48 338 216 199 -35 74 75 0 30
167 192 224 57 220 65 299 344 159 315 98 351 223 182 -4 27 128 30 0
