0 182 298 372 440 343 251 560 547 103 392 490 224 104 402 307 261 174 278
182 0 56 199 230 281 207 374 427 164 310 263 -31 53 210 301 98 43 77
298 56 0 298 271 315 264 453 437 261 257 309 27 173 346 300 158 138 100
372 199 298 0 79 193 205 358 269 439 -22 210 142 412 130 107 179 289 290
440 230 271 79 0 99 248 253 321 393 -50 256 267 319 187 149 195 302 202
343 281 315 193 99 0 219 258 158 400 144 70 220 311 41 51 133 251 161
251 207 264 205 248 219 0 318 338 386 182 235 97 281 202 87 -11 188 58
560 374 453 358 253 258 318 0 226 503 214 99 393 486 273 188 305 374 343
547 427 437 269 321 158 338 226 0 527 201 45 324 437 100 227 265 337 290
103 164 261 439 393 400 386 503 527 0 361 479 179 -10 364 330 151 84 186
392 310 257 -22 -50 144 182 214 201 361 0 216 237 336 57 25 84 213 162
490 263 309 210 256 70 235 99 45 479 216 0 202 284 95 84 144 291 142
224 -31 27 142 267 220 97 393 324 179 237 202 0 66 228 173 43 -45 34
104 53 173 412 319 311 281 486 437 -10 336 284 66 0 176 231 175 98 187
402 210 346 130 187 41 202 273 100 364 57 95 228 176 0 55 101 146 202
307 301 300 107 149 51 87 188 227 330 25 84 173 231 55 0 131 178 58
261 98 158 179 195 133 -11 305 265 151 84 144 43 175 101 131 0 117 45
174 43 138 289 302 251 188 374 337 84 213 291 -45 98 146 178 117 0 -15
278 77 100 290 202 161 58 343 290 186 162 142 34 187 202 58 45 -15 0
