0 454 398 423 488 149 259 204 219 271 196 414 135 387 92 176 240 342 261
454 0 168 103 114 419 233 474 321 373 298 40 405 67 362 278 214 112 193
398 168 0 137 202 363 177 418 265 317 242 128 349 101 306 222 158 56 137
423 103 137 0 137 388 202 443 290 342 267 63 374 36 331 247 183 81 162
488 114 202 137 0 453 267 508 355 407 332 74 439 101 396 312 248 146 227
149 419 363 388 453 0 224 83 184 236 161 379 14 352 57 141 205 307 226
259 233 177 202 267 224 0 279 126 178 103 193 210 166 167 83 19 121 40
204 474 418 443 508 83 279 0 239 291 216 434 69 407 112 196 260 362 281
219 321 265 290 355 184 126 239 0 98 23 281 170 254 127 43 107 209 128
271 373 317 342 407 236 178 291 98 0 75 333 222 306 179 95 159 261 180
196 298 242 267 332 161 103 216 23 75 0 258 147 231 104 20 84 186 105
414 40 128 63 74 379 193 434 281 333 258 0 365 27 322 238 174 72 153
135 405 349 374 439 14 210 69 170 222 147 365 0 338 43 127 191 293 212
387 67 101 36 101 352 166 407 254 306 231 27 338 0 295 211 147 45 126
92 362 306 331 396 57 167 112 127 179 104 322 43 295 0 84 148 250 169
176 278 222 247 312 141 83 196 43 95 20 238 127 211 84 0 64 166 85
240 214 158 183 248 205 19 260 107 159 84 174 191 147 148 64 0 102 21
342 112 56 81 146 307 121 362 209 261 186 72 293 45 250 166 102 0 81
261 193 137 162 227 226 40 281 128 180 105 153 212 126 169 85 21 81 0
