0 115 183 227 255 342 429 206 172 421 45 156 371 155 291 138 115 146 237
115 0 208 252 280 367 454 231 197 446 70 181 396 180 316 163 140 171 262
183 208 0 100 128 295 382 113 125 374 138 29 324 28 244 45 68 99 190
227 252 100 0 170 339 426 157 169 418 182 71 368 72 288 89 112 143 234
255 280 128 170 0 367 454 185 197 446 210 99 396 100 316 117 140 171 262
342 367 295 339 367 0 189 318 222 181 297 268 131 267 51 250 227 196 105
429 454 382 426 454 189 0 405 309 108 384 355 58 354 138 337 314 283 192
206 231 113 157 185 318 405 0 148 397 161 86 347 85 267 68 91 122 213
172 197 125 169 197 222 309 148 0 301 127 98 251 97 171 80 57 26 117
421 446 374 418 446 181 108 397 301 0 376 347 50 346 130 329 306 275 184
45 70 138 182 210 297 384 161 127 376 0 111 326 110 246 93 70 101 192
156 181 29 71 99 268 355 86 98 347 111 0 297 1 217 18 41 72 163
371 396 324 368 396 131 58 347 251 50 326 297 0 296 80 279 256 225 134
155 180 28 72 100 267 354 85 97 346 110 1 296 0 216 17 40 71 162
291 316 244 288 316 51 138 267 171 130 246 217 80 216 0 199 176 145 54
138 163 45 89 117 250 337 68 80 329 93 18 279 17 199 0 23 54 145
115 140 68 112 140 227 314 91 57 306 70 41 256 40 176 23 0 31 122
146 171 99 143 171 196 283 122 26 275 101 72 225 71 145 54 31 0 91
237 262 190 234 262 105 192 213 117 184 192 163 134 162 54 145 122 91 0
