0 219 214 42 330 365 276 357 397 350 301 8 320 228 260 194 186 172 80
219 0 89 245 161 196 107 232 272 225 176 211 151 59 135 25 61 47 139
214 89 0 240 200 235 146 199 239 192 143 206 190 98 102 64 28 42 134
42 245 240 0 356 391 302 383 423 376 327 34 346 254 286 220 212 198 106
330 161 200 356 0 55 150 343 383 336 287 322 10 102 246 136 172 158 250
365 196 235 391 55 0 185 378 418 371 322 357 45 137 281 171 207 193 285
276 107 146 302 150 185 0 289 329 282 233 268 140 48 192 82 118 104 196
357 232 199 383 343 378 289 0 234 187 138 349 333 241 97 207 171 185 277
397 272 239 423 383 418 329 234 0 145 96 389 373 281 137 247 211 225 317
350 225 192 376 336 371 282 187 145 0 49 342 326 234 90 200 164 178 270
301 176 143 327 287 322 233 138 96 49 0 293 277 185 41 151 115 129 221
8 211 206 34 322 357 268 349 389 342 293 0 312 220 252 186 178 164 72
320 151 190 346 10 45 140 333 373 326 277 312 0 92 236 126 162 148 240
228 59 98 254 102 137 48 241 281 234 185 220 92 0 144 34 70 56 148
260 135 102 286 246 281 192 97 137 90 41 252 236 144 0 110 74 88 180
194 25 64 220 136 171 82 207 247 200 151 186 126 34 110 0 36 22 114
186 61 28 212 172 207 118 171 211 164 115 178 162 70 74 36 0 14 106
172 47 42 198 158 193 104 185 225 178 129 164 148 56 88 22 14 0 92
80 139 134 106 250 285 196 277 317 270 221 72 240 148 180 114 106 92 0
