0 184 168 278 235 239 251 406 278 232 183 342 161 85 188 64 267 146 95
184 0 183 391 246 209 313 281 249 232 292 167 348 96 -12 165 215 209 245
168 183 0 261 213 124 204 302 276 214 155 280 136 42 92 104 170 114 113
278 391 261 0 49 157 107 536 226 475 48 500 142 210 210 169 4 259 48
235 246 213 49 0 135 52 360 141 278 -27 263 111 141 214 141 44 54 142
239 209 124 157 135 0 99 383 59 323 87 360 3 116 228 160 57 94 1
251 313 204 107 52 99 0 393 163 435 102 370 62 170 306 168 102 87 41
406 281 302 536 360 383 393 0 398 57 393 125 307 325 173 249 409 263 303
278 249 276 226 141 59 163 398 0 398 110 317 52 156 262 124 122 53 65
232 232 214 475 278 323 435 57 398 0 275 96 379 221 106 218 315 286 332
183 292 155 48 -27 87 102 393 110 275 0 239 149 95 220 161 -27 42 51
342 167 280 500 263 360 370 125 317 96 239 0 330 206 88 141 244 315 253
161 348 136 142 111 3 62 307 52 379 149 330 0 117 188 182 -5 44 48
85 96 42 210 141 116 170 325 156 221 95 206 117 0 156 45 179 127 169
188 -12 92 210 214 228 306 173 262 106 220 88 188 156 0 131 203 134 252
64 165 104 169 141 160 168 249 124 218 161 141 182 45 131 0 88 75 61
267 215 170 4 44 57 102 409 122 315 -27 244 -5 179 203 88 0 7 20
146 209 114 259 54 94 87 263 53 286 42 315 44 127 134 75 7 0 71
95 245 113 48 142 1 41 303 65 332 51 253 48 169 252 61 20 71 0
