0 440 79 331 437 331 205 195 128 178 330 39 395 305 64 108 100 160 228
440 0 391 161 87 161 445 435 490 298 160 401 45 135 376 348 340 280 212
79 391 0 282 388 282 156 146 129 129 281 40 346 256 15 59 51 111 179
331 161 282 0 158 2 336 326 381 189 1 292 116 26 267 239 231 171 103
437 87 388 158 0 158 442 432 487 295 157 398 42 132 373 345 337 277 209
331 161 282 2 158 0 336 326 381 189 1 292 116 26 267 239 231 171 103
205 445 156 336 442 336 0 184 255 183 335 166 400 310 141 97 105 165 233
195 435 146 326 432 326 184 0 245 173 325 156 390 300 131 87 95 155 223
128 490 129 381 487 381 255 245 0 228 380 89 445 355 114 158 150 210 278
178 298 129 189 295 189 183 173 228 0 188 139 253 163 114 86 78 18 86
330 160 281 1 157 1 335 325 380 188 0 291 115 25 266 238 230 170 102
39 401 40 292 398 292 166 156 89 139 291 0 356 266 25 69 61 121 189
395 45 346 116 42 116 400 390 445 253 115 356 0 90 331 303 295 235 167
305 135 256 26 132 26 310 300 355 163 25 266 90 0 241 213 205 145 77
64 376 15 267 373 267 141 131 114 114 266 25 331 241 0 44 36 96 164
108 348 59 239 345 239 97 87 158 86 238 69 303 213 44 0 8 68 136
100 340 51 231 337 231 105 95 150 78 230 61 295 205 36 8 0 60 128
160 280 111 171 277 171 165 155 210 18 170 121 235 145 96 68 60 0 68
228 212 179 103 209 103 233 223 278 86 102 189 167 77 164 136 128 68 0
