0 354 136 300 228 224 220 385 244 392 79 222 186 149 255 191 199 348 250
354 0 332 144 284 196 276 341 300 348 275 278 242 205 99 163 155 304 206
136 332 0 278 206 202 198 363 222 370 57 200 164 127 233 169 177 326 228
300 144 278 0 230 142 222 287 246 294 221 224 188 151 45 109 101 250 152
228 284 206 230 0 154 76 315 28 322 149 6 42 79 185 121 129 278 180
224 196 202 142 154 0 146 227 170 234 145 148 112 75 97 33 41 190 92
220 276 198 222 76 146 0 307 92 314 141 70 34 71 177 113 121 270 172
385 341 363 287 315 227 307 0 331 81 306 309 273 236 242 194 186 37 135
244 300 222 246 28 170 92 331 0 338 165 22 58 95 201 137 145 294 196
392 348 370 294 322 234 314 81 338 0 313 316 280 243 249 201 193 44 142
79 275 57 221 149 145 141 306 165 313 0 143 107 70 176 112 120 269 171
222 278 200 224 6 148 70 309 22 316 143 0 36 73 179 115 123 272 174
186 242 164 188 42 112 34 273 58 280 107 36 0 37 143 79 87 236 138
149 205 127 151 79 75 71 236 95 243 70 73 37 0 106 42 50 199 101
255 99 233 45 185 97 177 242 201 249 176 179 143 106 0 64 56 205 107
191 163 169 109 121 33 113 194 137 201 112 115 79 42 64 0 8 157 59
199 155 177 101 129 41 121 186 145 193 120 123 87 50 56 8 0 149 51
348 304 326 250 278 190 270 37 294 44 269 272 236 199 205 157 149 0 98
250 206 228 152 180 92 172 135 196 142 171 174 138 101 107 59 51 98 0
