     19
object000 0 280 383 179 260 401 185 49 509 400 157 293 -18 290 140 109 451 271 142
object001 280 0 457 431 315 369 163 388 473 520 265 460 308 330 194 163 350 258 169
object002 383 457 0 621 257 137 459 528 184 271 646 61 348 105 327 316 161 250 251
object003 179 431 621 0 485 533 382 161 664 632 138 626 151 559 368 298 460 405 334
object004 260 315 257 485 0 102 363 442 340 264 383 207 394 200 263 219 162 141 143
object005 401 369 137 533 102 0 457 456 140 144 427 93 459 75 309 280 104 124 198
object006 185 163 459 382 363 457 0 357 580 458 306 305 185 361 43 102 300 367 182
object007 49 388 528 161 442 456 357 0 534 528 -59 559 116 374 197 230 399 467 246
object008 509 473 184 664 340 140 580 534 0 152 628 114 493 109 344 334 179 284 271
object009 400 520 271 632 264 144 458 528 152 0 579 -33 464 74 366 374 222 313 250
object010 157 265 646 138 383 427 306 -59 628 579 0 431 60 423 286 301 352 300 252
object011 293 460 61 626 207 93 305 559 114 -33 431 0 415 107 374 277 111 191 203
object012 -18 308 348 151 394 459 185 116 493 464 60 415 0 272 83 68 282 251 171
object013 290 330 105 559 200 75 361 374 109 74 423 107 272 0 293 243 102 116 171
object014 140 194 327 368 263 309 43 197 344 366 286 374 83 293 0 -37 218 231 -9
object015 109 163 316 298 219 280 102 230 334 374 301 277 68 243 -37 0 217 199 -9
object016 451 350 161 460 162 104 300 399 179 222 352 111 282 102 218 217 0 41 156
object017 271 258 250 405 141 124 367 467 284 313 300 191 251 116 231 199 41 0 -61
object018 142 169 251 334 143 198 182 246 271 250 252 203 171 171 -9 -9 156 -61 0
