0 285 101 451 251 416 171 242 427 122 171 358 27 74 339 34 266 112 181
285 0 332 204 468 169 388 459 180 183 388 111 258 291 92 251 19 173 104
101 332 0 498 298 463 218 289 474 169 218 405 74 121 386 81 313 159 228
451 204 498 0 634 189 554 625 162 349 554 93 424 457 112 417 185 339 270
251 468 298 634 0 599 274 151 610 305 80 541 224 177 522 217 449 295 364
416 169 463 189 599 0 519 590 165 314 519 96 389 422 77 382 150 304 235
171 388 218 554 274 519 0 265 530 225 194 461 144 97 442 137 369 215 284
242 459 289 625 151 590 265 0 601 296 71 532 215 168 513 208 440 286 355
427 180 474 162 610 165 530 601 0 325 530 69 400 433 88 393 161 315 246
122 183 169 349 305 314 225 296 325 0 225 256 95 128 237 88 164 10 79
171 388 218 554 80 519 194 71 530 225 0 461 144 97 442 137 369 215 284
358 111 405 93 541 96 461 532 69 256 461 0 331 364 19 324 92 246 177
27 258 74 424 224 389 144 215 400 95 144 331 0 47 312 7 239 85 154
74 291 121 457 177 422 97 168 433 128 97 364 47 0 345 40 272 118 187
339 92 386 112 522 77 442 513 88 237 442 19 312 345 0 305 73 227 158
34 251 81 417 217 382 137 208 393 88 137 324 7 40 305 0 232 78 147
266 19 313 185 449 150 369 440 161 164 369 92 239 272 73 232 0 154 85
112 173 159 339 295 304 215 286 315 10 215 246 85 118 227 78 154 0 69
181 104 228 270 364 235 284 355 246 79 284 177 154 187 158 147 85 69 0
