0 265 337 210 292 393 341 366 392 167 388 307 211 138 137 79 300 40 -13
265 0 -12 341 464 255 421 578 497 271 427 21 551 449 367 315 95 271 184
337 -12 0 367 456 203 460 562 480 363 506 32 373 370 353 205 6 301 220
210 341 367 0 100 389 192 225 231 75 132 329 153 77 27 49 318 153 234
292 464 456 100 0 323 45 276 185 204 159 476 129 189 138 164 385 229 300
393 255 203 389 323 0 360 530 482 261 453 237 473 439 292 342 89 207 174
341 421 460 192 45 360 0 151 125 94 76 337 1 10 48 137 355 159 258
366 578 562 225 276 530 151 0 18 325 47 724 259 132 188 322 453 282 420
392 497 480 231 185 482 125 18 0 208 77 488 101 159 175 301 389 251 330
167 271 363 75 204 261 94 325 208 0 375 306 165 182 72 79 168 45 167
388 427 506 132 159 453 76 47 77 375 0 418 93 64 73 147 310 281 363
307 21 32 329 476 237 337 724 488 306 418 0 443 402 212 175 98 221 110
211 551 373 153 129 473 1 259 101 165 93 443 0 96 71 150 203 185 305
138 449 370 77 189 439 10 132 159 182 64 402 96 0 18 143 366 113 153
137 367 353 27 138 292 48 188 175 72 73 212 71 18 0 95 304 138 180
79 315 205 49 164 342 137 322 301 79 147 175 150 143 95 0 161 49 118
300 95 6 318 385 89 355 453 389 168 310 98 203 366 304 161 0 131 108
40 271 301 153 229 207 159 282 251 45 281 221 185 113 138 49 131 0 27
-13 184 220 234 300 174 258 420 330 167 363 110 305 153 180 118 108 27 0
