0 337 137 217 190 217 276 398 253 336 125 181 170 146 236 225 66 437 89
337 0 345 185 306 172 276 276 260 288 201 304 190 266 137 224 223 334 259
137 345 0 216 318 239 237 343 162 367 55 263 158 168 314 137 220 369 312
217 185 216 0 278 164 261 285 271 248 277 218 127 76 37 163 101 321 155
190 306 318 278 0 188 98 363 15 298 159 -32 55 25 85 101 185 300 239
217 172 239 164 188 0 169 196 126 249 152 180 6 75 22 30 125 179 134
276 276 237 261 98 169 0 282 173 348 207 68 -43 88 225 -23 130 224 240
398 276 343 285 363 196 282 0 314 59 315 293 265 223 198 118 232 -17 177
253 260 162 271 15 126 173 314 0 350 172 -10 140 58 230 161 175 256 236
336 288 367 248 298 249 348 59 350 0 267 317 205 221 228 165 179 -24 162
125 201 55 277 159 152 207 315 172 267 0 123 112 68 264 155 74 372 233
181 304 263 218 -32 180 68 293 -10 317 123 0 91 86 133 180 160 310 166
170 190 158 127 55 6 -43 265 140 205 112 91 0 43 153 104 64 296 167
146 266 168 76 25 75 88 223 58 221 68 86 43 0 90 -5 -26 213 69
236 137 314 37 85 22 225 198 230 228 264 133 153 90 0 34 56 246 82
225 224 137 163 101 30 -23 118 161 165 155 180 104 -5 34 0 -104 182 55
66 223 220 101 185 125 130 232 175 179 74 160 64 -26 56 -104 0 173 15
437 334 369 321 300 179 224 -17 256 -24 372 310 296 213 246 182 173 0 98
89 259 312 155 239 134 240 177 236 162 233 166 167 69 82 55 15 98 0
