0 48 201 131 220 140 145 310 132 65 169 86 80 161 75 147 99 58 -5
48 0 161 289 -36 146 175 28 79 150 67 133 116 -52 26 157 91 88 142
201 161 0 156 231 117 268 282 183 177 65 23 100 174 171 190 89 146 128
131 289 156 0 298 285 404 370 281 204 190 92 206 265 259 160 168 136 288
220 -36 231 298 0 158 248 112 89 174 69 265 189 88 20 84 80 52 207
140 146 117 285 158 0 190 267 160 198 168 113 53 190 160 114 175 116 193
145 175 268 404 248 190 0 337 64 184 66 297 117 209 171 42 150 133 224
310 28 282 370 112 267 337 0 256 185 202 289 173 127 119 123 190 219 257
132 79 183 281 89 160 64 256 0 44 40 195 86 44 149 71 99 -10 49
65 150 177 204 174 198 184 185 44 0 135 104 102 179 180 25 73 -9 129
169 67 65 190 69 168 66 202 40 135 0 71 123 99 -8 84 106 170 33
86 133 23 92 265 113 297 289 195 104 71 0 13 48 204 48 100 18 155
80 116 100 206 189 53 117 173 86 102 123 13 0 231 75 -10 -1 0 132
161 -52 174 265 88 190 209 127 44 179 99 48 231 0 0 124 59 56 235
75 26 171 259 20 160 171 119 149 180 -8 204 75 0 0 43 169 112 111
147 157 190 160 84 114 42 123 71 25 84 48 -10 124 43 0 -53 29 51
99 91 89 168 80 175 150 190 99 73 106 100 -1 59 169 -53 0 24 52
58 88 146 136 52 116 133 219 -10 -9 170 18 0 56 112 29 24 0 86
-5 142 128 288 207 193 224 257 49 129 33 155 132 235 111 51 52 86 0
