0 311 117 372 399 95 275 239 189 154 181 91 310 62 217 59 41 200 106
311 0 346 249 276 324 186 468 418 383 410 320 187 291 94 288 270 111 205
117 346 0 407 434 94 310 238 188 153 180 90 345 61 252 58 76 235 141
372 249 407 0 151 385 247 529 479 444 471 381 62 352 155 349 331 172 266
399 276 434 151 0 412 274 556 506 471 498 408 89 379 182 376 358 199 293
95 324 94 385 412 0 288 210 160 125 152 62 323 33 230 36 54 213 119
275 186 310 247 274 288 0 432 382 347 374 284 185 255 92 252 234 75 169
239 468 238 529 556 210 432 0 66 211 58 148 467 177 374 180 198 357 263
189 418 188 479 506 160 382 66 0 161 8 98 417 127 324 130 148 307 213
154 383 153 444 471 125 347 211 161 0 153 63 382 92 289 95 113 272 178
181 410 180 471 498 152 374 58 8 153 0 90 409 119 316 122 140 299 205
91 320 90 381 408 62 284 148 98 63 90 0 319 29 226 32 50 209 115
310 187 345 62 89 323 185 467 417 382 409 319 0 290 93 287 269 110 204
62 291 61 352 379 33 255 177 127 92 119 29 290 0 197 3 21 180 86
217 94 252 155 182 230 92 374 324 289 316 226 93 197 0 194 176 17 111
59 288 58 349 376 36 252 180 130 95 122 32 287 3 194 0 18 177 83
41 270 76 331 358 54 234 198 148 113 140 50 269 21 176 18 0 159 65
200 111 235 172 199 213 75 357 307 272 299 209 110 180 17 177 159 0 94
106 205 141 266 293 119 169 263 213 178 205 115 204 86 111 83 65 94 0
