0 93 262 263 43 318 304 168 242 78 155 157 60 16 161 97 -33 255 189
93 0 289 283 104 261 352 233 299 147 156 188 129 72 208 74 123 134 150
262 289 0 395 248 378 309 77 130 95 112 151 110 197 324 222 213 316 296
263 283 395 0 213 123 182 282 417 280 247 287 254 242 61 113 235 41 113
43 104 248 213 0 229 218 118 242 -14 47 206 130 1 173 -4 160 202 77
318 261 378 123 229 0 218 205 445 197 312 320 262 259 20 243 124 111 223
304 352 309 182 218 218 0 318 365 323 283 218 319 228 192 206 204 54 100
168 233 77 282 118 205 318 0 27 -11 26 -18 1 139 197 57 107 145 35
242 299 130 417 242 445 365 27 0 44 28 167 184 209 282 218 179 307 306
78 147 95 280 -14 197 323 -11 44 0 183 25 6 137 265 56 107 205 127
155 156 112 247 47 312 283 26 28 183 0 -19 12 133 171 115 126 246 154
157 188 151 287 206 320 218 -18 167 25 -19 0 49 129 318 122 35 240 27
60 129 110 254 130 262 319 1 184 6 12 49 0 135 283 137 89 124 93
16 72 197 242 1 259 228 139 209 137 133 129 135 0 205 61 6 181 83
161 208 324 61 173 20 192 197 282 265 171 318 283 205 0 106 172 69 110
97 74 222 113 -4 243 206 57 218 56 115 122 137 61 106 0 20 109 14
-33 123 213 235 160 124 204 107 179 107 126 35 89 6 172 20 0 286 68
255 134 316 41 202 111 54 145 307 205 246 240 124 181 69 109 286 0 -8
189 150 296 113 77 223 100 35 306 127 154 27 93 83 110 14 68 -8 0
