0 363 354 343 257 252 231 229 386 163 199 245 174 324 59 96 81 151 136
363 0 461 124 380 318 397 236 431 374 120 327 198 366 358 291 217 138 95
354 461 0 466 228 395 211 393 126 328 411 62 306 22 184 227 260 140 233
343 124 466 0 376 218 280 226 470 160 -62 310 151 368 335 189 200 195 166
257 380 228 376 0 260 58 261 157 241 338 102 195 137 57 289 100 185 136
252 318 395 218 260 0 184 181 370 39 252 113 146 232 143 159 98 -72 119
231 397 211 280 58 184 0 223 228 255 346 89 255 211 38 94 108 39 352
229 236 393 226 261 181 223 0 477 260 192 242 102 355 279 277 179 183 133
386 431 126 470 157 370 228 477 0 290 405 59 365 -22 130 236 118 184 368
163 374 328 160 241 39 255 260 290 0 217 154 234 345 167 111 74 122 156
199 120 411 -62 338 252 346 192 405 217 0 198 101 335 369 196 284 149 61
245 327 62 310 102 113 89 242 59 154 198 0 -8 23 15 107 53 139 203
174 198 306 151 195 146 255 102 365 234 101 -8 0 261 184 157 101 -20 46
324 366 22 368 137 232 211 355 -22 345 335 23 261 0 142 181 243 161 232
59 358 184 335 57 143 38 279 130 167 369 15 184 142 0 77 47 54 177
96 291 227 189 289 159 94 277 236 111 196 107 157 181 77 0 -4 20 218
81 217 260 200 100 98 108 179 118 74 284 53 101 243 47 -4 0 -35 32
151 138 140 195 185 -72 39 183 184 122 149 139 -20 161 54 20 -35 0 82
136 95 233 166 136 119 352 133 368 156 61 203 46 232 177 218 32 82 0
