0 445 13 292 300 283 81 469 97 334 215 106 36 56 127 286 200 393 333
445 0 378 95 412 215 359 354 281 278 90 299 336 257 171 129 127 184 121
13 378 0 390 66 268 -62 419 212 386 323 -6 -96 37 146 246 214 360 278
292 95 390 0 455 179 335 369 267 322 24 292 437 293 265 158 192 335 215
300 412 66 455 0 387 99 569 249 389 315 151 146 130 224 304 396 380 313
283 215 268 179 387 0 299 329 252 224 90 259 180 187 146 129 129 258 112
81 359 -62 335 99 299 0 454 216 265 305 50 -53 93 126 193 215 295 259
469 354 419 369 569 329 454 0 423 71 284 447 368 440 327 209 185 -6 226
97 281 212 267 249 252 216 423 0 417 256 164 200 231 54 148 157 314 313
334 278 386 322 389 224 265 71 417 0 332 328 339 315 399 199 171 -51 228
215 90 323 24 315 90 305 284 256 332 0 291 277 248 244 79 56 225 69
106 299 -6 292 151 259 50 447 164 328 291 0 12 -26 166 219 178 423 249
36 336 -96 437 146 180 -53 368 200 339 277 12 0 89 189 160 161 367 200
56 257 37 293 130 187 93 440 231 315 248 -26 89 0 119 131 147 283 272
127 171 146 265 224 146 126 327 54 399 244 166 189 119 0 72 113 280 126
286 129 246 158 304 129 193 209 148 199 79 219 160 131 72 0 54 154 41
200 127 214 192 396 129 215 185 157 171 56 178 161 147 113 54 0 238 65
393 184 360 335 380 258 295 -6 314 -51 225 423 367 283 280 154 238 0 89
333 121 278 215 313 112 259 226 313 228 69 249 200 272 126 41 65 89 0
