0 144 129 219 231 242 199 175 241 195 138 145 114 206 116 155 107 15 51
144 0 45 87 345 356 313 289 355 309 6 259 30 320 230 269 221 129 93
129 45 0 120 330 341 298 274 340 294 39 244 15 305 215 254 206 114 78
219 87 120 0 420 431 388 364 430 384 81 334 105 395 305 344 296 204 168
231 345 330 420 0 259 198 174 60 212 339 144 315 25 115 172 124 216 252
242 356 341 431 259 0 227 203 269 127 350 173 326 234 144 87 135 227 263
199 313 298 388 198 227 0 84 208 180 307 54 283 173 83 140 92 184 220
175 289 274 364 174 203 84 0 184 156 283 30 259 149 59 116 68 160 196
241 355 340 430 60 269 208 184 0 222 349 154 325 35 125 182 134 226 262
195 309 294 384 212 127 180 156 222 0 303 126 279 187 97 40 88 180 216
138 6 39 81 339 350 307 283 349 303 0 253 24 314 224 263 215 123 87
145 259 244 334 144 173 54 30 154 126 253 0 229 119 29 86 38 130 166
114 30 15 105 315 326 283 259 325 279 24 229 0 290 200 239 191 99 63
206 320 305 395 25 234 173 149 35 187 314 119 290 0 90 147 99 191 227
116 230 215 305 115 144 83 59 125 97 224 29 200 90 0 57 9 101 137
155 269 254 344 172 87 140 116 182 40 263 86 239 147 57 0 48 140 176
107 221 206 296 124 135 92 68 134 88 215 38 191 99 9 48 0 92 128
15 129 114 204 216 227 184 160 226 180 123 130 99 191 101 140 92 0 36
51 93 78 168 252 263 220 196 262 216 87 166 63 227 137 176 128 36 0
