0 98 461 432 451 149 143 443 427 433 403 20 351 364 115 361 279 140 216
98 0 519 490 509 207 201 501 485 491 461 78 409 422 173 419 337 198 274
461 519 0 87 354 380 324 346 330 192 58 441 110 267 346 264 182 321 245
432 490 87 0 325 351 295 317 301 163 29 412 81 238 317 235 153 292 216
451 509 354 325 0 370 314 172 156 326 296 431 244 93 336 90 172 311 235
149 207 380 351 370 0 62 362 346 352 322 129 270 283 34 280 198 59 135
143 201 324 295 314 62 0 306 290 296 266 123 214 227 28 224 142 3 79
443 501 346 317 172 362 306 0 142 318 288 423 236 79 328 82 164 303 227
427 485 330 301 156 346 290 142 0 302 272 407 220 63 312 66 148 287 211
433 491 192 163 326 352 296 318 302 0 134 413 82 239 318 236 154 293 217
403 461 58 29 296 322 266 288 272 134 0 383 52 209 288 206 124 263 187
20 78 441 412 431 129 123 423 407 413 383 0 331 344 95 341 259 120 196
351 409 110 81 244 270 214 236 220 82 52 331 0 157 236 154 72 211 135
364 422 267 238 93 283 227 79 63 239 209 344 157 0 249 3 85 224 148
115 173 346 317 336 34 28 328 312 318 288 95 236 249 0 246 164 25 101
361 419 264 235 90 280 224 82 66 236 206 341 154 3 246 0 82 221 145
279 337 182 153 172 198 142 164 148 154 124 259 72 85 164 82 0 139 63
140 198 321 292 311 59 3 303 287 293 263 120 211 224 25 221 139 0 76
216 274 245 216 235 135 79 227 211 217 187 196 135 148 101 145 63 76 0
