0 330 331 282 259 170 243 275 334 196 256 198 177 280 188 138 108 96 175
330 0 469 100 397 308 381 251 472 334 74 336 153 418 326 276 246 234 155
331 469 0 421 214 285 198 414 105 311 395 153 316 51 143 253 223 235 314
282 100 421 0 349 260 333 203 424 286 26 288 105 370 278 228 198 186 107
259 397 214 349 0 213 106 342 217 239 323 61 244 163 71 181 151 163 242
170 308 285 260 213 0 197 253 288 90 234 152 155 234 142 32 62 74 153
243 381 198 333 106 197 0 326 201 223 307 45 228 147 55 165 135 147 226
275 251 414 203 342 253 326 0 417 279 177 281 98 363 271 221 191 179 100
334 472 105 424 217 288 201 417 0 314 398 156 319 54 146 256 226 238 317
196 334 311 286 239 90 223 279 314 0 260 178 181 260 168 58 88 100 179
256 74 395 26 323 234 307 177 398 260 0 262 79 344 252 202 172 160 81
198 336 153 288 61 152 45 281 156 178 262 0 183 102 10 120 90 102 181
177 153 316 105 244 155 228 98 319 181 79 183 0 265 173 123 93 81 2
280 418 51 370 163 234 147 363 54 260 344 102 265 0 92 202 172 184 263
188 326 143 278 71 142 55 271 146 168 252 10 173 92 0 110 80 92 171
138 276 253 228 181 32 165 221 256 58 202 120 123 202 110 0 30 42 121
108 246 223 198 151 62 135 191 226 88 172 90 93 172 80 30 0 12 91
96 234 235 186 163 74 147 179 238 100 160 102 81 184 92 42 12 0 79
175 155 314 107 242 153 226 100 317 179 81 181 2 263 171 121 91 79 0
