     19
object000 0 518 81 186 252 279 165 374 322 410 47 280 158 25 315 202 162 203 158
object001 518 0 282 245 275 308 331 447 274 365 318 337 227 375 100 151 230 171 167
object002 81 282 0 163 209 282 97 296 319 368 16 236 242 -27 227 119 136 82 37
object003 186 245 163 0 56 251 192 304 207 330 141 115 105 157 169 33 120 11 70
object004 252 275 209 56 0 241 151 242 320 290 105 258 266 160 125 52 37 29 62
object005 279 308 282 251 241 0 318 279 325 139 259 197 99 282 270 235 91 144 110
object006 165 331 97 192 151 318 0 346 364 469 65 439 205 86 248 164 251 126 133
object007 374 447 296 304 242 279 346 0 383 200 375 25 167 243 345 191 220 338 332
object008 322 274 319 207 320 325 364 383 0 365 328 352 167 272 27 187 197 275 246
object009 410 365 368 330 290 139 469 200 365 0 458 87 142 254 289 80 271 206 204
object010 47 318 16 141 105 259 65 375 328 458 0 319 190 2 315 72 105 74 43
object011 280 337 236 115 258 197 439 25 352 87 319 0 -12 140 245 128 212 77 145
object012 158 227 242 105 266 99 205 167 167 142 190 -12 0 206 236 75 71 41 149
object013 25 375 -27 157 160 282 86 243 272 254 2 140 206 0 160 122 97 103 75
object014 315 100 227 169 125 270 248 345 27 289 315 245 236 160 0 162 184 107 91
object015 202 151 119 33 52 235 164 191 187 80 72 128 75 122 162 0 -11 -49 -17
object016 162 230 136 120 37 91 251 220 197 271 105 212 71 97 184 -11 0 -34 14
object017 203 171 82 11 29 144 126 338 275 206 74 77 41 103 107 -49 -34 0 -26
object018 158 167 37 70 62 110 133 332 246 204 43 145 149 75 91 -17 14 -26 0
