0 224 174 322 209 293 132 273 96 184 237 198 59 178 94 117 96 152 185
224 0 210 354 241 121 164 305 202 104 269 26 165 210 130 149 128 72 39
174 210 0 308 195 279 118 259 152 170 223 184 115 164 80 103 82 138 171
322 354 308 0 175 423 220 121 300 314 85 328 263 144 228 205 226 282 315
209 241 195 175 0 310 107 126 187 201 90 215 150 31 115 92 113 169 202
293 121 279 423 310 0 233 374 271 173 338 95 234 279 199 218 197 141 108
132 164 118 220 107 233 0 171 110 124 135 138 73 76 38 15 36 92 125
273 305 259 121 126 374 171 0 251 265 36 279 214 95 179 156 177 233 266
96 202 152 300 187 271 110 251 0 162 215 176 37 156 72 95 74 130 163
184 104 170 314 201 173 124 265 162 0 229 78 125 170 90 109 88 32 65
237 269 223 85 90 338 135 36 215 229 0 243 178 59 143 120 141 197 230
198 26 184 328 215 95 138 279 176 78 243 0 139 184 104 123 102 46 13
59 165 115 263 150 234 73 214 37 125 178 139 0 119 35 58 37 93 126
178 210 164 144 31 279 76 95 156 170 59 184 119 0 84 61 82 138 171
94 130 80 228 115 199 38 179 72 90 143 104 35 84 0 23 2 58 91
117 149 103 205 92 218 15 156 95 109 120 123 58 61 23 0 21 77 110
96 128 82 226 113 197 36 177 74 88 141 102 37 82 2 21 0 56 89
152 72 138 282 169 141 92 233 130 32 197 46 93 138 58 77 56 0 33
185 39 171 315 202 108 125 266 163 65 230 13 126 171 91 110 89 33 0
