0 314 260 309 431 250 186 410 256 308 98 -1 396 375 167 305 170 165 192
314 0 419 320 33 421 308 164 259 388 352 384 6 51 306 134 234 272 276
260 419 0 250 466 255 180 415 274 347 200 144 503 475 160 276 225 82 261
309 320 250 0 239 170 61 273 272 274 3 93 322 332 128 238 226 145 265
431 33 466 239 0 396 221 98 131 424 288 297 78 -6 281 180 201 253 270
250 421 255 170 396 0 234 421 298 357 96 260 314 410 102 157 172 175 345
186 308 180 61 221 234 0 224 103 112 206 238 241 158 63 117 21 17 125
410 164 415 273 98 421 224 0 162 388 366 316 50 37 233 128 138 273 438
256 259 274 272 131 298 103 162 0 326 291 262 57 145 185 59 15 195 183
308 388 347 274 424 357 112 388 326 0 249 235 389 385 100 268 236 166 -64
98 352 200 3 288 96 206 366 291 249 0 125 282 296 71 223 162 73 175
-1 384 144 93 297 260 238 316 262 235 125 0 328 358 23 230 193 126 226
396 6 503 322 78 314 241 50 57 389 282 328 0 53 261 65 173 196 206
375 51 475 332 -6 410 158 37 145 385 296 358 53 0 297 108 211 104 290
167 306 160 128 281 102 63 233 185 100 71 23 261 297 0 265 61 74 231
305 134 276 238 180 157 117 128 59 268 223 230 65 108 265 0 45 45 230
170 234 225 226 201 172 21 138 15 236 162 193 173 211 61 45 0 16 89
165 272 82 145 253 175 17 273 195 166 73 126 196 104 74 45 16 0 136
192 276 261 265 270 345 125 438 183 -64 175 226 206 290 231 230 89 136 0
