0 303 129 289 281 410 144 266 316 122 156 57 62 256 109 141 320 229 129
303 0 288 106 249 366 393 306 363 134 260 270 258 27 58 128 326 205 240
129 288 0 206 219 384 215 48 377 242 78 63 70 286 122 179 394 280 194
289 106 206 0 277 355 251 249 272 92 135 192 143 -5 76 82 289 187 182
281 249 219 277 0 102 317 319 116 111 249 205 207 181 161 156 186 51 97
410 366 384 355 102 0 479 386 75 278 439 338 252 338 231 212 96 187 177
144 393 215 251 317 479 0 144 411 118 213 100 148 281 200 167 388 258 273
266 306 48 249 319 386 144 0 344 174 144 47 125 262 103 258 380 325 201
316 363 377 272 116 75 411 344 0 207 290 227 303 182 221 167 25 113 69
122 134 242 92 111 278 118 174 207 0 101 26 47 127 42 30 132 134 184
156 260 78 135 249 439 213 144 290 101 0 63 136 219 86 159 286 320 124
57 270 63 192 205 338 100 47 227 26 63 0 51 181 224 117 235 228 198
62 258 70 143 207 252 148 125 303 47 136 51 0 214 78 169 210 239 215
256 27 286 -5 181 338 281 262 182 127 219 181 214 0 -24 91 171 260 150
109 58 122 76 161 231 200 103 221 42 86 224 78 -24 0 32 176 51 12
141 128 179 82 156 212 167 258 167 30 159 117 169 91 32 0 123 49 66
320 326 394 289 186 96 388 380 25 132 286 235 210 171 176 123 0 38 66
229 205 280 187 51 187 258 325 113 134 320 228 239 260 51 49 38 0 -49
129 240 194 182 97 177 273 201 69 184 124 198 215 150 12 66 66 -49 0
