0 203 186 284 338 151 289 335 305 391 314 92 263 286 262 241 259 95 222
203 0 165 380 400 98 324 366 393 367 238 115 348 -52 348 229 187 67 105
186 165 0 438 323 89 360 432 499 382 348 88 387 37 306 296 233 112 217
284 380 438 0 107 421 156 119 303 251 299 431 112 359 38 126 118 303 203
338 400 323 107 0 365 63 48 276 123 139 374 81 297 34 173 100 357 178
151 98 89 421 365 0 369 366 353 384 323 14 447 76 361 345 205 87 217
289 324 360 156 63 369 0 115 184 189 177 291 42 223 65 6 111 168 33
335 366 432 119 48 366 115 0 323 264 200 304 115 213 -19 2 84 216 60
305 393 499 303 276 353 184 323 0 112 81 410 292 343 167 235 49 241 136
391 367 382 251 123 384 189 264 112 0 69 371 146 257 225 89 117 288 133
314 238 348 299 139 323 177 200 81 69 0 284 145 320 156 53 91 144 223
92 115 88 431 374 14 291 304 410 371 284 0 263 15 326 265 171 44 185
263 348 387 112 81 447 42 115 292 146 145 263 0 400 116 -41 125 234 142
286 -52 37 359 297 76 223 213 343 257 320 15 400 0 234 279 217 126 159
262 348 306 38 34 361 65 -19 167 225 156 326 116 234 0 -15 64 156 114
241 229 296 126 173 345 6 2 235 89 53 265 -41 279 -15 0 44 293 144
259 187 233 118 100 205 111 84 49 117 91 171 125 217 64 44 0 134 50
95 67 112 303 357 87 168 216 241 288 144 44 234 126 156 293 134 0 92
222 105 217 203 178 217 33 60 136 133 223 185 142 159 114 144 50 92 0
