0 112 211 93 102 182 169 261 172 323 9 247 117 186 129 114 57 127 153
112 0 175 183 294 176 105 179 139 250 155 79 96 42 65 -7 147 25 110
211 175 0 275 284 306 179 47 99 84 216 -8 33 155 95 161 100 72 31
93 183 275 0 49 381 268 339 282 362 -12 221 342 326 204 205 65 243 203
102 294 284 49 0 331 120 295 256 392 17 277 183 163 184 181 154 117 167
182 176 306 381 331 0 129 401 253 347 319 174 222 -7 248 50 253 203 156
169 105 179 268 120 129 0 315 256 341 283 215 298 72 185 302 243 165 222
261 179 47 339 295 401 315 0 91 244 279 -40 100 269 91 240 178 193 31
172 139 99 282 256 253 256 91 0 54 300 74 62 216 87 110 168 93 32
323 250 84 362 392 347 341 244 54 0 259 151 59 339 81 227 218 148 65
9 155 216 -12 17 319 283 279 300 259 0 218 215 183 222 194 78 99 230
247 79 -8 221 277 174 215 -40 74 151 218 0 61 198 -29 -28 125 143 94
117 96 33 342 183 222 298 100 62 59 215 61 0 143 -34 104 49 17 27
186 42 155 326 163 -7 72 269 216 339 183 198 143 0 165 53 55 41 135
129 65 95 204 184 248 185 91 87 81 222 -29 -34 165 0 94 110 24 60
114 -7 161 205 181 50 302 240 110 227 194 -28 104 53 94 0 136 -3 -24
57 147 100 65 154 253 243 178 168 218 78 125 49 55 110 136 0 133 127
127 25 72 243 117 203 165 193 93 148 99 143 17 41 24 -3 133 0 50
153 110 31 203 167 156 222 31 32 65 230 94 27 135 60 -24 127 50 0
