0 248 162 482 179 377 278 260 482 254 224 433 41 175 229 169 294 186 188
248 0 380 274 245 256 339 393 272 117 272 101 188 180 176 160 59 234 166
162 380 0 379 283 394 280 231 465 344 194 426 105 160 316 249 359 226 171
482 274 379 0 288 160 487 327 47 254 270 -45 442 366 4 239 133 250 228
179 245 283 288 0 443 108 113 427 247 44 351 233 8 323 103 180 198 151
377 256 394 160 443 0 459 339 158 232 224 121 301 395 65 353 147 303 242
278 339 280 487 108 459 0 170 530 281 112 442 224 164 360 212 278 234 172
260 393 231 327 113 339 170 0 449 325 73 336 147 66 333 123 306 258 135
482 272 465 47 427 158 530 449 0 275 389 40 409 335 168 306 244 390 430
254 117 344 254 247 232 281 325 275 0 152 221 169 128 185 101 173 51 27
224 272 194 270 44 224 112 73 389 152 0 291 193 -20 268 129 164 91 121
433 101 426 -45 351 121 442 336 40 221 291 0 352 318 13 290 173 311 203
41 188 105 442 233 301 224 147 409 169 193 352 0 63 336 143 268 169 243
175 180 160 366 8 395 164 66 335 128 -20 318 63 0 307 -43 177 113 136
229 176 316 4 323 65 360 333 168 185 268 13 336 307 0 192 37 149 154
169 160 249 239 103 353 212 123 306 101 129 290 143 -43 192 0 156 56 44
294 59 359 133 180 147 278 306 244 173 164 173 268 177 37 156 0 49 141
186 234 226 250 198 303 234 258 390 51 91 311 169 113 149 56 49 0 -31
188 166 171 228 151 242 172 135 430 27 121 203 243 136 154 44 141 -31 0
