0 408 130 386 279 252 90 152 261 430 351 188 233 -31 11 100 169 131 280
408 0 470 494 253 380 381 393 397 107 101 476 292 399 336 305 115 260 334
130 470 0 424 542 269 152 393 370 509 389 283 441 176 236 146 329 226 301
386 494 424 0 327 409 319 315 187 485 499 286 141 319 270 237 353 230 133
279 253 542 327 0 344 307 355 281 321 222 275 303 375 298 270 69 148 294
252 380 269 409 344 0 81 198 343 471 393 121 327 279 32 135 176 273 263
90 381 152 319 307 81 0 110 212 313 295 4 165 69 9 39 145 60 216
152 393 393 315 355 198 110 0 359 463 440 -20 324 186 82 134 255 207 319
261 397 370 187 281 343 212 359 0 530 368 305 35 273 260 163 309 161 112
430 107 509 485 321 471 313 463 530 0 176 337 431 443 287 387 233 255 299
351 101 389 499 222 393 295 440 368 176 0 345 246 262 286 228 60 225 330
188 476 283 286 275 121 4 -20 305 337 345 0 229 175 31 11 211 161 161
233 292 441 141 303 327 165 324 35 431 246 229 0 320 247 153 264 142 24
-31 399 176 319 375 279 69 186 273 443 262 175 320 0 156 104 234 144 250
11 336 236 270 298 32 9 82 260 287 286 31 247 156 0 -15 89 65 74
100 305 146 237 270 135 39 134 163 387 228 11 153 104 -15 0 95 86 126
169 115 329 353 69 176 145 255 309 233 60 211 264 234 89 95 0 41 173
131 260 226 230 148 273 60 207 161 255 225 161 142 144 65 86 41 0 7
280 334 301 133 294 263 216 319 112 299 330 161 24 250 74 126 173 7 0
