0 243 101 215 287 276 259 283 343 209 199 231 253 36 191 124 179 139 209
243 0 272 210 282 137 254 144 338 204 194 92 248 207 52 119 174 134 204
101 272 0 244 316 305 288 312 372 238 228 260 282 65 220 153 208 168 238
215 210 244 0 224 243 116 250 280 26 16 198 190 179 158 91 36 76 146
287 282 316 224 0 315 268 322 124 218 208 270 34 251 230 163 188 148 78
276 137 305 243 315 0 287 97 371 237 227 45 281 240 85 152 207 167 237
259 254 288 116 268 287 0 294 324 110 100 242 234 223 202 135 80 120 190
283 144 312 250 322 97 294 0 378 244 234 52 288 247 92 159 214 174 244
343 338 372 280 124 371 324 378 0 274 264 326 90 307 286 219 244 204 134
209 204 238 26 218 237 110 244 274 0 10 192 184 173 152 85 30 70 140
199 194 228 16 208 227 100 234 264 10 0 182 174 163 142 75 20 60 130
231 92 260 198 270 45 242 52 326 192 182 0 236 195 40 107 162 122 192
253 248 282 190 34 281 234 288 90 184 174 236 0 217 196 129 154 114 44
36 207 65 179 251 240 223 247 307 173 163 195 217 0 155 88 143 103 173
191 52 220 158 230 85 202 92 286 152 142 40 196 155 0 67 122 82 152
124 119 153 91 163 152 135 159 219 85 75 107 129 88 67 0 55 15 85
179 174 208 36 188 207 80 214 244 30 20 162 154 143 122 55 0 40 110
139 134 168 76 148 167 120 174 204 70 60 122 114 103 82 15 40 0 70
209 204 238 146 78 237 190 244 134 140 130 192 44 173 152 85 110 70 0
