0 270 201 167 259 351 401 140 179 230 314 183 241 176 164 50 147 88 170
270 0 295 261 353 139 189 310 97 324 102 277 29 94 258 220 241 182 100
201 295 0 74 166 376 426 241 204 65 339 18 266 201 71 151 54 113 195
167 261 74 0 98 342 392 207 170 103 305 56 232 167 3 117 20 79 161
259 353 166 98 0 434 484 299 262 195 397 148 324 259 95 209 112 171 253
351 139 376 342 434 0 124 391 178 405 37 358 110 175 339 301 322 263 181
401 189 426 392 484 124 0 441 228 455 87 408 160 225 389 351 372 313 231
140 310 241 207 299 391 441 0 219 270 354 223 281 216 204 90 187 128 210
179 97 204 170 262 178 228 219 0 233 141 186 68 3 167 129 150 91 9
230 324 65 103 195 405 455 270 233 0 368 47 295 230 100 180 83 142 224
314 102 339 305 397 37 87 354 141 368 0 321 73 138 302 264 285 226 144
183 277 18 56 148 358 408 223 186 47 321 0 248 183 53 133 36 95 177
241 29 266 232 324 110 160 281 68 295 73 248 0 65 229 191 212 153 71
176 94 201 167 259 175 225 216 3 230 138 183 65 0 164 126 147 88 6
164 258 71 3 95 339 389 204 167 100 302 53 229 164 0 114 17 76 158
50 220 151 117 209 301 351 90 129 180 264 133 191 126 114 0 97 38 120
147 241 54 20 112 322 372 187 150 83 285 36 212 147 17 97 0 59 141
88 182 113 79 171 263 313 128 91 142 226 95 153 88 76 38 59 0 82
170 100 195 161 253 181 231 210 9 224 144 177 71 6 158 120 141 82 0
