0 167 248 245 247 321 293 316 229 214 299 220 205 176 164 117 125 50 43
167 0 315 178 180 388 360 383 296 281 366 287 272 243 97 50 192 117 124
248 315 0 393 395 319 189 314 125 212 297 116 203 72 312 265 123 198 205
245 178 393 0 164 466 438 461 374 359 444 365 350 321 81 128 270 195 202
247 180 395 164 0 468 440 463 376 361 446 367 352 323 83 130 272 197 204
321 388 319 466 468 0 364 39 300 125 22 291 116 247 385 338 196 271 278
293 360 189 438 440 364 0 359 82 257 342 73 248 117 357 310 168 243 250
316 383 314 461 463 39 359 0 295 120 17 286 111 242 380 333 191 266 273
229 296 125 374 376 300 82 295 0 193 278 9 184 53 293 246 104 179 186
214 281 212 359 361 125 257 120 193 0 103 184 9 140 278 231 89 164 171
299 366 297 444 446 22 342 17 278 103 0 269 94 225 363 316 174 249 256
220 287 116 365 367 291 73 286 9 184 269 0 175 44 284 237 95 170 177
205 272 203 350 352 116 248 111 184 9 94 175 0 131 269 222 80 155 162
176 243 72 321 323 247 117 242 53 140 225 44 131 0 240 193 51 126 133
164 97 312 81 83 385 357 380 293 278 363 284 269 240 0 47 189 114 121
117 50 265 128 130 338 310 333 246 231 316 237 222 193 47 0 142 67 74
125 192 123 270 272 196 168 191 104 89 174 95 80 51 189 142 0 75 82
50 117 198 195 197 271 243 266 179 164 249 170 155 126 114 67 75 0 7
43 124 205 202 204 278 250 273 186 171 256 177 162 133 121 74 82 7 0
