0 439 179 243 271 277 197 277 240 218 288 198 274 8 163 108 325 230 162
439 0 374 164 268 130 298 450 256 71 95 416 155 282 344 136 107 69 193
179 374 0 214 307 281 127 283 277 303 225 227 190 115 146 90 266 139 225
243 164 214 0 8 91 386 309 335 161 207 404 106 244 165 153 204 111 -22
271 268 307 8 0 138 228 266 380 196 102 402 123 219 228 122 -29 90 58
277 130 281 91 138 0 263 459 445 138 44 352 154 194 206 156 71 82 109
197 298 127 386 228 263 0 144 205 297 177 36 220 122 71 138 182 175 225
277 450 283 309 266 459 144 0 104 364 367 1 331 193 73 305 299 232 260
240 256 277 335 380 445 205 104 0 368 424 52 277 257 101 190 287 358 258
218 71 303 161 196 138 297 364 368 0 98 317 201 309 248 284 194 114 173
288 95 225 207 102 44 177 367 424 98 0 350 186 249 256 210 68 107 164
198 416 227 404 402 352 36 1 52 317 350 0 374 133 99 166 296 254 289
274 155 190 106 123 154 220 331 277 201 186 374 0 232 147 86 108 58 -77
8 282 115 244 219 194 122 193 257 309 249 133 232 0 111 3 151 4 75
163 344 146 165 228 206 71 73 101 248 256 99 147 111 0 37 283 139 249
108 136 90 153 122 156 138 305 190 284 210 166 86 3 37 0 157 -25 101
325 107 266 204 -29 71 182 299 287 194 68 296 108 151 283 157 0 97 47
230 69 139 111 90 82 175 232 358 114 107 254 58 4 139 -25 97 0 -57
162 193 225 -22 58 109 225 260 258 173 164 289 -77 75 249 101 47 -57 0
