     19
object000 0 307 248 341 205 326 345 325 211 260 187 273 283 244 238 200 101 165 20
object001 307 0 234 322 298 318 123 303 151 170 146 377 337 78 245 94 286 214 237
object002 248 234 0 181 173 139 337 218 285 38 -6 157 69 221 -12 199 11 161 276
object003 341 322 181 0 262 80 370 197 360 163 117 -22 114 353 180 296 127 224 351
object004 205 298 173 262 0 172 254 184 157 125 184 164 95 312 128 160 74 146 152
object005 326 318 139 80 172 0 387 20 347 103 25 14 98 301 146 287 78 235 295
object006 345 123 337 370 254 387 0 352 27 306 161 446 277 -35 292 -37 117 139 388
object007 325 303 218 197 184 20 352 0 241 173 233 115 60 289 203 259 105 119 324
object008 211 151 285 360 157 347 27 241 0 241 178 339 300 179 180 -73 238 76 227
object009 260 170 38 163 125 103 306 173 241 0 -26 154 154 228 67 139 145 121 153
object010 187 146 -6 117 184 25 161 233 178 -26 0 189 62 251 9 174 -69 24 158
object011 273 377 157 -22 164 14 446 115 339 154 189 0 -17 281 25 245 115 50 248
object012 283 337 69 114 95 98 277 60 300 154 62 -17 0 300 9 219 149 79 197
object013 244 78 221 353 312 301 -35 289 179 228 251 281 300 0 265 78 169 219 175
object014 238 245 -12 180 128 146 292 203 180 67 9 25 9 265 0 112 -75 115 254
object015 200 94 199 296 160 287 -37 259 -73 139 174 245 219 78 112 0 156 22 140
object016 101 286 11 127 74 78 117 105 238 145 -69 115 149 169 -75 156 0 26 171
object017 165 214 161 224 146 235 139 119 76 121 24 50 79 219 115 22 26 0 161
object018 20 237 276 351 152 295 388 324 227 153 158 248 197 175 254 140 171 161 0
