0 243 65 124 189 436 280 99 207 179 286 206 271 191 133 32 241 65 232
243 0 212 250 394 78 211 299 62 314 128 232 -48 57 225 255 234 229 162
65 212 0 108 70 360 482 168 200 116 369 118 215 206 168 62 36 116 140
124 250 108 0 86 332 313 209 208 12 349 56 230 159 -22 132 -2 97 154
189 394 70 86 0 408 536 293 248 161 381 91 275 289 59 274 152 159 311
436 78 360 332 408 0 135 411 152 385 66 365 161 141 354 323 395 214 245
280 211 482 313 536 135 0 427 220 421 65 397 137 283 381 299 448 315 168
99 299 168 209 293 411 427 0 320 269 418 260 230 187 133 115 189 129 257
207 62 200 208 248 152 220 320 0 171 72 249 34 -34 182 228 101 160 -47
179 314 116 12 161 385 421 269 171 0 342 87 247 263 101 149 30 139 192
286 128 369 349 381 66 65 418 72 342 0 369 43 126 340 240 295 287 102
206 232 118 56 91 365 397 260 249 87 369 0 252 199 21 -4 12 -15 145
271 -48 215 230 275 161 137 230 34 247 43 252 0 32 152 177 209 111 9
191 57 206 159 289 141 283 187 -34 263 126 199 32 0 193 118 172 60 -33
133 225 168 -22 59 354 381 133 182 101 340 21 152 193 0 50 8 21 160
32 255 62 132 274 323 299 115 228 149 240 -4 177 118 50 0 89 123 186
241 234 36 -2 152 395 448 189 101 30 295 12 209 172 8 89 0 32 169
65 229 116 97 159 214 315 129 160 139 287 -15 111 60 21 123 32 0 80
232 162 140 154 311 245 168 257 -47 192 102 145 9 -33 160 186 169 80 0
