0 106 384 416 173 400 374 355 447 265 353 293 258 88 351 133 208 305 213
106 0 314 346 103 330 304 285 377 195 283 223 188 18 281 63 138 235 143
384 314 0 384 291 368 342 153 125 133 31 91 126 296 319 251 176 273 181
416 346 384 0 323 114 180 355 447 265 353 293 258 328 65 283 208 111 203
173 103 291 323 0 307 281 262 354 172 260 200 165 85 258 40 115 212 120
400 330 368 114 307 0 164 339 431 249 337 277 242 312 49 267 192 95 187
374 304 342 180 281 164 0 313 405 223 311 251 216 286 115 241 166 69 161
355 285 153 355 262 339 313 0 216 104 122 62 97 267 290 222 147 244 152
447 377 125 447 354 431 405 216 0 196 94 154 189 359 382 314 239 336 244
265 195 133 265 172 249 223 104 196 0 102 42 7 177 200 132 57 154 62
353 283 31 353 260 337 311 122 94 102 0 60 95 265 288 220 145 242 150
293 223 91 293 200 277 251 62 154 42 60 0 35 205 228 160 85 182 90
258 188 126 258 165 242 216 97 189 7 95 35 0 170 193 125 50 147 55
88 18 296 328 85 312 286 267 359 177 265 205 170 0 263 45 120 217 125
351 281 319 65 258 49 115 290 382 200 288 228 193 263 0 218 143 46 138
133 63 251 283 40 267 241 222 314 132 220 160 125 45 218 0 75 172 80
208 138 176 208 115 192 166 147 239 57 145 85 50 120 143 75 0 97 5
305 235 273 111 212 95 69 244 336 154 242 182 147 217 46 172 97 0 92
213 143 181 203 120 187 161 152 244 62 150 90 55 125 138 80 5 92 0
