0 246 322 223 142 330 197 402 308 438 200 258 507 247 524 216 155 104 33 192 537 348 86 92 88 304 231 41 202 131 224 123 119 117 61 121 62 -14 55
246 0 230 343 384 296 479 155 274 478 360 215 409 417 526 538 550 417 438 387 381 308 487 366 293 152 91 453 258 280 164 309 120 382 417 139 232 231 263
322 230 0 264 350 254 587 268 129 365 347 302 300 421 380 441 560 384 374 362 332 286 492 347 364 227 130 291 159 159 22 309 64 424 341 129 276 276 349
223 343 264 0 431 172 429 292 401 477 429 347 483 473 597 570 504 433 360 502 378 379 583 354 310 287 239 369 249 101 242 381 237 361 409 149 293 271 266
142 384 350 431 0 367 303 422 435 562 26 399 491 290 611 433 428 217 269 281 484 461 359 163 -84 452 385 297 378 285 332 237 210 177 300 223 192 136 156
330 296 254 172 367 0 485 295 422 363 330 335 449 436 437 512 441 411 358 431 426 385 419 298 340 261 165 279 286 17 224 349 177 310 295 135 351 229 298
197 479 587 429 303 485 0 417 519 563 372 511 508 165 729 234 157 60 -5 98 586 572 88 94 275 488 433 33 429 404 393 22 392 7 42 321 97 169 177
402 155 268 292 422 295 417 0 381 497 367 66 429 454 460 605 538 449 385 409 460 406 561 433 278 100 80 518 290 265 210 451 192 428 354 202 299 294 290
308 274 129 401 435 422 519 381 0 279 400 409 217 450 287 676 519 494 409 502 226 158 505 493 312 288 243 448 87 286 150 389 300 461 337 240 291 290 329
438 478 365 477 562 363 563 497 279 0 472 410 199 696 267 655 681 596 493 565 129 64 626 490 502 387 332 552 235 379 227 527 233 574 456 380 400 460 470
200 360 347 429 26 330 372 367 400 472 0 389 403 251 507 364 346 247 211 212 454 336 309 207 34 334 269 260 273 332 312 286 236 156 199 228 92 115 5
258 215 302 347 399 335 511 66 409 410 389 0 480 388 467 557 526 473 395 506 558 320 550 503 351 -31 198 510 385 167 186 465 134 408 498 248 293 357 300
507 409 300 483 491 449 508 429 217 199 403 480 0 561 24 787 653 645 538 524 -93 144 557 670 509 377 336 540 248 460 252 584 225 541 508 309 464 395 463
247 417 421 473 290 436 165 454 450 696 251 388 561 0 674 204 217 155 179 206 651 532 72 103 378 481 420 150 456 400 337 110 414 161 90 220 79 219 278
524 526 380 597 611 437 729 460 287 267 507 467 24 674 0 753 752 671 662 745 -15 200 778 643 598 520 422 668 202 449 259 580 372 635 546 382 485 509 455
216 538 441 570 433 512 234 605 676 655 364 557 787 204 753 0 84 104 217 62 744 693 -6 174 236 505 526 166 548 457 409 130 552 175 252 356 173 298 252
155 550 560 504 428 441 157 538 519 681 346 526 653 217 752 84 0 130 156 183 648 591 14 76 318 499 386 118 604 478 391 139 305 117 135 439 243 248 289
104 417 384 433 217 411 60 449 494 596 247 473 645 155 671 104 130 0 47 18 544 426 43 27 234 383 337 -70 405 320 336 56 342 -22 5 287 114 95 246
33 438 374 360 269 358 -5 385 409 493 211 395 538 179 662 217 156 47 0 118 488 355 161 59 250 432 282 139 345 318 198 16 218 3 -27 253 141 126 193
192 387 362 502 281 431 98 409 502 565 212 506 524 206 745 62 183 18 118 0 666 467 -2 88 237 460 383 30 553 366 329 43 339 87 149 247 237 187 274
537 381 332 378 484 426 586 460 226 129 454 558 -93 651 -15 744 648 544 488 666 0 136 651 640 446 367 302 618 265 348 211 603 344 498 532 334 416 456 469
348 308 286 379 461 385 572 406 158 64 336 320 144 532 200 693 591 426 355 467 136 0 612 432 373 237 280 444 112 326 142 604 159 453 480 286 335 364 274
86 487 492 583 359 419 88 561 505 626 309 550 557 72 778 -6 14 43 161 -2 651 612 0 -12 243 500 339 75 360 449 424 6 264 87 71 337 195 237 292
92 366 347 354 163 298 94 433 493 490 207 503 670 103 643 174 76 27 59 88 640 432 -12 0 294 404 364 -71 447 367 401 49 250 0 36 204 35 190 132
88 293 364 310 -84 340 275 278 312 502 34 351 509 378 598 236 318 234 250 237 446 373 243 294 0 382 187 186 305 266 319 234 188 181 261 173 43 -29 146
304 152 227 287 452 261 488 100 288 387 334 -31 377 481 520 505 499 383 432 460 367 237 500 404 382 0 69 498 253 200 145 351 103 410 295 180 244 284 199
231 91 130 239 385 165 433 80 243 332 269 198 336 420 422 526 386 337 282 383 302 280 339 364 187 69 0 340 126 136 54 358 -49 220 190 113 291 133 139
41 453 291 369 297 279 33 518 448 552 260 510 540 150 668 166 118 -70 139 30 618 444 75 -71 186 498 340 0 353 317 327 1 269 98 12 244 196 114 188
202 258 159 249 378 286 429 290 87 235 273 385 248 456 202 548 604 405 345 553 265 112 360 447 305 253 126 353 0 116 65 316 43 441 424 78 308 264 231
131 280 159 101 285 17 404 265 286 379 332 167 460 400 449 457 478 320 318 366 348 326 449 367 266 200 136 317 116 0 206 292 138 261 231 88 191 105 127
224 164 22 242 332 224 393 210 150 227 312 186 252 337 259 409 391 336 198 329 211 142 424 401 319 145 54 327 65 206 0 296 49 443 230 67 194 167 138
123 309 309 381 237 349 22 451 389 527 286 465 584 110 580 130 139 56 16 43 603 604 6 49 234 351 358 1 316 292 296 0 268 -31 95 244 223 166 159
119 120 64 237 210 177 392 192 300 233 236 134 225 414 372 552 305 342 218 339 344 159 264 250 188 103 -49 269 43 138 49 268 0 312 269 48 82 16 71
117 382 424 361 177 310 7 428 461 574 156 408 541 161 635 175 117 -22 3 87 498 453 87 0 181 410 220 98 441 261 443 -31 312 0 42 183 122 130 172
61 417 341 409 300 295 42 354 337 456 199 498 508 90 546 252 135 5 -27 149 532 480 71 36 261 295 190 12 424 231 230 95 269 42 0 326 160 59 98
121 139 129 149 223 135 321 202 240 380 228 248 309 220 382 356 439 287 253 247 334 286 337 204 173 180 113 244 78 88 67 244 48 183 326 0 106 117 50
62 232 276 293 192 351 97 299 291 400 92 293 464 79 485 173 243 114 141 237 416 335 195 35 43 244 291 196 308 191 194 223 82 122 160 106 0 65 92
-14 231 276 271 136 229 169 294 290 460 115 357 395 219 509 298 248 95 126 187 456 364 237 190 -29 284 133 114 264 105 167 166 16 130 59 117 65 0 39
55 263 349 266 156 298 177 290 329 470 5 300 463 278 455 252 289 246 193 274 469 274 292 132 146 199 139 188 231 127 138 159 71 172 98 50 92 39 0
