0 244 408 359 280 246 338 342 151 393 288 357 556 336 491 473 288 376 264 356 439 466 284 387 343 140 251 169 313 342 247 160 298 130 106 165 70 18 195
244 0 327 483 356 471 331 476 362 531 457 369 474 341 643 633 31 651 380 369 385 565 357 516 531 298 353 30 351 280 288 139 418 291 227 122 124 273 146
408 327 0 546 447 618 62 448 418 498 389 267 405 256 752 707 317 579 327 213 209 591 348 447 486 384 476 293 165 139 71 87 469 290 270 207 250 160 271
359 483 546 0 459 124 630 458 461 374 265 668 809 569 545 490 519 396 286 598 669 412 96 334 261 400 329 406 530 458 500 427 321 195 161 349 267 299 332
280 356 447 459 0 421 374 480 144 426 488 650 661 456 595 643 386 499 410 459 475 478 361 437 412 0 442 284 465 376 330 310 405 385 239 216 191 185 40
246 471 618 124 421 0 549 403 473 356 276 680 817 533 595 436 459 431 302 492 603 438 68 308 254 382 160 410 588 487 487 396 292 216 131 355 341 306 250
338 331 62 630 374 549 0 681 473 597 458 313 481 300 762 681 357 583 495 244 371 598 490 561 451 431 539 278 189 155 -71 134 519 455 372 236 338 241 351
342 476 448 458 480 403 681 0 569 84 140 803 777 721 301 267 567 251 367 645 651 281 287 217 145 489 109 390 676 499 548 492 181 113 249 357 366 323 513
151 362 418 461 144 473 473 569 0 521 416 571 585 544 635 575 350 551 376 538 578 601 433 532 443 56 439 314 460 471 468 372 455 328 233 351 255 178 262
393 531 498 374 426 356 597 84 521 0 121 726 746 738 263 412 489 177 220 670 595 295 313 152 68 439 134 423 593 569 520 399 110 185 265 451 282 327 320
288 457 389 265 488 276 458 140 416 121 0 591 793 539 209 219 476 168 194 529 611 128 198 13 44 302 -39 443 458 474 370 391 55 39 153 253 175 111 284
357 369 267 668 650 680 313 803 571 726 591 0 107 156 699 871 432 776 556 224 -32 714 518 636 559 528 607 357 105 158 251 260 651 560 477 224 476 342 407
556 474 405 809 661 817 481 777 585 746 793 107 0 258 947 914 540 770 661 278 60 767 680 745 647 509 689 431 230 250 358 368 746 531 562 384 502 480 490
336 341 256 569 456 533 300 721 544 738 539 156 258 0 866 774 317 670 401 131 126 728 547 581 625 407 522 222 -20 151 303 96 502 371 270 273 257 421 327
491 643 752 545 595 595 762 301 635 263 209 699 947 866 0 127 675 151 499 716 863 34 410 198 351 522 321 639 773 594 715 629 231 259 372 546 411 406 498
473 633 707 490 643 436 681 267 575 412 219 871 914 774 127 0 620 148 457 718 809 52 405 100 282 619 293 667 654 641 637 561 90 286 388 540 436 531 492
288 31 317 519 386 459 357 567 350 489 476 432 540 317 675 620 0 570 360 365 366 646 379 436 480 325 360 23 276 254 312 212 483 349 295 108 196 108 195
376 651 579 396 499 431 583 251 551 177 168 776 770 670 151 148 570 0 362 618 704 39 297 35 84 524 106 537 567 630 609 492 84 233 302 390 308 394 395
264 380 327 286 410 302 495 367 376 220 194 556 661 401 499 457 360 362 0 355 509 393 153 289 282 380 335 308 459 467 438 341 228 175 159 233 168 177 203
356 369 213 598 459 492 244 645 538 670 529 224 278 131 716 718 365 618 355 0 133 653 553 626 460 331 511 246 181 53 228 93 434 455 331 168 281 282 220
439 385 209 669 475 603 371 651 578 595 611 -32 60 126 863 809 366 704 509 133 0 801 500 702 624 448 680 410 109 110 271 242 539 495 393 267 258 361 354
466 565 591 412 478 438 598 281 601 295 128 714 767 728 34 52 646 39 393 653 801 0 446 86 183 497 72 536 699 566 535 537 153 150 346 433 346 435 443
284 357 348 96 361 68 490 287 433 313 198 518 680 547 410 405 379 297 153 553 500 446 0 336 188 309 250 312 446 483 385 455 231 90 129 293 174 236 239
387 516 447 334 437 308 561 217 532 152 13 636 745 581 198 100 436 35 289 626 702 86 336 0 288 484 104 480 533 507 566 502 10 320 206 323 306 406 429
343 531 486 261 412 254 451 145 443 68 44 559 647 625 351 282 480 84 282 460 624 183 188 288 0 330 83 516 419 451 490 389 40 120 152 365 266 255 387
140 298 384 400 0 382 431 489 56 439 302 528 509 407 522 619 325 524 380 331 448 497 309 484 330 0 337 227 370 362 355 287 430 350 259 156 91 89 32
251 353 476 329 442 160 539 109 439 134 -39 607 689 522 321 293 360 106 335 511 680 72 250 104 83 337 0 365 456 501 434 350 34 78 136 202 207 155 220
169 30 293 406 284 410 278 390 314 423 443 357 431 222 639 667 23 537 308 246 410 536 312 480 516 227 365 0 313 300 164 105 373 312 285 9 189 153 208
313 351 165 530 465 588 189 676 460 593 458 105 230 -20 773 654 276 567 459 181 109 699 446 533 419 370 456 313 0 39 232 93 497 409 246 117 248 221 334
342 280 139 458 376 487 155 499 471 569 474 158 250 151 594 641 254 630 467 53 110 566 483 507 451 362 501 300 39 0 147 5 385 350 264 242 147 156 252
247 288 71 500 330 487 -71 548 468 520 370 251 358 303 715 637 312 609 438 228 271 535 385 566 490 355 434 164 232 147 0 90 330 317 382 140 300 217 300
160 139 87 427 310 396 134 492 372 399 391 260 368 96 629 561 212 492 341 93 242 537 455 502 389 287 350 105 93 5 90 0 296 179 251 11 169 103 204
298 418 469 321 405 292 519 181 455 110 55 651 746 502 231 90 483 84 228 434 539 153 231 10 40 430 34 373 497 385 330 296 0 66 168 285 225 254 219
130 291 290 195 385 216 455 113 328 185 39 560 531 371 259 286 349 233 175 455 495 150 90 320 120 350 78 312 409 350 317 179 66 0 20 130 144 72 186
106 227 270 161 239 131 372 249 233 265 153 477 562 270 372 388 295 302 159 331 393 346 129 206 152 259 136 285 246 264 382 251 168 20 0 104 110 101 68
165 122 207 349 216 355 236 357 351 451 253 224 384 273 546 540 108 390 233 168 267 433 293 323 365 156 202 9 117 242 140 11 285 130 104 0 132 170 160
70 124 250 267 191 341 338 366 255 282 175 476 502 257 411 436 196 308 168 281 258 346 174 306 266 91 207 189 248 147 300 169 225 144 110 132 0 45 18
18 273 160 299 185 306 241 323 178 327 111 342 480 421 406 531 108 394 177 282 361 435 236 406 255 89 155 153 221 156 217 103 254 72 101 170 45 0 90
195 146 271 332 40 250 351 513 262 320 284 407 490 327 498 492 195 395 203 220 354 443 239 429 387 32 220 208 334 252 300 204 219 186 68 160 18 90 0
