0 338 262 195 372 337 344 344 377 461 223 337 236 196 343 445 247 194 410 265 351 310 371 275 259 261 315 251 210 274 158 157 224 155 88 153 173 150 127
338 0 152 227 410 375 382 382 415 499 255 127 398 228 381 235 285 356 200 303 141 100 409 313 297 299 353 289 248 64 320 189 114 187 250 185 211 188 211
262 152 0 151 334 299 306 306 339 423 179 151 322 152 305 259 209 280 224 227 165 124 333 237 221 223 277 213 172 88 244 113 38 111 174 109 135 112 135
195 227 151 0 267 232 239 239 272 356 108 226 255 77 238 334 142 213 299 160 240 199 266 170 154 156 210 146 105 163 177 38 113 40 107 42 68 45 68
372 410 334 267 0 79 214 214 403 487 295 409 432 268 369 517 199 390 482 291 423 382 397 301 129 287 57 121 162 346 354 229 296 227 284 225 199 222 245
337 375 299 232 79 0 179 179 368 452 260 374 397 233 334 482 164 355 447 256 388 347 362 266 94 252 22 86 127 311 319 194 261 192 249 190 164 187 210
344 382 306 239 214 179 0 170 375 459 267 381 404 240 341 489 171 362 454 263 395 354 369 273 85 259 157 93 134 318 326 201 268 199 256 197 171 194 217
344 382 306 239 214 179 170 0 375 459 267 381 404 240 341 489 171 362 454 263 395 354 369 273 85 259 157 93 134 318 326 201 268 199 256 197 171 194 217
377 415 339 272 403 368 375 375 0 96 300 414 437 273 170 522 278 395 487 120 428 387 6 102 290 116 346 282 241 351 359 234 301 232 289 230 204 227 250
461 499 423 356 487 452 459 459 96 0 384 498 521 357 254 606 362 479 571 204 512 471 90 186 374 200 430 366 325 435 443 318 385 316 373 314 288 311 334
223 255 179 108 295 260 267 267 300 384 0 254 283 109 266 362 170 241 327 188 268 227 294 198 182 184 238 174 133 191 205 70 141 68 135 70 96 73 96
337 127 151 226 409 374 381 381 414 498 254 0 397 227 380 162 284 355 127 302 68 27 408 312 296 298 352 288 247 63 319 188 113 186 249 184 210 187 210
236 398 322 255 432 397 404 404 437 521 283 397 0 256 403 505 307 114 470 325 411 370 431 335 319 321 375 311 270 334 78 217 284 215 148 213 233 210 187
196 228 152 77 268 233 240 240 273 357 109 227 256 0 239 335 143 214 300 161 241 200 267 171 155 157 211 147 106 164 178 39 114 41 108 43 69 46 69
343 381 305 238 369 334 341 341 170 254 266 380 403 239 0 488 244 361 453 86 394 353 164 68 256 82 312 248 207 317 325 200 267 198 255 196 170 193 216
445 235 259 334 517 482 489 489 522 606 362 162 505 335 488 0 392 463 153 410 94 135 516 420 404 406 460 396 355 171 427 296 221 294 357 292 318 295 318
247 285 209 142 199 164 171 171 278 362 170 284 307 143 244 392 0 265 357 166 298 257 272 176 86 162 142 78 37 221 229 104 171 102 159 100 74 97 120
194 356 280 213 390 355 362 362 395 479 241 355 114 214 361 463 265 0 428 283 369 328 389 293 277 279 333 269 228 292 36 175 242 173 106 171 191 168 145
410 200 224 299 482 447 454 454 487 571 327 127 470 300 453 153 357 428 0 375 59 100 481 385 369 371 425 361 320 136 392 261 186 259 322 257 283 260 283
265 303 227 160 291 256 263 263 120 204 188 302 325 161 86 410 166 283 375 0 316 275 114 18 178 4 234 170 129 239 247 122 189 120 177 118 92 115 138
351 141 165 240 423 388 395 395 428 512 268 68 411 241 394 94 298 369 59 316 0 41 422 326 310 312 366 302 261 77 333 202 127 200 263 198 224 201 224
310 100 124 199 382 347 354 354 387 471 227 27 370 200 353 135 257 328 100 275 41 0 381 285 269 271 325 261 220 36 292 161 86 159 222 157 183 160 183
371 409 333 266 397 362 369 369 6 90 294 408 431 267 164 516 272 389 481 114 422 381 0 96 284 110 340 276 235 345 353 228 295 226 283 224 198 221 244
275 313 237 170 301 266 273 273 102 186 198 312 335 171 68 420 176 293 385 18 326 285 96 0 188 14 244 180 139 249 257 132 199 130 187 128 102 125 148
259 297 221 154 129 94 85 85 290 374 182 296 319 155 256 404 86 277 369 178 310 269 284 188 0 174 72 8 49 233 241 116 183 114 171 112 86 109 132
261 299 223 156 287 252 259 259 116 200 184 298 321 157 82 406 162 279 371 4 312 271 110 14 174 0 230 166 125 235 243 118 185 116 173 114 88 111 134
315 353 277 210 57 22 157 157 346 430 238 352 375 211 312 460 142 333 425 234 366 325 340 244 72 230 0 64 105 289 297 172 239 170 227 168 142 165 188
251 289 213 146 121 86 93 93 282 366 174 288 311 147 248 396 78 269 361 170 302 261 276 180 8 166 64 0 41 225 233 108 175 106 163 104 78 101 124
210 248 172 105 162 127 134 134 241 325 133 247 270 106 207 355 37 228 320 129 261 220 235 139 49 125 105 41 0 184 192 67 134 65 122 63 37 60 83
274 64 88 163 346 311 318 318 351 435 191 63 334 164 317 171 221 292 136 239 77 36 345 249 233 235 289 225 184 0 256 125 50 123 186 121 147 124 147
158 320 244 177 354 319 326 326 359 443 205 319 78 178 325 427 229 36 392 247 333 292 353 257 241 243 297 233 192 256 0 139 206 137 70 135 155 132 109
157 189 113 38 229 194 201 201 234 318 70 188 217 39 200 296 104 175 261 122 202 161 228 132 116 118 172 108 67 125 139 0 75 2 69 4 30 7 30
224 114 38 113 296 261 268 268 301 385 141 113 284 114 267 221 171 242 186 189 127 86 295 199 183 185 239 175 134 50 206 75 0 73 136 71 97 74 97
155 187 111 40 227 192 199 199 232 316 68 186 215 41 198 294 102 173 259 120 200 159 226 130 114 116 170 106 65 123 137 2 73 0 67 2 28 5 28
88 250 174 107 284 249 256 256 289 373 135 249 148 108 255 357 159 106 322 177 263 222 283 187 171 173 227 163 122 186 70 69 136 67 0 65 85 62 39
153 185 109 42 225 190 197 197 230 314 70 184 213 43 196 292 100 171 257 118 198 157 224 128 112 114 168 104 63 121 135 4 71 2 65 0 26 3 26
173 211 135 68 199 164 171 171 204 288 96 210 233 69 170 318 74 191 283 92 224 183 198 102 86 88 142 78 37 147 155 30 97 28 85 26 0 23 46
150 188 112 45 222 187 194 194 227 311 73 187 210 46 193 295 97 168 260 115 201 160 221 125 109 111 165 101 60 124 132 7 74 5 62 3 23 0 23
127 211 135 68 245 210 217 217 250 334 96 210 187 69 216 318 120 145 283 138 224 183 244 148 132 134 188 124 83 147 109 30 97 28 39 26 46 23 0
