0 292 129 334 476 264 630 762 414 298 110 626 266 323 183 88 215 441 440 84 167 32 19 133 273 28 214 82 302 532 141 504 489 333 137 181 334 291 285
292 0 439 211 229 117 325 398 346 334 209 489 248 183 383 265 414 308 298 241 318 276 252 266 160 163 303 233 305 411 182 404 217 144 117 87 175 76 88
129 439 0 425 502 426 730 765 535 350 288 776 384 295 212 374 128 485 560 169 308 103 128 100 386 172 375 109 284 698 211 656 555 437 253 269 490 471 445
334 211 425 0 492 269 558 575 397 409 325 597 393 144 294 243 491 374 430 354 243 310 243 329 -8 162 386 281 379 531 173 514 414 324 209 173 269 267 297
476 229 502 492 0 189 373 332 550 507 464 344 469 512 580 389 510 187 146 427 437 451 447 415 412 428 591 336 474 354 310 359 143 116 345 164 36 165 134
264 117 426 269 189 0 365 295 432 426 344 346 434 185 409 343 447 156 196 310 305 286 296 308 194 296 313 152 329 367 204 304 183 139 84 139 98 66 23
630 325 730 558 373 365 0 262 727 623 598 256 713 547 717 666 678 249 326 660 698 624 548 543 642 629 589 643 506 132 578 94 248 392 513 436 295 274 374
762 398 765 575 332 295 262 0 734 655 740 153 722 694 684 698 799 275 446 734 664 717 692 628 616 630 721 560 578 72 641 98 148 364 436 478 372 383 349
414 346 535 397 550 432 727 734 0 226 309 777 147 369 418 164 414 548 592 259 126 259 334 220 359 237 65 265 131 691 146 616 625 610 293 347 431 396 393
298 334 350 409 507 426 623 655 226 0 321 713 193 402 275 5 489 521 656 256 41 242 221 227 315 229 189 225 103 653 183 675 579 467 260 334 443 350 349
110 209 288 325 464 344 598 740 309 321 0 640 283 195 190 174 300 498 549 108 254 120 167 203 334 124 244 73 280 622 -28 523 395 301 188 237 394 315 292
626 489 776 597 344 346 256 153 777 713 640 0 720 596 758 660 839 199 503 632 682 698 722 601 579 612 659 595 591 12 574 221 165 297 495 520 248 392 350
266 248 384 393 469 434 713 722 147 193 283 720 0 396 303 54 408 493 521 195 88 351 239 235 340 158 -42 273 83 682 233 556 498 545 195 321 408 379 429
323 183 295 144 512 185 547 694 369 402 195 596 396 0 338 336 414 514 496 236 322 317 244 232 -4 266 365 255 237 535 222 514 421 352 132 195 346 210 209
183 383 212 294 580 409 717 684 418 275 190 758 303 338 0 253 307 502 544 125 261 157 135 129 315 163 313 118 257 727 199 567 436 440 283 283 437 332 344
88 265 374 243 389 343 666 698 164 5 174 660 54 336 253 0 382 415 397 121 -16 226 195 179 381 247 32 101 -68 486 104 554 384 375 120 142 412 328 236
215 414 128 491 510 447 678 799 414 489 300 839 408 414 307 382 0 638 487 192 368 20 171 105 426 61 343 172 392 693 199 578 629 597 309 316 567 396 440
441 308 485 374 187 156 249 275 548 521 498 199 493 514 502 415 638 0 299 332 401 524 412 430 296 359 449 274 433 135 325 97 48 195 352 200 69 153 144
440 298 560 430 146 196 326 446 592 656 549 503 521 496 544 397 487 299 0 490 427 505 480 448 398 486 522 369 374 336 346 267 254 -20 348 267 64 215 264
84 241 169 354 427 310 660 734 259 256 108 632 195 236 125 121 192 332 490 0 203 71 34 42 281 61 183 38 135 571 66 439 457 452 95 271 376 304 275
167 318 308 243 437 305 698 664 126 41 254 682 88 322 261 -16 368 401 427 203 0 187 160 67 274 189 81 170 50 577 61 535 448 428 222 288 370 304 261
32 276 103 310 451 286 624 717 259 242 120 698 351 317 157 226 20 524 505 71 187 0 28 0 302 76 282 97 208 603 82 517 467 506 244 328 413 294 321
19 252 128 243 447 296 548 692 334 221 167 722 239 244 135 195 171 412 480 34 160 28 0 88 227 28 158 128 176 570 64 561 379 294 131 127 381 251 213
133 266 100 329 415 308 543 628 220 227 203 601 235 232 129 179 105 430 448 42 67 0 88 0 214 -43 275 61 196 634 95 503 478 464 141 176 370 278 312
273 160 386 -8 412 194 642 616 359 315 334 579 340 -4 315 381 426 296 398 281 274 302 227 214 0 189 382 162 317 522 147 334 305 419 24 173 247 245 223
28 163 172 162 428 296 629 630 237 229 124 612 158 266 163 247 61 359 486 61 189 76 28 -43 189 0 191 22 161 520 135 449 418 394 155 184 283 328 251
214 303 375 386 591 313 589 721 65 189 244 659 -42 365 313 32 343 449 522 183 81 282 158 275 382 191 0 130 75 676 131 596 470 448 199 312 453 390 435
82 233 109 281 336 152 643 560 265 225 73 595 273 255 118 101 172 274 369 38 170 97 128 61 162 22 130 0 185 505 -2 496 406 280 105 213 225 268 264
302 305 284 379 474 329 506 578 131 103 280 591 83 237 257 -68 392 433 374 135 50 208 176 196 317 161 75 185 0 481 96 489 443 368 152 172 379 358 256
532 411 698 531 354 367 132 72 691 653 622 12 682 535 727 486 693 135 336 571 577 603 570 634 522 520 676 505 481 0 471 50 130 254 344 379 262 269 318
141 182 211 173 310 204 578 641 146 183 -28 574 233 222 199 104 199 325 346 66 61 82 64 95 147 135 131 -2 96 471 0 443 350 270 120 221 294 156 194
504 404 656 514 359 304 94 98 616 675 523 221 556 514 567 554 578 97 267 439 535 517 561 503 334 449 596 496 489 50 443 0 120 152 332 305 184 131 293
489 217 555 414 143 183 248 148 625 579 395 165 498 421 436 384 629 48 254 457 448 467 379 478 305 418 470 406 443 130 350 120 0 170 227 220 34 196 169
333 144 437 324 116 139 392 364 610 467 301 297 545 352 440 375 597 195 -20 452 428 506 294 464 419 394 448 280 368 254 270 152 170 0 192 131 -38 209 165
137 117 253 209 345 84 513 436 293 260 188 495 195 132 283 120 309 352 348 95 222 244 131 141 24 155 199 105 152 344 120 332 227 192 0 17 141 91 131
181 87 269 173 164 139 436 478 347 334 237 520 321 195 283 142 316 200 267 271 288 328 127 176 173 184 312 213 172 379 221 305 220 131 17 0 185 50 64
334 175 490 269 36 98 295 372 431 443 394 248 408 346 437 412 567 69 64 376 370 413 381 370 247 283 453 225 379 262 294 184 34 -38 141 185 0 55 98
291 76 471 267 165 66 274 383 396 350 315 392 379 210 332 328 396 153 215 304 304 294 251 278 245 328 390 268 358 269 156 131 196 209 91 50 55 0 -101
285 88 445 297 134 23 374 349 393 349 292 350 429 209 344 236 440 144 264 275 261 321 213 312 223 251 435 264 256 318 194 293 169 165 131 64 98 -101 0
