0 225 290 214 327 161 247 345 199 169 174 78 300 201 276 33 114 135 224
225 0 287 37 324 320 406 342 358 166 333 237 297 24 273 192 111 132 221
290 287 0 276 65 385 471 83 423 189 398 302 38 263 14 257 176 155 66
214 37 276 0 313 309 395 331 347 155 322 226 286 13 262 181 100 121 210
327 324 65 313 0 422 508 72 460 226 435 339 27 300 51 294 213 192 103
161 320 385 309 422 0 252 440 204 264 179 83 395 296 371 128 209 230 319
247 406 471 395 508 252 0 526 98 350 73 169 481 382 457 214 295 316 405
345 342 83 331 72 440 526 0 478 244 453 357 45 318 69 312 231 210 121
199 358 423 347 460 204 98 478 0 302 25 121 433 334 409 166 247 268 357
169 166 189 155 226 264 350 244 302 0 277 181 199 142 175 136 55 34 123
174 333 398 322 435 179 73 453 25 277 0 96 408 309 384 141 222 243 332
78 237 302 226 339 83 169 357 121 181 96 0 312 213 288 45 126 147 236
300 297 38 286 27 395 481 45 433 199 408 312 0 273 24 267 186 165 76
201 24 263 13 300 296 382 318 334 142 309 213 273 0 249 168 87 108 197
276 273 14 262 51 371 457 69 409 175 384 288 24 249 0 243 162 141 52
33 192 257 181 294 128 214 312 166 136 141 45 267 168 243 0 81 102 191
114 111 176 100 213 209 295 231 247 55 222 126 186 87 162 81 0 21 110
135 132 155 121 192 230 316 210 268 34 243 147 165 108 141 102 21 0 89
224 221 66 210 103 319 405 121 357 123 332 236 76 197 52 191 110 89 0
