0 348 383 369 391 274 391 350 425 110 331 337 351 232 250 229 191 77 126
348 0 342 315 81 237 349 196 395 326 32 301 318 222 92 199 158 277 232
383 342 0 227 393 179 253 349 90 343 327 214 19 114 246 146 204 309 282
369 315 227 0 360 194 47 322 287 331 323 21 197 104 235 126 160 310 246
391 81 393 360 0 306 390 239 443 337 68 359 367 283 146 261 198 322 259
274 237 179 194 306 0 198 264 230 256 241 154 173 81 140 50 87 216 164
391 349 253 47 390 198 0 362 289 350 340 53 228 130 268 158 204 307 286
350 196 349 322 239 264 362 0 383 311 164 311 327 215 77 183 162 274 242
425 395 90 287 443 230 289 383 0 383 373 271 74 182 278 188 232 355 295
110 326 343 331 337 256 350 311 383 0 295 310 302 211 218 203 150 25 109
331 32 327 323 68 241 340 164 373 295 0 286 291 219 71 179 142 266 216
337 301 214 21 359 154 53 311 271 310 286 0 184 85 213 91 159 251 215
351 318 19 197 367 173 228 327 74 302 291 184 0 104 233 120 155 297 226
232 222 114 104 283 81 130 215 182 211 219 85 104 0 120 15 59 183 148
250 92 246 235 146 140 268 77 278 218 71 213 233 120 0 104 54 191 130
229 199 146 126 261 50 158 183 188 203 179 91 120 15 104 0 49 179 107
191 158 204 160 198 87 204 162 232 150 142 159 155 59 54 49 0 142 84
77 277 309 310 322 216 307 274 355 25 266 251 297 183 191 179 142 0 52
126 232 282 246 259 164 286 242 295 109 216 215 226 148 130 107 84 52 0
