0 341 301 401 328 385 129 387 458 353 374 80 305 295 234 291 246 185 137
341 0 145 229 352 370 336 402 435 348 361 289 309 144 106 266 239 155 218
301 145 0 101 336 352 319 380 445 347 361 267 298 20 58 255 228 159 191
401 229 101 0 395 416 383 419 496 413 416 319 357 78 124 352 294 191 267
328 352 336 395 0 217 352 140 214 186 126 294 145 317 242 67 93 187 190
385 370 352 416 217 0 367 270 343 115 250 312 59 325 282 178 129 215 248
129 336 319 383 352 367 0 385 465 366 361 64 300 311 264 303 248 167 132
387 402 380 419 140 270 385 0 103 228 49 320 187 340 315 73 137 200 243
458 435 445 496 214 343 465 103 0 331 97 398 264 437 372 154 198 297 320
353 348 347 413 186 115 366 228 331 0 220 309 53 317 277 143 108 190 226
374 361 361 416 126 250 361 49 97 220 0 316 195 318 278 64 114 179 239
80 289 267 319 294 312 64 320 398 309 316 0 255 229 192 229 190 100 48
305 309 298 357 145 59 300 187 264 53 195 255 0 257 219 105 71 138 188
295 144 20 78 317 325 311 340 437 317 318 229 257 0 61 262 202 122 183
234 106 58 124 242 282 264 315 372 277 278 192 219 61 0 204 160 71 118
291 266 255 352 67 178 303 73 154 143 64 229 105 262 204 0 42 126 160
246 239 228 294 93 129 248 137 198 108 114 190 71 202 160 42 0 70 129
185 155 159 191 187 215 167 200 297 190 179 100 138 122 71 126 70 0 37
137 218 191 267 190 248 132 243 320 226 239 48 188 183 118 160 129 37 0
