0 15 253 255 356 224 131 280 373 207 222 175 35 279 204 127 60 74 147
15 0 231 239 335 221 116 258 338 191 209 139 32 247 187 126 33 77 143
253 231 0 379 482 154 249 224 464 178 149 93 222 401 323 117 193 219 258
255 239 379 0 212 351 205 412 206 324 332 284 237 131 52 264 195 172 106
356 335 482 212 0 457 311 515 185 435 466 392 338 87 169 395 314 269 213
224 221 154 351 457 0 223 95 464 164 21 71 199 384 312 86 160 186 249
131 116 249 205 311 223 0 297 293 198 219 174 107 246 141 161 67 46 103
280 258 224 412 515 95 297 0 531 223 81 125 263 451 368 154 224 232 314
373 338 464 206 185 464 293 531 0 422 437 386 337 76 153 369 294 274 211
207 191 178 324 435 164 198 223 422 0 164 111 189 351 288 67 140 188 223
222 209 149 332 466 21 219 81 437 164 0 64 182 383 297 58 153 184 242
175 139 93 284 392 71 174 125 386 111 64 0 138 313 239 25 85 119 179
35 32 222 237 338 199 107 263 337 189 182 138 0 263 193 127 29 70 142
279 247 401 131 87 384 246 451 76 351 383 313 263 0 55 292 218 178 119
204 187 323 52 169 312 141 368 153 288 297 239 193 55 0 197 126 114 62
127 126 117 264 395 86 161 154 369 67 58 25 127 292 197 0 75 98 154
60 33 193 195 314 160 67 224 294 140 153 85 29 218 126 75 0 59 89
74 77 219 172 269 186 46 232 274 188 184 119 70 178 114 98 59 0 58
147 143 258 106 213 249 103 314 211 223 242 179 142 119 62 154 89 58 0
