0 279 268 310 234 217 141 229 265 308 163 256 215 163 131 157 46 108 143
279 0 311 353 181 237 291 260 185 229 219 211 243 106 150 87 235 145 111
268 311 0 145 295 220 318 255 330 364 170 307 44 229 142 220 233 172 192
310 353 145 0 314 222 346 298 342 388 203 327 92 258 163 237 236 205 227
234 181 295 314 0 222 297 223 165 201 179 176 239 78 142 82 182 117 100
217 237 220 222 222 0 220 113 240 265 47 237 156 144 72 147 160 88 130
141 291 318 346 297 220 0 259 299 341 180 293 238 206 173 194 100 150 170
229 260 255 298 223 113 259 0 243 302 64 248 176 165 88 148 179 99 135
265 185 330 342 165 240 299 243 0 37 216 11 241 100 170 96 234 150 117
308 229 364 388 201 265 341 302 37 0 211 46 287 137 209 140 267 187 147
163 219 170 203 179 47 180 64 216 211 0 198 100 120 15 93 110 52 88
256 211 307 327 176 237 293 248 11 46 198 0 256 75 175 115 209 141 121
215 243 44 92 239 156 238 176 241 287 100 256 0 168 87 137 172 92 140
163 106 229 258 78 144 206 165 100 137 120 75 168 0 68 -8 126 50 2
131 150 142 163 142 72 173 88 170 209 15 175 87 68 0 66 66 23 60
157 87 220 237 82 147 194 148 96 140 93 115 137 -8 66 0 117 62 33
46 235 233 236 182 160 100 179 234 267 110 209 172 126 66 117 0 70 102
108 145 172 205 117 88 150 99 150 187 52 141 92 50 23 62 70 0 57
143 111 192 227 100 130 170 135 117 147 88 121 140 2 60 33 102 57 0
