0 98 335 225 302 201 229 409 414 133 199 47 101 383 286 242 190 133 116
98 0 339 229 306 205 233 413 418 137 203 51 105 387 290 246 194 137 120
335 339 0 180 153 156 298 260 265 266 154 288 234 234 137 93 145 202 219
225 229 180 0 147 28 188 254 259 156 26 178 124 228 131 87 35 92 109
302 306 153 147 0 123 265 139 144 233 121 255 201 113 16 60 112 169 186
201 205 156 28 123 0 164 230 235 132 2 154 100 204 107 63 11 68 85
229 233 298 188 265 164 0 372 377 160 162 182 128 346 249 205 153 96 113
409 413 260 254 139 230 372 0 57 340 228 362 308 26 123 167 219 276 293
414 418 265 259 144 235 377 57 0 345 233 367 313 31 128 172 224 281 298
133 137 266 156 233 132 160 340 345 0 130 86 32 314 217 173 121 64 47
199 203 154 26 121 2 162 228 233 130 0 152 98 202 105 61 9 66 83
47 51 288 178 255 154 182 362 367 86 152 0 54 336 239 195 143 86 69
101 105 234 124 201 100 128 308 313 32 98 54 0 282 185 141 89 32 15
383 387 234 228 113 204 346 26 31 314 202 336 282 0 97 141 193 250 267
286 290 137 131 16 107 249 123 128 217 105 239 185 97 0 44 96 153 170
242 246 93 87 60 63 205 167 172 173 61 195 141 141 44 0 52 109 126
190 194 145 35 112 11 153 219 224 121 9 143 89 193 96 52 0 57 74
133 137 202 92 169 68 96 276 281 64 66 86 32 250 153 109 57 0 17
116 120 219 109 186 85 113 293 298 47 83 69 15 267 170 126 74 17 0
