0 342 137 331 360 158 96 356 276 295 6 278 233 93 158 301 81 226 167
342 0 320 183 493 184 366 530 82 455 309 75 97 229 162 476 244 386 332
137 320 0 318 324 162 176 330 275 276 123 249 213 50 139 288 48 202 166
331 183 318 0 493 187 358 531 137 464 319 129 96 263 178 453 266 402 338
360 493 324 493 0 349 408 93 454 177 315 424 404 261 318 45 270 100 166
158 184 162 187 349 0 199 361 153 308 155 124 87 97 42 318 85 243 178
96 366 176 358 408 199 0 391 320 320 71 284 255 115 198 337 107 252 207
356 530 330 531 93 361 391 0 466 178 325 447 430 271 327 50 267 102 173
276 82 275 137 454 153 320 466 0 405 233 16 22 191 117 404 207 340 277
295 455 276 464 177 308 320 178 405 0 281 371 374 201 281 119 214 57 132
6 309 123 319 315 155 71 325 233 281 0 236 207 45 125 280 74 213 140
278 75 249 129 424 124 284 447 16 371 236 0 2 176 104 372 184 329 259
233 97 213 96 404 87 255 430 22 374 207 2 0 165 99 362 150 314 243
93 229 50 263 261 97 115 271 191 201 45 176 165 0 83 225 -8 144 94
158 162 139 178 318 42 198 327 117 281 125 104 99 83 0 281 75 209 159
301 476 288 453 45 318 337 50 404 119 280 372 362 225 281 0 205 71 111
81 244 48 266 270 85 107 267 207 214 74 184 150 -8 75 205 0 148 105
226 386 202 402 100 243 252 102 340 57 213 329 314 144 209 71 148 0 68
167 332 166 338 166 178 207 173 277 132 140 259 243 94 159 111 105 68 0
