0 50 384 397 368 107 277 439 333 105 331 285 82 -10 80 238 169 255 323
50 0 446 481 436 179 357 464 386 144 372 327 149 51 120 287 200 327 363
384 446 0 300 261 308 360 471 137 337 214 98 319 376 297 133 218 321 382
397 481 300 0 134 372 376 505 235 345 81 205 319 408 334 149 243 326 417
368 436 261 134 0 325 339 451 222 308 41 167 325 369 302 119 212 293 375
107 179 308 372 325 0 239 381 266 14 286 228 34 95 18 192 127 193 294
277 357 360 376 339 239 0 213 273 220 290 242 230 281 218 202 114 19 132
439 464 471 505 451 381 213 0 418 373 420 384 342 430 348 339 258 178 92
333 386 137 235 222 266 273 418 0 252 165 46 260 331 243 71 158 248 320
105 144 337 345 308 14 220 373 252 0 255 219 23 86 25 185 132 191 277
331 372 214 81 41 286 290 420 165 255 0 132 265 327 259 88 154 264 327
285 327 98 205 167 228 242 384 46 219 132 0 232 287 204 48 109 192 291
82 149 319 319 325 34 230 342 260 23 265 232 0 78 21 178 97 169 265
-10 51 376 408 369 95 281 430 331 86 327 287 78 0 83 243 139 255 313
80 120 297 334 302 18 218 348 243 25 259 204 21 83 0 170 80 174 240
238 287 133 149 119 192 202 339 71 185 88 48 178 243 170 0 75 178 237
169 200 218 243 212 127 114 258 158 132 154 109 97 139 80 75 0 75 170
255 327 321 326 293 193 19 178 248 191 264 192 169 255 174 178 75 0 80
323 363 382 417 375 294 132 92 320 277 327 291 265 313 240 237 170 80 0
