0 271 223 249 207 219 37 191 153 315 102 221 167 100 238 11 184 78 145
271 0 126 152 322 334 286 306 268 110 217 124 282 215 33 260 87 193 126
223 126 0 30 274 286 238 258 220 170 169 2 234 167 93 212 39 145 78
249 152 30 0 300 312 264 284 246 196 195 28 260 193 119 238 65 171 104
207 322 274 300 0 92 222 198 160 366 109 272 40 107 289 196 235 129 196
219 334 286 312 92 0 234 210 172 378 121 284 52 119 301 208 247 141 208
37 286 238 264 222 234 0 206 168 330 117 236 182 115 253 26 199 93 160
191 306 258 284 198 210 206 0 140 350 89 256 158 91 273 180 219 113 180
153 268 220 246 160 172 168 140 0 312 51 218 120 53 235 142 181 75 142
315 110 170 196 366 378 330 350 312 0 261 168 326 259 77 304 131 237 170
102 217 169 195 109 121 117 89 51 261 0 167 69 2 184 91 130 24 91
221 124 2 28 272 284 236 256 218 168 167 0 232 165 91 210 37 143 76
167 282 234 260 40 52 182 158 120 326 69 232 0 67 249 156 195 89 156
100 215 167 193 107 119 115 91 53 259 2 165 67 0 182 89 128 22 89
238 33 93 119 289 301 253 273 235 77 184 91 249 182 0 227 54 160 93
11 260 212 238 196 208 26 180 142 304 91 210 156 89 227 0 173 67 134
184 87 39 65 235 247 199 219 181 131 130 37 195 128 54 173 0 106 39
78 193 145 171 129 141 93 113 75 237 24 143 89 22 160 67 106 0 67
145 126 78 104 196 208 160 180 142 170 91 76 156 89 93 134 39 67 0
