0 56 381 408 379 109 295 424 326 94 335 286 89 2 79 245 166 254 327
56 0 433 460 431 161 347 476 378 146 387 338 141 54 131 297 218 306 379
381 433 0 299 270 332 344 473 135 317 226 95 312 379 302 136 215 303 376
408 460 299 0 117 359 371 500 244 344 73 204 339 406 329 163 242 330 403
379 431 270 117 0 330 342 471 215 315 44 175 310 377 300 134 213 301 374
109 161 332 359 330 0 246 375 277 25 286 237 20 107 30 196 117 205 278
295 347 344 371 342 246 0 211 289 231 298 249 226 293 216 208 129 41 114
424 476 473 500 471 375 211 0 418 360 427 378 355 422 345 337 258 170 97
326 378 135 244 215 277 289 418 0 262 171 40 257 324 247 81 160 248 321
94 146 317 344 315 25 231 360 262 0 271 222 5 92 15 181 102 190 263
335 387 226 73 44 286 298 427 171 271 0 131 266 333 256 90 169 257 330
286 338 95 204 175 237 249 378 40 222 131 0 217 284 207 41 120 208 281
89 141 312 339 310 20 226 355 257 5 266 217 0 87 10 176 97 185 258
2 54 379 406 377 107 293 422 324 92 333 284 87 0 77 243 164 252 325
79 131 302 329 300 30 216 345 247 15 256 207 10 77 0 166 87 175 248
245 297 136 163 134 196 208 337 81 181 90 41 176 243 166 0 79 167 240
166 218 215 242 213 117 129 258 160 102 169 120 97 164 87 79 0 88 161
254 306 303 330 301 205 41 170 248 190 257 208 185 252 175 167 88 0 73
327 379 376 403 374 278 114 97 321 263 330 281 258 325 248 240 161 73 0
