0 159 240 244 149 292 235 337 286 269 250 159 245 139 75 1 159 79 -4
159 0 254 402 295 433 246 475 313 264 273 174 386 163 82 166 307 217 167
240 254 0 464 358 501 183 565 216 175 173 79 483 83 170 221 376 326 229
244 402 464 0 220 196 493 259 522 511 472 407 173 388 316 249 76 179 241
149 295 358 220 0 260 396 308 433 393 374 298 215 279 216 139 158 54 133
292 433 501 196 260 0 520 135 569 516 507 445 42 441 347 261 116 189 282
235 246 183 493 396 520 0 579 222 186 194 100 488 96 154 253 399 314 227
337 475 565 259 308 135 579 0 621 582 563 490 99 476 421 329 155 246 314
286 313 216 522 433 569 222 621 0 49 39 121 524 137 210 303 420 351 268
269 264 175 511 393 516 186 582 49 0 10 94 481 99 197 259 404 332 257
250 273 173 472 374 507 194 563 39 10 0 96 486 104 185 241 425 328 255
159 174 79 407 298 445 100 490 121 94 96 0 383 -2 85 154 312 229 147
245 386 483 173 215 42 488 99 524 481 486 383 0 395 300 252 81 160 229
139 163 83 388 279 441 96 476 137 99 104 -2 395 0 85 143 293 230 157
75 82 170 316 216 347 154 421 210 197 185 85 300 85 0 53 222 142 67
1 166 221 249 139 261 253 329 303 259 241 154 252 143 53 0 152 65 -1
159 307 376 76 158 116 399 155 420 404 425 312 81 293 222 152 0 83 167
79 217 326 179 54 189 314 246 351 332 328 229 160 230 142 65 83 0 58
-4 167 229 241 133 282 227 314 268 257 255 147 229 157 67 -1 167 58 0
