0 252 241 407 290 361 407 407 347 400 370 356 351 327 305 208 238 151 86
252 0 17 357 240 311 357 357 297 350 320 306 301 277 255 158 14 101 166
241 17 0 346 229 300 346 346 286 339 309 295 290 266 244 147 3 90 155
407 357 346 0 281 114 160 102 144 95 65 51 104 80 102 199 343 256 321
290 240 229 281 0 235 281 281 221 274 244 230 225 201 179 82 226 139 204
361 311 300 114 235 0 66 114 98 107 77 63 10 34 56 153 297 210 275
407 357 346 160 281 66 0 160 144 153 123 109 56 80 102 199 343 256 321
407 357 346 102 281 114 160 0 144 67 37 51 104 80 102 199 343 256 321
347 297 286 144 221 98 144 144 0 137 107 93 88 64 42 139 283 196 261
400 350 339 95 274 107 153 67 137 0 30 44 97 73 95 192 336 249 314
370 320 309 65 244 77 123 37 107 30 0 14 67 43 65 162 306 219 284
356 306 295 51 230 63 109 51 93 44 14 0 53 29 51 148 292 205 270
351 301 290 104 225 10 56 104 88 97 67 53 0 24 46 143 287 200 265
327 277 266 80 201 34 80 80 64 73 43 29 24 0 22 119 263 176 241
305 255 244 102 179 56 102 102 42 95 65 51 46 22 0 97 241 154 219
208 158 147 199 82 153 199 199 139 192 162 148 143 119 97 0 144 57 122
238 14 3 343 226 297 343 343 283 336 306 292 287 263 241 144 0 87 152
151 101 90 256 139 210 256 256 196 249 219 205 200 176 154 57 87 0 65
86 166 155 321 204 275 321 321 261 314 284 270 265 241 219 122 152 65 0
