0 194 332 237 99 215 271 267 153 173 187 85 32 143 121 65 251 180 95
194 0 359 82 195 309 319 349 61 208 240 156 128 24 42 108 272 187 121
332 359 0 418 343 452 133 525 359 189 444 336 321 354 356 264 87 183 232
237 82 418 0 224 350 366 416 117 251 305 213 176 85 80 149 316 215 179
99 195 343 224 0 167 288 196 176 185 121 15 53 164 145 78 262 165 91
215 309 452 350 167 0 402 133 295 297 34 118 163 270 257 193 379 276 218
271 319 133 366 288 402 0 457 306 133 377 253 252 279 252 206 34 106 167
267 349 525 416 196 133 457 0 375 356 77 196 219 330 324 244 428 361 287
153 61 359 117 176 295 306 375 0 214 256 175 133 30 21 98 271 174 125
173 208 189 251 185 297 133 356 214 0 250 161 141 193 156 122 112 11 51
187 240 444 305 121 34 377 77 256 250 0 118 116 231 231 151 341 248 192
85 156 336 213 15 118 253 196 175 161 118 0 26 141 121 62 247 160 83
32 128 321 176 53 163 252 219 133 141 116 26 0 106 93 29 211 125 63
143 24 354 85 164 270 279 330 30 193 231 141 106 0 7 86 239 162 93
121 42 356 80 145 257 252 324 21 156 231 121 93 7 0 80 261 152 103
65 108 264 149 78 193 206 244 98 122 151 62 29 86 80 0 179 108 33
251 272 87 316 262 379 34 428 271 112 341 247 211 239 261 179 0 82 174
180 187 183 215 165 276 106 361 174 11 248 160 125 162 152 108 82 0 72
95 121 232 179 91 218 167 287 125 51 192 83 63 93 103 33 174 72 0
