0 127 285 323 174 205 201 365 268 345 294 239 244 172 180 139 56 138 218
127 0 175 335 206 207 195 394 286 359 287 256 257 183 208 175 65 15 82
285 175 0 483 360 365 372 567 438 525 457 417 408 335 366 288 234 169 76
323 335 483 0 206 241 143 218 127 187 121 96 61 194 124 174 269 324 426
174 206 360 206 0 73 80 257 163 248 211 139 131 -6 75 27 119 189 275
205 207 365 241 73 0 108 306 192 268 211 174 142 48 128 81 150 215 289
201 195 372 143 80 108 0 200 85 162 116 66 54 64 -2 38 120 202 282
365 394 567 218 257 306 200 0 159 155 80 134 130 261 176 242 314 387 493
268 286 438 127 163 192 85 159 0 118 53 14 24 138 83 123 226 283 358
345 359 525 187 248 268 162 155 118 0 62 94 103 221 168 216 284 347 448
294 287 457 121 211 211 116 80 53 62 0 42 58 174 108 162 241 308 394
239 256 417 96 139 174 66 134 14 94 42 0 7 132 51 107 178 257 315
244 257 408 61 131 142 54 130 24 103 58 7 0 119 57 97 192 260 323
172 183 335 194 -6 48 64 261 138 221 174 132 119 0 75 34 98 175 259
180 208 366 124 75 128 -2 176 83 168 108 51 57 75 0 37 124 182 277
139 175 288 174 27 81 38 242 123 216 162 107 97 34 37 0 78 162 228
56 65 234 269 119 150 120 314 226 284 241 178 192 98 124 78 0 78 167
138 15 169 324 189 215 202 387 283 347 308 257 260 175 182 162 78 0 72
218 82 76 426 275 289 282 493 358 448 394 315 323 259 277 228 167 72 0
