0 184 332 142 346 477 246 488 295 443 108 405 387 289 284 233 92 169 113
184 0 332 110 346 477 246 488 295 443 76 405 387 289 284 233 92 169 113
332 332 0 290 212 343 240 354 59 309 256 271 253 155 48 99 240 163 219
142 110 290 0 304 435 204 446 253 401 34 363 345 247 242 191 50 127 71
346 346 212 304 0 245 254 256 175 211 270 173 155 57 164 113 254 177 233
477 477 343 435 245 0 385 191 306 146 401 108 90 188 295 244 385 308 364
246 246 240 204 254 385 0 396 203 351 170 313 295 197 192 141 154 77 133
488 488 354 446 256 191 396 0 317 121 412 83 101 199 306 255 396 319 375
295 295 59 253 175 306 203 317 0 272 219 234 216 118 11 62 203 126 182
443 443 309 401 211 146 351 121 272 0 367 38 56 154 261 210 351 274 330
108 76 256 34 270 401 170 412 219 367 0 329 311 213 208 157 16 93 37
405 405 271 363 173 108 313 83 234 38 329 0 18 116 223 172 313 236 292
387 387 253 345 155 90 295 101 216 56 311 18 0 98 205 154 295 218 274
289 289 155 247 57 188 197 199 118 154 213 116 98 0 107 56 197 120 176
284 284 48 242 164 295 192 306 11 261 208 223 205 107 0 51 192 115 171
233 233 99 191 113 244 141 255 62 210 157 172 154 56 51 0 141 64 120
92 92 240 50 254 385 154 396 203 351 16 313 295 197 192 141 0 77 21
169 169 163 127 177 308 77 319 126 274 93 236 218 120 115 64 77 0 56
113 113 219 71 233 364 133 375 182 330 37 292 274 176 171 120 21 56 0
