0 220 261 169 353 341 110 248 110 154 99 280 97 232 204 36 69 146 220
220 0 189 317 165 153 192 60 258 302 247 92 245 44 16 184 151 74 148
261 189 0 358 322 310 233 217 299 343 288 249 286 201 173 225 192 115 41
169 317 358 0 450 438 207 345 85 129 74 377 72 329 301 133 166 243 317
353 165 322 450 0 134 325 137 391 435 380 73 378 121 149 317 284 207 281
341 153 310 438 134 0 313 125 379 423 368 61 366 109 137 305 272 195 269
110 192 233 207 325 313 0 220 148 192 137 252 135 204 176 74 41 118 192
248 60 217 345 137 125 220 0 286 330 275 64 273 16 44 212 179 102 176
110 258 299 85 391 379 148 286 0 66 11 318 13 270 242 74 107 184 258
154 302 343 129 435 423 192 330 66 0 55 362 57 314 286 118 151 228 302
99 247 288 74 380 368 137 275 11 55 0 307 2 259 231 63 96 173 247
280 92 249 377 73 61 252 64 318 362 307 0 305 48 76 244 211 134 208
97 245 286 72 378 366 135 273 13 57 2 305 0 257 229 61 94 171 245
232 44 201 329 121 109 204 16 270 314 259 48 257 0 28 196 163 86 160
204 16 173 301 149 137 176 44 242 286 231 76 229 28 0 168 135 58 132
36 184 225 133 317 305 74 212 74 118 63 244 61 196 168 0 33 110 184
69 151 192 166 284 272 41 179 107 151 96 211 94 163 135 33 0 77 151
146 74 115 243 207 195 118 102 184 228 173 134 171 86 58 110 77 0 74
220 148 41 317 281 269 192 176 258 302 247 208 245 160 132 184 151 74 0
