0 69 375 483 488 352 129 382 218 183 414 345 360 302 212 43 56 167 75
69 0 358 466 471 335 112 365 201 166 397 328 343 285 195 26 39 150 58
375 358 0 138 143 123 392 153 169 224 69 116 15 73 163 332 319 208 300
483 466 138 0 143 231 500 261 277 332 69 224 123 181 271 440 427 316 408
488 471 143 143 0 236 505 266 282 337 74 229 128 186 276 445 432 321 413
352 335 123 231 236 0 369 44 146 201 162 7 108 50 140 309 296 185 277
129 112 392 500 505 369 0 399 235 200 431 362 377 319 229 86 73 184 92
382 365 153 261 266 44 399 0 176 231 192 37 138 80 170 339 326 215 307
218 201 169 277 282 146 235 176 0 67 208 139 154 96 6 175 162 51 143
183 166 224 332 337 201 200 231 67 0 263 194 209 151 61 140 127 16 108
414 397 69 69 74 162 431 192 208 263 0 155 54 112 202 371 358 247 339
345 328 116 224 229 7 362 37 139 194 155 0 101 43 133 302 289 178 270
360 343 15 123 128 108 377 138 154 209 54 101 0 58 148 317 304 193 285
302 285 73 181 186 50 319 80 96 151 112 43 58 0 90 259 246 135 227
212 195 163 271 276 140 229 170 6 61 202 133 148 90 0 169 156 45 137
43 26 332 440 445 309 86 339 175 140 371 302 317 259 169 0 13 124 32
56 39 319 427 432 296 73 326 162 127 358 289 304 246 156 13 0 111 19
167 150 208 316 321 185 184 215 51 16 247 178 193 135 45 124 111 0 92
75 58 300 408 413 277 92 307 143 108 339 270 285 227 137 32 19 92 0
