0 157 89 407 316 269 326 394 385 242 313 315 217 75 70 279 184 146 243
157 0 96 424 333 286 343 411 402 259 330 332 234 82 87 296 201 163 260
89 96 0 356 265 218 275 343 334 191 262 264 166 14 19 228 133 95 192
407 424 356 0 431 384 103 509 500 357 428 92 332 342 337 394 299 261 164
316 333 265 431 0 217 350 152 143 190 71 339 165 251 246 37 132 170 267
269 286 218 384 217 0 303 295 286 77 214 292 52 204 199 180 85 123 220
326 343 275 103 350 303 0 428 419 276 347 11 251 261 256 313 218 180 83
394 411 343 509 152 295 428 0 153 268 81 417 243 329 324 115 210 248 345
385 402 334 500 143 286 419 153 0 259 72 408 234 320 315 106 201 239 336
242 259 191 357 190 77 276 268 259 0 187 265 25 177 172 153 58 96 193
313 330 262 428 71 214 347 81 72 187 0 336 162 248 243 34 129 167 264
315 332 264 92 339 292 11 417 408 265 336 0 240 250 245 302 207 169 72
217 234 166 332 165 52 251 243 234 25 162 240 0 152 147 128 33 71 168
75 82 14 342 251 204 261 329 320 177 248 250 152 0 5 214 119 81 178
70 87 19 337 246 199 256 324 315 172 243 245 147 5 0 209 114 76 173
279 296 228 394 37 180 313 115 106 153 34 302 128 214 209 0 95 133 230
184 201 133 299 132 85 218 210 201 58 129 207 33 119 114 95 0 38 135
146 163 95 261 170 123 180 248 239 96 167 169 71 81 76 133 38 0 97
243 260 192 164 267 220 83 345 336 193 264 72 168 178 173 230 135 97 0
