0 192 260 192 351 120 95 305 89 153 67 63 295 140 244 40 85 120 152
192 0 282 104 373 232 207 327 201 175 179 175 317 52 266 152 107 142 174
260 282 0 282 123 300 275 77 269 173 247 243 67 230 16 220 175 140 108
192 104 282 0 373 232 207 327 201 175 179 175 317 52 266 152 107 142 174
351 373 123 373 0 391 366 66 360 264 338 334 56 321 107 311 266 231 199
120 232 300 232 391 0 89 345 75 193 53 57 335 180 284 80 125 160 192
95 207 275 207 366 89 0 320 58 168 36 32 310 155 259 55 100 135 167
305 327 77 327 66 345 320 0 314 218 292 288 10 275 61 265 220 185 153
89 201 269 201 360 75 58 314 0 162 22 26 304 149 253 49 94 129 161
153 175 173 175 264 193 168 218 162 0 140 136 208 123 157 113 68 33 65
67 179 247 179 338 53 36 292 22 140 0 4 282 127 231 27 72 107 139
63 175 243 175 334 57 32 288 26 136 4 0 278 123 227 23 68 103 135
295 317 67 317 56 335 310 10 304 208 282 278 0 265 51 255 210 175 143
140 52 230 52 321 180 155 275 149 123 127 123 265 0 214 100 55 90 122
244 266 16 266 107 284 259 61 253 157 231 227 51 214 0 204 159 124 92
40 152 220 152 311 80 55 265 49 113 27 23 255 100 204 0 45 80 112
85 107 175 107 266 125 100 220 94 68 72 68 210 55 159 45 0 35 67
120 142 140 142 231 160 135 185 129 33 107 103 175 90 124 80 35 0 32
152 174 108 174 199 192 167 153 161 65 139 135 143 122 92 112 67 32 0
