0 139 328 393 438 484 451 159 346 234 368 374 314 275 66 260 123 152 199
139 0 199 256 337 358 321 168 244 119 259 269 223 170 76 134 28 61 71
328 199 0 116 209 215 189 314 145 215 118 118 62 49 252 71 171 128 135
393 256 116 0 80 211 178 381 222 285 19 143 57 73 327 138 243 211 176
438 337 209 80 0 268 228 452 282 359 77 203 115 174 362 225 321 277 257
484 358 215 211 268 0 158 483 347 385 215 81 165 170 400 216 337 312 282
451 321 189 178 228 158 0 450 291 357 178 54 116 161 360 185 306 286 245
159 168 314 381 452 483 450 0 349 269 368 385 330 291 80 245 147 177 214
346 244 145 222 282 347 291 349 0 246 216 242 163 122 272 83 208 181 149
234 119 215 285 359 385 357 269 246 0 276 299 239 196 153 178 97 58 133
368 259 118 19 77 215 178 368 216 276 0 115 60 105 301 128 225 211 184
374 269 118 143 203 81 54 385 242 299 115 0 80 96 317 129 261 220 171
314 223 62 57 115 165 116 330 163 239 60 80 0 65 251 61 186 171 129
275 170 49 73 174 170 161 291 122 196 105 96 65 0 211 42 149 118 73
66 76 252 327 362 400 360 80 272 153 301 317 251 211 0 180 65 105 109
260 134 71 138 225 216 185 245 83 178 128 129 61 42 180 0 105 80 43
123 28 171 243 321 337 306 147 208 97 225 261 186 149 65 105 0 24 88
152 61 128 211 277 312 286 177 181 58 211 220 171 118 105 80 24 0 45
199 71 135 176 257 282 245 214 149 133 184 171 129 73 109 43 88 45 0
