0 224 120 352 63 243 333 179 316 286 244 254 176 198 88 12 131 64 81
224 0 216 224 263 205 295 275 278 158 206 126 48 160 184 212 93 160 177
120 216 0 344 159 235 325 123 308 278 236 246 168 190 32 108 123 56 39
352 224 344 0 391 333 423 403 406 130 334 98 176 288 312 340 221 288 305
63 263 159 391 0 282 372 218 355 325 283 293 215 237 127 51 170 103 120
243 205 235 333 282 0 180 294 163 267 91 235 157 45 203 231 112 179 196
333 295 325 423 372 180 0 384 161 357 89 325 247 135 293 321 202 269 286
179 275 123 403 218 294 384 0 367 337 295 305 227 249 91 167 182 115 98
316 278 308 406 355 163 161 367 0 340 72 308 230 118 276 304 185 252 269
286 158 278 130 325 267 357 337 340 0 268 32 110 222 246 274 155 222 239
244 206 236 334 283 91 89 295 72 268 0 236 158 46 204 232 113 180 197
254 126 246 98 293 235 325 305 308 32 236 0 78 190 214 242 123 190 207
176 48 168 176 215 157 247 227 230 110 158 78 0 112 136 164 45 112 129
198 160 190 288 237 45 135 249 118 222 46 190 112 0 158 186 67 134 151
88 184 32 312 127 203 293 91 276 246 204 214 136 158 0 76 91 24 7
12 212 108 340 51 231 321 167 304 274 232 242 164 186 76 0 119 52 69
131 93 123 221 170 112 202 182 185 155 113 123 45 67 91 119 0 67 84
64 160 56 288 103 179 269 115 252 222 180 190 112 134 24 52 67 0 17
81 177 39 305 120 196 286 98 269 239 197 207 129 151 7 69 84 17 0
