0 255 334 373 281 381 323 176 384 58 197 337 335 278 169 238 142 75 121
255 0 298 330 156 370 313 86 347 216 51 308 319 228 89 210 111 188 114
334 298 0 204 308 249 173 235 234 286 239 180 174 109 200 84 197 274 192
373 330 204 0 363 221 154 260 114 339 288 154 47 68 254 120 216 304 235
281 156 308 363 0 364 337 113 382 221 83 322 342 271 116 237 120 225 141
381 370 249 221 364 0 91 294 240 362 315 68 181 117 258 155 253 342 255
323 313 173 154 337 91 0 221 164 278 265 5 133 68 227 100 198 303 190
176 86 235 260 113 294 221 0 283 123 51 214 218 159 1 123 14 116 76
384 347 234 114 382 240 164 283 0 342 287 164 36 91 257 141 247 322 255
58 216 286 339 221 362 278 123 342 0 153 271 260 227 132 191 95 2 97
197 51 239 288 83 315 265 51 287 153 0 254 235 172 31 164 55 149 64
337 308 180 154 322 68 5 214 164 271 254 0 97 59 201 80 191 277 187
335 319 174 47 342 181 133 218 36 260 235 97 0 75 210 51 190 266 202
278 228 109 68 271 117 68 159 91 227 172 59 75 0 148 37 109 241 128
169 89 200 254 116 258 227 1 257 132 31 201 210 148 0 128 19 107 40
238 210 84 120 237 155 100 123 141 191 164 80 51 37 128 0 101 203 109
142 111 197 216 120 253 198 14 247 95 55 191 190 109 19 101 0 84 23
75 188 274 304 225 342 303 116 322 2 149 277 266 241 107 203 84 0 63
121 114 192 235 141 255 190 76 255 97 64 187 202 128 40 109 23 63 0
