0 251 243 417 294 361 388 425 364 389 367 371 355 322 310 196 254 162 89
251 0 16 343 250 314 340 368 327 353 326 304 285 270 266 166 29 77 178
243 16 0 345 222 303 359 325 276 350 300 279 302 271 245 152 -19 78 156
417 343 345 0 274 103 144 99 132 93 57 55 102 107 105 224 341 243 323
294 250 222 274 0 238 271 283 222 270 262 223 238 200 177 80 233 139 213
361 314 303 103 238 0 56 116 114 103 95 63 -5 35 54 147 290 206 284
388 340 359 144 271 56 0 149 134 161 116 101 43 79 86 201 346 247 330
425 368 325 99 283 116 149 0 130 77 30 49 90 85 110 189 334 273 330
364 327 276 132 222 114 134 130 0 125 123 109 111 47 44 147 271 183 259
389 353 350 93 270 103 161 77 125 0 41 45 88 93 88 190 325 253 298
367 326 300 57 262 95 116 30 123 41 0 -8 61 26 50 150 303 228 286
371 304 279 55 223 63 101 49 109 45 -8 0 67 19 55 154 296 192 266
355 285 302 102 238 -5 43 90 111 88 61 67 0 33 57 139 297 194 260
322 270 271 107 200 35 79 85 47 93 26 19 33 0 35 120 282 197 237
310 266 245 105 177 54 86 110 44 88 50 55 57 35 0 97 243 153 224
196 166 152 224 80 147 201 189 147 190 150 154 139 120 97 0 143 61 116
254 29 -19 341 233 290 346 334 271 325 303 296 297 282 243 143 0 101 145
162 77 78 243 139 206 247 273 183 253 228 192 194 197 153 61 101 0 61
89 178 156 323 213 284 330 330 259 298 286 266 260 237 224 116 145 61 0
