0 72 295 196 390 304 186 384 382 152 223 -13 79 355 333 272 181 125 112
72 0 342 277 438 348 257 467 439 223 285 74 135 414 388 309 268 177 174
295 342 0 148 108 196 257 163 151 296 129 274 200 110 74 36 107 167 180
196 277 148 0 227 70 166 247 235 219 0 200 133 192 172 99 30 108 104
390 438 108 227 0 304 331 118 113 372 227 376 310 101 37 100 188 264 276
304 348 196 70 304 0 228 297 292 285 66 284 217 265 257 168 97 160 180
186 257 257 166 331 228 0 350 335 199 178 189 112 323 292 215 154 79 92
384 467 163 247 118 297 350 0 66 373 221 387 300 33 74 120 195 276 305
382 439 151 235 113 292 335 66 0 370 222 377 301 39 60 119 203 267 289
152 223 296 219 372 285 199 373 370 0 198 141 77 361 334 259 186 103 90
223 285 129 0 227 66 178 221 222 198 0 203 133 191 163 115 34 102 108
-13 74 274 200 376 284 189 387 377 141 203 0 54 352 311 235 192 89 87
79 135 200 133 310 217 112 300 301 77 133 54 0 279 246 185 112 51 36
355 414 110 192 101 265 323 33 39 361 191 352 279 0 23 62 158 232 264
333 388 74 172 37 257 292 74 60 334 163 311 246 23 0 66 144 210 223
272 309 36 99 100 168 215 120 119 259 115 235 185 62 66 0 82 134 156
181 268 107 30 188 97 154 195 203 186 34 192 112 158 144 82 0 69 78
125 177 167 108 264 160 79 276 267 103 102 89 51 232 210 134 69 0 35
112 174 180 104 276 180 92 305 289 90 108 87 36 264 223 156 78 35 0
