0 210 258 289 343 68 290 290 229 238 182 268 260 210 180 67 114 149 106
210 0 184 225 288 180 224 202 247 234 198 193 191 130 119 169 118 88 110
258 184 0 172 238 216 157 145 270 293 228 140 160 58 52 189 161 123 127
289 225 172 0 101 235 200 185 308 338 261 17 169 104 103 204 187 153 183
343 288 238 101 0 311 268 274 357 373 336 77 229 148 157 302 253 207 233
68 180 216 235 311 0 242 237 175 177 135 223 220 144 148 27 68 102 55
290 224 157 200 268 242 0 58 310 339 260 182 18 73 113 213 172 152 178
290 202 145 185 274 237 58 0 299 325 264 198 15 97 104 222 169 150 170
229 247 270 308 357 175 310 299 0 87 31 297 293 220 220 142 123 164 146
238 234 293 338 373 177 339 325 87 0 61 317 307 230 221 184 144 161 139
182 198 228 261 336 135 260 264 31 61 0 262 249 178 181 126 93 124 89
268 193 140 17 77 223 182 198 297 317 262 0 153 87 87 215 162 129 154
260 191 160 169 229 220 18 15 293 307 249 153 0 59 73 171 150 121 156
210 130 58 104 148 144 73 97 220 230 178 87 59 0 7 118 72 57 83
180 119 52 103 157 148 113 104 220 221 181 87 73 7 0 113 96 69 85
67 169 189 204 302 27 213 222 142 184 126 215 171 118 113 0 21 79 44
114 118 161 187 253 68 172 169 123 144 93 162 150 72 96 21 0 33 12
149 88 123 153 207 102 152 150 164 161 124 129 121 57 69 79 33 0 50
106 110 127 183 233 55 178 170 146 139 89 154 156 83 85 44 12 50 0
