0 160 192 177 184 214 214 141 73 153 18 146 69 96 147 50 38 29 52
160 0 276 261 244 274 236 243 197 175 142 168 91 180 207 110 122 131 154
192 276 0 177 300 330 330 275 229 269 174 262 185 96 263 166 154 163 186
177 261 177 0 285 315 315 260 214 254 159 247 170 81 248 151 139 148 171
184 244 300 285 0 104 298 267 221 237 166 230 153 204 37 134 146 155 178
214 274 330 315 104 0 328 297 251 267 196 260 183 234 67 164 176 185 208
214 236 330 315 298 328 0 297 251 75 196 68 145 234 261 164 176 185 208
141 243 275 260 267 297 297 0 178 236 123 229 152 179 230 133 121 112 89
73 197 229 214 221 251 251 178 0 190 55 183 106 133 184 87 75 66 89
153 175 269 254 237 267 75 236 190 0 135 7 84 173 200 103 115 124 147
18 142 174 159 166 196 196 123 55 135 0 128 51 78 129 32 20 11 34
146 168 262 247 230 260 68 229 183 7 128 0 77 166 193 96 108 117 140
69 91 185 170 153 183 145 152 106 84 51 77 0 89 116 19 31 40 63
96 180 96 81 204 234 234 179 133 173 78 166 89 0 167 70 58 67 90
147 207 263 248 37 67 261 230 184 200 129 193 116 167 0 97 109 118 141
50 110 166 151 134 164 164 133 87 103 32 96 19 70 97 0 12 21 44
38 122 154 139 146 176 176 121 75 115 20 108 31 58 109 12 0 9 32
29 131 163 148 155 185 185 112 66 124 11 117 40 67 118 21 9 0 23
52 154 186 171 178 208 208 89 89 147 34 140 63 90 141 44 32 23 0
