0 192 379 332 282 353 297 395 299 197 145 283 328 292 281 187 47 146 214
192 0 487 405 366 458 403 456 409 119 56 359 427 393 356 287 149 229 331
379 487 0 166 265 160 412 184 140 468 405 131 102 85 85 188 320 239 335
332 405 166 0 222 157 356 149 85 419 359 50 109 85 32 127 266 200 276
282 366 265 222 0 237 319 264 181 369 313 165 228 189 156 82 240 164 264
353 458 160 157 237 0 397 56 124 461 395 106 37 66 77 170 318 216 346
297 403 412 356 319 397 0 392 336 397 321 303 376 308 308 222 267 170 64
395 456 184 149 264 56 392 0 171 488 390 110 50 108 112 196 322 236 341
299 409 140 85 181 124 336 171 0 398 333 38 84 71 26 112 262 172 272
197 119 468 419 369 461 397 488 398 0 44 357 426 392 354 275 150 212 314
145 56 405 359 313 395 321 390 333 44 0 296 340 315 291 226 84 175 262
283 359 131 50 165 106 303 110 38 357 296 0 58 43 2 62 217 150 232
328 427 102 109 228 37 376 50 84 426 340 58 0 22 51 124 276 202 297
292 393 85 85 189 66 308 108 71 392 315 43 22 0 35 106 258 160 274
281 356 85 32 156 77 308 112 26 354 291 2 51 35 0 69 214 120 234
187 287 188 127 82 170 222 196 112 275 226 62 124 106 69 0 137 59 168
47 149 320 266 240 318 267 322 262 150 84 217 276 258 214 137 0 90 200
146 229 239 200 164 216 170 236 172 212 175 150 202 160 120 59 90 0 99
214 331 335 276 264 346 64 341 272 314 262 232 297 274 234 168 200 99 0
