0 298 248 304 273 237 277 243 102 231 229 237 208 203 216 216 44 170 62
298 0 126 228 179 133 162 99 269 211 145 133 113 101 72 79 247 136 235
248 126 0 121 65 43 70 76 191 149 36 54 8 14 43 12 168 61 140
304 228 121 0 193 103 155 157 293 248 144 105 122 123 145 109 271 160 265
273 179 65 193 0 114 52 110 264 209 36 83 79 75 118 79 225 121 203
237 133 43 103 114 0 83 75 211 157 77 -1 52 49 67 53 202 105 192
277 162 70 155 52 83 0 96 247 173 14 88 74 42 93 67 202 101 225
243 99 76 157 110 75 96 0 192 168 77 70 57 66 22 19 165 70 167
102 269 191 293 264 211 247 192 0 206 231 212 185 187 186 161 32 132 47
231 211 149 248 209 157 173 168 206 0 165 139 129 140 142 98 178 90 158
229 145 36 144 36 77 14 77 231 165 0 51 29 51 54 59 180 92 169
237 133 54 105 83 -1 88 70 212 139 51 0 5 31 61 27 183 80 173
208 113 8 122 79 52 74 57 185 129 29 5 0 0 39 38 163 60 145
203 101 14 123 75 49 42 66 187 140 51 31 0 0 34 25 162 44 137
216 72 43 145 118 67 93 22 186 142 54 61 39 34 0 34 154 71 153
216 79 12 109 79 53 67 19 161 98 59 27 38 25 34 0 125 39 141
44 247 168 271 225 202 202 165 32 178 180 183 163 162 154 125 0 109 16
170 136 61 160 121 105 101 70 132 90 92 80 60 44 71 39 109 0 95
62 235 140 265 203 192 225 167 47 158 169 173 145 137 153 141 16 95 0
