0 74 443 599 603 550 588 38 308 197 493 518 436 370 14 323 81 147 227
74 0 407 564 542 510 527 105 288 156 454 480 391 319 85 276 31 104 185
443 407 0 321 332 260 290 471 135 309 203 252 152 58 440 111 371 290 208
599 564 321 0 189 277 317 631 293 474 70 236 170 240 584 285 520 455 369
603 542 332 189 0 260 318 628 272 472 91 253 159 228 590 282 546 433 362
550 510 260 277 260 0 94 571 234 415 183 22 122 166 538 232 495 395 326
588 527 290 317 318 94 0 614 290 475 231 69 152 215 575 251 523 422 351
38 105 471 631 628 571 614 0 338 221 564 545 478 395 38 335 105 178 260
308 288 135 293 272 234 290 338 0 197 194 212 120 50 320 20 269 176 89
197 156 309 474 472 415 475 221 197 0 395 409 320 240 185 195 109 23 90
493 454 203 70 91 183 231 564 194 395 0 163 59 129 505 188 437 352 262
518 480 252 236 253 22 69 545 212 409 163 0 90 153 515 208 448 380 295
436 391 152 170 159 122 152 478 120 320 59 90 0 67 432 93 375 284 212
370 319 58 240 228 166 215 395 50 240 129 153 67 0 368 52 294 213 138
14 85 440 584 590 538 575 38 320 185 505 515 432 368 0 311 69 138 214
323 276 111 285 282 232 251 335 20 195 188 208 93 52 311 0 236 175 88
81 31 371 520 546 495 523 105 269 109 437 448 375 294 69 236 0 89 150
147 104 290 455 433 395 422 178 176 23 352 380 284 213 138 175 89 0 74
227 185 208 369 362 326 351 260 89 90 262 295 212 138 214 88 150 74 0
