0 50 104 227 147 149 269 201 201 198 159 174 109 48 14 65 66 11 84
50 0 104 278 195 216 291 274 285 232 209 224 166 31 55 121 114 68 116
104 104 0 345 240 240 349 337 316 300 267 274 205 91 111 183 189 98 168
227 278 345 0 369 353 153 435 448 413 398 73 347 268 216 297 297 251 166
147 195 240 369 0 142 359 207 211 207 153 304 132 182 131 51 69 133 202
149 216 240 353 142 0 356 234 212 106 160 294 42 151 137 83 57 142 190
269 291 349 153 359 356 0 461 439 403 394 72 338 251 241 307 301 239 147
201 274 337 435 207 234 461 0 126 279 68 378 208 246 217 139 152 230 288
201 285 316 448 211 212 439 126 0 270 53 351 201 243 203 125 137 221 263
198 232 300 413 207 106 403 279 270 0 206 344 84 221 186 123 123 171 255
159 209 267 398 153 160 394 68 53 206 0 309 142 178 155 56 76 149 223
174 224 274 73 304 294 72 378 351 344 309 0 237 196 147 221 224 141 100
109 166 205 347 132 42 338 208 201 84 142 237 0 126 108 35 54 119 168
48 31 91 268 182 151 251 246 243 221 178 196 126 0 26 102 96 34 102
14 55 111 216 131 137 241 217 203 186 155 147 108 26 0 62 66 -8 87
65 121 183 297 51 83 307 139 125 123 56 221 35 102 62 0 -7 65 147
66 114 189 297 69 57 301 152 137 123 76 224 54 96 66 -7 0 69 128
11 68 98 251 133 142 239 230 221 171 149 141 119 34 -8 65 69 0 76
84 116 168 166 202 190 147 288 263 255 223 100 168 102 87 147 128 76 0
