0 235 204 348 468 406 293 203 422 425 188 390 401 352 309 249 174 94 142
235 0 53 408 509 455 361 257 461 471 51 461 434 403 359 316 251 139 206
204 53 0 347 463 396 290 213 421 407 9 411 370 355 299 263 181 112 183
348 408 347 0 276 206 118 201 207 237 327 204 211 160 106 75 172 243 199
468 509 463 276 0 116 173 311 89 90 460 59 84 70 175 189 285 355 312
406 455 396 206 116 0 119 240 70 83 383 70 59 34 104 145 197 293 250
293 361 290 118 173 119 0 181 121 174 317 110 112 81 6 42 125 201 143
203 257 213 201 311 240 181 0 258 274 220 240 243 217 142 121 30 128 31
422 461 421 207 89 70 121 258 0 79 396 36 35 54 107 140 205 307 255
425 471 407 237 90 83 174 274 79 0 437 24 64 63 144 163 244 334 268
188 51 9 327 460 383 317 220 396 437 0 391 375 359 284 247 153 84 151
390 461 411 204 59 70 110 240 36 24 391 0 14 50 111 142 218 285 244
401 434 370 211 84 59 112 243 35 64 375 14 0 41 81 123 187 289 217
352 403 355 160 70 34 81 217 54 63 359 50 41 0 72 106 183 290 215
309 359 299 106 175 104 6 142 107 144 284 111 81 72 0 21 93 199 137
249 316 263 75 189 145 42 121 140 163 247 142 123 106 21 0 81 163 80
174 251 181 172 285 197 125 30 205 244 153 218 187 183 93 81 0 67 10
94 139 112 243 355 293 201 128 307 334 84 285 289 290 199 163 67 0 71
142 206 183 199 312 250 143 31 255 268 151 244 217 215 137 80 10 71 0
