0 220 85 134 356 291 55 46 255 288 196 282 238 41 195 116 49 8 48
220 0 196 122 123 69 241 238 105 130 52 82 1 237 25 99 172 212 237
85 196 0 44 299 261 71 75 191 223 178 249 198 77 139 62 3 54 65
134 122 44 0 265 226 124 147 149 182 116 206 132 125 107 13 70 102 103
356 123 299 265 0 79 365 379 226 258 193 60 123 352 168 246 292 356 349
291 69 261 226 79 0 327 338 180 198 128 11 73 326 97 219 259 288 308
55 241 71 124 365 327 0 13 261 288 204 318 242 -12 210 131 44 25 25
46 238 75 147 379 338 13 0 263 303 238 338 246 4 201 127 64 36 9
255 105 191 149 226 180 261 263 0 93 45 164 94 260 74 154 199 221 240
288 130 223 182 258 198 288 303 93 0 73 199 121 271 79 164 223 284 277
196 52 178 116 193 128 204 238 45 73 0 133 52 233 2 107 148 209 212
282 82 249 206 60 11 318 338 164 199 133 0 69 306 107 196 235 290 289
238 1 198 132 123 73 242 246 94 121 52 69 0 232 36 118 187 205 224
41 237 77 125 352 326 -12 4 260 271 233 306 232 0 182 126 60 26 -6
195 25 139 107 168 97 210 201 74 79 2 107 36 182 0 91 143 179 196
116 99 62 13 246 219 131 127 154 164 107 196 118 126 91 0 47 78 93
49 172 3 70 292 259 44 64 199 223 148 235 187 60 143 47 0 46 56
8 212 54 102 356 288 25 36 221 284 209 290 205 26 179 78 46 0 7
48 237 65 103 349 308 25 9 240 277 212 289 224 -6 196 93 56 7 0
