0 355 259 419 296 397 251 333 293 146 214 185 394 300 284 65 155 225 233
355 0 304 206 341 184 156 120 338 371 259 230 181 87 71 290 200 130 122
259 304 0 368 185 346 200 282 182 275 103 74 343 249 233 194 104 174 182
419 206 368 0 405 28 220 152 402 435 323 294 25 119 135 354 264 194 186
296 341 185 405 0 383 237 319 161 312 82 111 380 286 270 231 141 211 219
397 184 346 28 383 0 198 130 380 413 301 272 3 97 113 332 242 172 164
251 156 200 220 237 198 0 134 234 267 155 126 195 101 85 186 96 26 34
333 120 282 152 319 130 134 0 316 349 237 208 127 33 49 268 178 108 100
293 338 182 402 161 380 234 316 0 309 79 108 377 283 267 228 138 208 216
146 371 275 435 312 413 267 349 309 0 230 201 410 316 300 81 171 241 249
214 259 103 323 82 301 155 237 79 230 0 29 298 204 188 149 59 129 137
185 230 74 294 111 272 126 208 108 201 29 0 269 175 159 120 30 100 108
394 181 343 25 380 3 195 127 377 410 298 269 0 94 110 329 239 169 161
300 87 249 119 286 97 101 33 283 316 204 175 94 0 16 235 145 75 67
284 71 233 135 270 113 85 49 267 300 188 159 110 16 0 219 129 59 51
65 290 194 354 231 332 186 268 228 81 149 120 329 235 219 0 90 160 168
155 200 104 264 141 242 96 178 138 171 59 30 239 145 129 90 0 70 78
225 130 174 194 211 172 26 108 208 241 129 100 169 75 59 160 70 0 8
233 122 182 186 219 164 34 100 216 249 137 108 161 67 51 168 78 8 0
