0 67 364 491 495 343 115 381 215 173 422 335 364 297 210 29 49 153 78
67 0 369 445 468 338 130 367 186 164 400 316 344 284 197 14 28 147 61
364 369 0 137 142 130 395 154 163 213 68 103 30 66 173 319 333 188 303
491 445 137 0 158 230 504 255 301 341 78 235 132 176 293 462 428 323 415
495 468 142 158 0 236 516 268 284 342 79 222 124 185 270 443 443 303 410
343 338 130 230 236 0 368 42 152 190 165 16 98 52 136 307 291 177 296
115 130 395 504 516 368 0 388 230 194 420 356 379 342 219 99 82 185 108
381 367 154 255 268 42 388 0 189 229 196 35 156 56 172 341 325 211 336
215 186 163 301 284 152 230 189 0 73 198 118 157 104 7 175 169 57 148
173 164 213 341 342 190 194 229 73 0 290 183 222 161 81 144 136 19 106
422 400 68 78 79 165 420 196 198 290 0 149 54 88 187 369 363 255 337
335 316 103 235 222 16 356 35 118 183 149 0 119 48 122 301 290 201 265
364 344 30 132 124 98 379 156 157 222 54 119 0 67 156 338 295 210 289
297 284 66 176 185 52 342 56 104 161 88 48 67 0 83 256 235 142 235
210 197 173 293 270 136 219 172 7 81 187 122 156 83 0 184 152 36 139
29 14 319 462 443 307 99 341 175 144 369 301 338 256 184 0 11 126 24
49 28 333 428 443 291 82 325 169 136 363 290 295 235 152 11 0 110 12
153 147 188 323 303 177 185 211 57 19 255 201 210 142 36 126 110 0 75
78 61 303 415 410 296 108 336 148 106 337 265 289 235 139 24 12 75 0
