0 209 114 157 234 298 200 242 342 236 235 228 179 147 178 129 99 8 66
209 0 198 87 105 151 416 470 195 128 133 74 51 372 62 85 148 216 274
114 198 0 126 216 261 322 355 289 201 216 193 141 267 133 100 66 114 202
157 87 126 0 103 172 342 385 197 121 138 71 45 299 30 25 84 144 197
234 105 216 103 0 121 435 448 242 151 130 25 61 406 53 121 153 254 295
298 151 261 172 121 0 492 517 303 224 204 84 122 450 160 159 239 299 368
200 416 322 342 435 492 0 126 503 435 457 411 370 35 353 322 262 172 133
242 470 355 385 448 517 126 0 569 486 480 455 423 80 394 372 307 250 169
342 195 289 197 242 303 503 569 0 90 75 204 170 481 156 183 266 321 367
236 128 201 121 151 224 435 486 90 0 -5 126 84 399 76 109 169 260 321
235 133 216 138 130 204 457 480 75 -5 0 126 98 395 85 108 178 238 321
228 74 193 71 25 84 411 455 204 126 126 0 31 358 50 74 158 213 282
179 51 141 45 61 122 370 423 170 84 98 31 0 332 -3 37 104 185 247
147 372 267 299 406 450 35 80 481 399 395 358 332 0 321 281 212 165 94
178 62 133 30 53 160 353 394 156 76 85 50 -3 321 0 5 89 176 227
129 85 100 25 121 159 322 372 183 109 108 74 37 281 5 0 72 141 202
99 148 66 84 153 239 262 307 266 169 178 158 104 212 89 72 0 74 134
8 216 114 144 254 299 172 250 321 260 238 213 185 165 176 141 74 0 74
66 274 202 197 295 368 133 169 367 321 321 282 247 94 227 202 134 74 0
