0 117 283 92 285 80 105 315 103 141 72 54 86 279 234 23 40 138 222
117 0 320 37 322 151 176 352 174 178 143 125 31 316 271 94 77 175 259
283 320 0 295 100 317 342 40 340 148 309 291 289 4 49 260 243 145 61
92 37 295 0 297 126 151 327 149 153 118 100 6 291 246 69 52 150 234
285 322 100 297 0 319 344 132 342 150 311 293 291 96 51 262 245 147 63
80 151 317 126 319 0 77 349 39 175 8 26 120 313 268 57 74 172 256
105 176 342 151 344 77 0 374 100 200 69 51 145 338 293 82 99 197 281
315 352 40 327 132 349 374 0 372 180 341 323 321 36 81 292 275 177 93
103 174 340 149 342 39 100 372 0 198 31 49 143 336 291 80 97 195 279
141 178 148 153 150 175 200 180 198 0 167 149 147 144 99 118 101 3 87
72 143 309 118 311 8 69 341 31 167 0 18 112 305 260 49 66 164 248
54 125 291 100 293 26 51 323 49 149 18 0 94 287 242 31 48 146 230
86 31 289 6 291 120 145 321 143 147 112 94 0 285 240 63 46 144 228
279 316 4 291 96 313 338 36 336 144 305 287 285 0 45 256 239 141 57
234 271 49 246 51 268 293 81 291 99 260 242 240 45 0 211 194 96 12
23 94 260 69 262 57 82 292 80 118 49 31 63 256 211 0 17 115 199
40 77 243 52 245 74 99 275 97 101 66 48 46 239 194 17 0 98 182
138 175 145 150 147 172 197 177 195 3 164 146 144 141 96 115 98 0 84
222 259 61 234 63 256 281 93 279 87 248 230 228 57 12 199 182 84 0
