0 200 290 232 311 390 94 349 336 265 294 59 248 198 184 254 175 174 83
200 0 135 56 151 226 137 203 182 150 150 106 86 35 9 109 25 16 89
290 135 0 166 251 166 241 122 263 255 83 239 182 146 119 36 128 132 186
232 56 166 0 179 245 167 212 200 104 174 133 121 15 47 121 54 33 126
311 151 251 179 0 354 267 307 142 254 233 239 64 171 139 201 127 146 212
390 226 166 245 354 0 331 148 353 322 99 333 250 247 211 105 197 239 290
94 137 241 167 267 331 0 311 294 240 244 4 197 135 126 217 135 116 40
349 203 122 212 307 148 311 0 314 291 46 277 226 183 172 84 193 165 271
336 182 263 200 142 353 294 314 0 283 282 257 90 191 161 224 134 169 256
265 150 255 104 254 322 240 291 283 0 240 246 188 101 121 187 114 118 201
294 150 83 174 233 99 244 46 282 240 0 216 184 154 125 25 103 115 223
59 106 239 133 239 333 4 277 257 246 216 0 164 142 119 199 134 117 42
248 86 182 121 64 250 197 226 90 188 184 164 0 90 74 141 55 70 163
198 35 146 15 171 247 135 183 191 101 154 142 90 0 23 105 28 20 106
184 9 119 47 139 211 126 172 161 121 125 119 74 23 0 92 11 -13 73
254 109 36 121 201 105 217 84 224 187 25 199 141 105 92 0 90 91 176
175 25 128 54 127 197 135 193 134 114 103 134 55 28 11 90 0 -3 95
174 16 132 33 146 239 116 165 169 118 115 117 70 20 -13 91 -3 0 86
83 89 186 126 212 290 40 271 256 201 223 42 163 106 73 176 95 86 0
