0 213 296 357 291 321 220 194 107 113 307 225 208 139 48 90 77 170 232
213 0 169 154 88 118 279 253 166 230 104 22 5 198 165 149 136 43 105
296 169 0 313 247 277 362 336 249 313 263 181 164 281 248 232 219 126 64
357 154 313 0 198 64 423 397 310 374 50 132 149 342 309 293 280 187 249
291 88 247 198 0 162 357 331 244 308 148 66 83 276 243 227 214 121 183
321 118 277 64 162 0 387 361 274 338 14 96 113 306 273 257 244 151 213
220 279 362 423 357 387 0 136 147 237 373 291 274 81 172 130 143 236 298
194 253 336 397 331 361 136 0 121 211 347 265 248 55 146 104 117 210 272
107 166 249 310 244 274 147 121 0 124 260 178 161 66 59 17 30 123 185
113 230 313 374 308 338 237 211 124 0 324 242 225 156 65 107 94 187 249
307 104 263 50 148 14 373 347 260 324 0 82 99 292 259 243 230 137 199
225 22 181 132 66 96 291 265 178 242 82 0 17 210 177 161 148 55 117
208 5 164 149 83 113 274 248 161 225 99 17 0 193 160 144 131 38 100
139 198 281 342 276 306 81 55 66 156 292 210 193 0 91 49 62 155 217
48 165 248 309 243 273 172 146 59 65 259 177 160 91 0 42 29 122 184
90 149 232 293 227 257 130 104 17 107 243 161 144 49 42 0 13 106 168
77 136 219 280 214 244 143 117 30 94 230 148 131 62 29 13 0 93 155
170 43 126 187 121 151 236 210 123 187 137 55 38 155 122 106 93 0 62
232 105 64 249 183 213 298 272 185 249 199 117 100 217 184 168 155 62 0
