0 357 332 448 340 343 383 364 388 73 299 332 358 291 243 245 195 51 128
357 0 234 415 119 302 360 362 360 369 50 291 324 289 146 208 155 321 262
332 234 0 381 208 245 343 339 309 336 163 266 298 237 83 188 136 312 227
448 415 381 0 405 255 249 225 126 461 342 164 82 146 297 198 260 425 327
340 119 208 405 0 267 338 344 344 375 48 271 309 254 101 202 152 320 233
343 302 245 255 267 0 222 213 200 338 240 132 175 133 138 77 125 283 222
383 360 343 249 338 222 0 140 158 370 282 65 124 91 221 130 188 357 264
364 362 339 225 344 213 140 0 143 412 300 64 140 81 228 152 204 365 294
388 360 309 126 344 200 158 143 0 388 280 104 50 65 218 142 184 355 286
73 369 336 461 375 338 370 412 388 0 319 332 375 299 243 277 210 35 101
299 50 163 342 48 240 282 300 280 319 0 212 262 225 65 157 91 266 194
332 291 266 164 271 132 65 64 104 332 212 0 50 11 155 70 128 282 205
358 324 298 82 309 175 124 140 50 375 262 50 0 63 165 105 151 311 233
291 289 237 146 254 133 91 81 65 299 225 11 63 0 161 58 124 259 186
243 146 83 297 101 138 221 228 218 243 65 155 165 161 0 92 7 193 124
245 208 188 198 202 77 130 152 142 277 157 70 105 58 92 0 71 208 139
195 155 136 260 152 125 188 204 184 210 91 128 151 124 7 71 0 148 99
51 321 312 425 320 283 357 365 355 35 266 282 311 259 193 208 148 0 86
128 262 227 327 233 222 264 294 286 101 194 205 233 186 124 139 99 86 0
