0 133 162 138 222 102 117 168 254 119 172 104 88 105 82 20 75 31 21
133 0 233 209 315 59 188 239 347 212 265 197 45 176 153 113 146 102 112
162 233 0 90 344 202 129 180 376 241 294 226 188 57 94 142 87 131 141
138 209 90 0 320 178 105 156 352 217 270 202 164 33 70 118 63 107 117
222 315 344 320 0 284 299 350 132 133 50 118 270 287 264 202 257 213 203
102 59 202 178 284 0 157 208 316 181 234 166 14 145 122 82 115 71 81
117 188 129 105 299 157 0 121 331 196 249 181 143 72 35 97 42 86 96
168 239 180 156 350 208 121 0 382 247 300 232 194 123 86 148 93 137 147
254 347 376 352 132 316 331 382 0 165 82 150 302 319 296 234 289 245 235
119 212 241 217 133 181 196 247 165 0 83 15 167 184 161 99 154 110 100
172 265 294 270 50 234 249 300 82 83 0 68 220 237 214 152 207 163 153
104 197 226 202 118 166 181 232 150 15 68 0 152 169 146 84 139 95 85
88 45 188 164 270 14 143 194 302 167 220 152 0 131 108 68 101 57 67
105 176 57 33 287 145 72 123 319 184 237 169 131 0 37 85 30 74 84
82 153 94 70 264 122 35 86 296 161 214 146 108 37 0 62 7 51 61
20 113 142 118 202 82 97 148 234 99 152 84 68 85 62 0 55 11 1
75 146 87 63 257 115 42 93 289 154 207 139 101 30 7 55 0 44 54
31 102 131 107 213 71 86 137 245 110 163 95 57 74 51 11 44 0 10
21 112 141 117 203 81 96 147 235 100 153 85 67 84 61 1 54 10 0
