0 164 315 378 451 477 450 162 350 236 371 385 322 285 78 251 142 162 201
164 0 195 258 331 357 330 170 230 116 251 265 202 165 86 131 22 42 81
315 195 0 123 196 222 195 321 163 227 116 130 67 30 237 64 173 153 114
378 258 123 0 87 211 184 384 226 290 7 119 56 93 300 127 236 216 177
451 331 196 87 0 284 257 457 299 363 80 192 129 166 373 200 309 289 250
477 357 222 211 284 0 157 483 325 389 204 92 155 192 399 226 335 315 276
450 330 195 184 257 157 0 456 298 362 177 65 128 165 372 199 308 288 249
162 170 321 384 457 483 456 0 356 242 377 391 328 291 84 257 148 168 207
350 230 163 226 299 325 298 356 0 262 219 233 170 133 272 99 208 188 149
236 116 227 290 363 389 362 242 262 0 283 297 234 197 158 163 94 74 113
371 251 116 7 80 204 177 377 219 283 0 112 49 86 293 120 229 209 170
385 265 130 119 192 92 65 391 233 297 112 0 63 100 307 134 243 223 184
322 202 67 56 129 155 128 328 170 234 49 63 0 37 244 71 180 160 121
285 165 30 93 166 192 165 291 133 197 86 100 37 0 207 34 143 123 84
78 86 237 300 373 399 372 84 272 158 293 307 244 207 0 173 64 84 123
251 131 64 127 200 226 199 257 99 163 120 134 71 34 173 0 109 89 50
142 22 173 236 309 335 308 148 208 94 229 243 180 143 64 109 0 20 59
162 42 153 216 289 315 288 168 188 74 209 223 160 123 84 89 20 0 39
201 81 114 177 250 276 249 207 149 113 170 184 121 84 123 50 59 39 0
