0 357 303 352 67 195 166 237 190 67 330 165 242 138 153 44 35 49 99
357 0 176 49 354 454 425 496 241 354 27 424 115 397 204 331 322 308 258
303 176 0 171 300 400 371 442 187 300 149 370 61 343 150 277 268 254 204
352 49 171 0 349 449 420 491 236 349 22 419 110 392 199 326 317 303 253
67 354 300 349 0 192 163 234 187 46 327 162 239 135 150 23 32 46 96
195 454 400 449 192 0 85 156 287 192 427 84 339 57 250 169 160 146 196
166 425 371 420 163 85 0 73 258 163 398 1 310 28 221 140 131 117 167
237 496 442 491 234 156 73 0 329 234 469 72 381 99 292 211 202 188 238
190 241 187 236 187 287 258 329 0 187 214 257 126 230 37 164 155 141 91
67 354 300 349 46 192 163 234 187 0 327 162 239 135 150 23 32 46 96
330 27 149 22 327 427 398 469 214 327 0 397 88 370 177 304 295 281 231
165 424 370 419 162 84 1 72 257 162 397 0 309 27 220 139 130 116 166
242 115 61 110 239 339 310 381 126 239 88 309 0 282 89 216 207 193 143
138 397 343 392 135 57 28 99 230 135 370 27 282 0 193 112 103 89 139
153 204 150 199 150 250 221 292 37 150 177 220 89 193 0 127 118 104 54
44 331 277 326 23 169 140 211 164 23 304 139 216 112 127 0 9 23 73
35 322 268 317 32 160 131 202 155 32 295 130 207 103 118 9 0 14 64
49 308 254 303 46 146 117 188 141 46 281 116 193 89 104 23 14 0 50
99 258 204 253 96 196 167 238 91 96 231 166 143 139 54 73 64 50 0
