0 105 203 391 426 264 382 184 206 353 162 83 47 381 153 371 196 308 260
105 0 208 399 402 192 405 141 203 347 109 13 54 381 166 375 198 332 255
203 208 0 311 337 367 333 284 125 257 277 197 151 304 68 294 116 245 158
391 399 311 0 67 541 21 523 230 110 473 390 366 10 255 18 201 71 136
426 402 337 67 0 566 68 508 208 85 485 404 375 51 252 12 216 84 156
264 192 367 541 566 0 582 135 378 530 92 190 211 541 294 537 373 493 417
382 405 333 21 68 582 0 506 201 66 461 400 368 10 276 27 205 76 156
184 141 284 523 508 135 506 0 315 449 26 107 149 497 247 479 304 449 356
206 203 125 230 208 378 201 315 0 175 279 187 171 192 51 183 -1 148 70
353 347 257 110 85 530 66 449 175 0 419 338 292 63 202 68 143 26 86
162 109 277 473 485 92 461 26 279 419 0 74 104 450 192 437 263 408 333
83 13 197 390 404 190 400 107 187 338 74 0 13 382 126 361 181 315 247
47 54 151 366 375 211 368 149 171 292 104 13 0 312 103 312 140 283 185
381 381 304 10 51 541 10 497 192 63 450 382 312 0 242 20 179 69 127
153 166 68 255 252 294 276 247 51 202 192 126 103 242 0 231 36 190 122
371 375 294 18 12 537 27 479 183 68 437 361 312 20 231 0 170 37 109
196 198 116 201 216 373 205 304 -1 143 263 181 140 179 36 170 0 143 71
308 332 245 71 84 493 76 449 148 26 408 315 283 69 190 37 143 0 74
260 255 158 136 156 417 156 356 70 86 333 247 185 127 122 109 71 74 0
