0 324 27 142 87 96 132 212 116 324 70 279 223 32 6 28 19 112 143
324 0 328 420 390 391 247 135 459 91 370 50 122 369 349 304 294 238 178
27 328 0 131 104 94 108 231 146 327 75 271 199 57 27 10 23 91 145
142 420 131 0 193 103 205 318 254 406 55 382 286 166 138 112 123 195 212
87 390 104 193 0 171 190 290 113 370 141 351 266 28 60 80 106 147 218
96 391 94 103 171 0 177 277 240 388 43 345 261 133 80 101 71 162 193
132 247 108 205 190 177 0 148 233 268 162 199 141 161 123 110 106 37 71
212 135 231 318 290 277 148 0 360 153 254 91 21 251 217 216 215 126 86
116 459 146 254 113 240 233 360 0 449 201 390 322 85 130 147 142 226 262
324 91 327 406 370 388 268 153 449 0 360 51 134 370 327 307 283 238 180
70 370 75 55 141 43 162 254 201 360 0 298 243 119 81 72 46 123 165
279 50 271 382 351 345 199 91 390 51 298 0 69 313 279 263 243 167 141
223 122 199 286 266 261 141 21 322 134 243 69 0 234 222 207 180 103 62
32 369 57 166 28 133 161 251 85 370 119 313 234 0 41 41 79 133 184
6 349 27 138 60 80 123 217 130 327 81 279 222 41 0 12 26 81 157
28 304 10 112 80 101 110 216 147 307 72 263 207 41 12 0 6 88 126
19 294 23 123 106 71 106 215 142 283 46 243 180 79 26 6 0 83 123
112 238 91 195 147 162 37 126 226 238 123 167 103 133 81 88 83 0 57
143 178 145 212 218 193 71 86 262 180 165 141 62 184 157 126 123 57 0
