0 246 258 288 328 240 167 158 361 375 335 263 213 159 225 196 167 94 135
246 0 135 89 113 59 220 203 153 191 152 87 12 193 25 23 64 132 145
258 135 0 187 243 189 245 227 268 303 262 179 124 221 122 132 87 171 180
288 89 187 0 190 111 239 242 230 267 237 131 82 221 87 72 115 204 211
328 113 243 190 0 157 298 292 154 186 146 58 107 283 126 115 151 224 250
240 59 189 111 157 0 243 201 194 219 191 98 38 215 34 37 68 157 182
167 220 245 239 298 243 0 40 325 373 329 252 198 19 205 173 155 87 65
158 203 227 242 292 201 40 0 335 353 327 229 183 10 157 180 148 82 32
361 153 268 230 154 194 325 335 0 47 8 99 155 301 157 155 192 260 281
375 191 303 267 186 219 373 353 47 0 11 110 186 359 192 186 227 284 302
335 152 262 237 146 191 329 327 8 11 0 86 130 333 142 158 165 259 264
263 87 179 131 58 98 252 229 99 110 86 0 47 214 74 63 86 162 181
213 12 124 82 107 38 198 183 155 186 130 47 0 169 18 1 44 107 148
159 193 221 221 283 215 19 10 301 359 333 214 169 0 155 144 142 61 30
225 25 122 87 126 34 205 157 157 192 142 74 18 155 0 11 37 116 128
196 23 132 72 115 37 173 180 155 186 158 63 1 144 11 0 40 131 126
167 64 87 115 151 68 155 148 192 227 165 86 44 142 37 40 0 78 113
94 132 171 204 224 157 87 82 260 284 259 162 107 61 116 131 78 0 24
135 145 180 211 250 182 65 32 281 302 264 181 148 30 128 126 113 24 0
