0 257 263 325 362 381 388 533 335 277 304 419 240 342 388 413 461 279 379 477
257 0 370 238 469 488 495 640 442 384 411 526 347 255 301 326 568 386 292 584
263 370 0 438 277 296 441 586 388 32 357 334 293 455 501 526 514 332 492 392
325 238 438 0 537 556 563 708 510 452 479 594 415 173 219 244 636 454 210 652
362 469 277 537 0 199 540 685 487 291 456 237 392 554 600 625 613 431 591 191
381 488 296 556 199 0 559 704 506 310 475 206 411 573 619 644 632 450 610 314
388 495 441 563 540 559 0 311 435 455 404 597 340 580 626 651 87 195 617 655
533 640 586 708 685 704 311 0 580 600 549 742 485 725 771 796 384 340 762 800
335 442 388 510 487 506 435 580 0 402 263 544 199 527 573 598 508 326 564 602
277 384 32 452 291 310 455 600 402 0 371 348 307 469 515 540 528 346 506 406
304 411 357 479 456 475 404 549 263 371 0 513 128 496 542 567 477 295 533 571
419 526 334 594 237 206 597 742 544 348 513 0 449 611 657 682 670 488 648 352
240 347 293 415 392 411 340 485 199 307 128 449 0 432 478 503 413 231 469 507
342 255 455 173 554 573 580 725 527 469 496 611 432 0 106 169 653 471 135 669
388 301 501 219 600 619 626 771 573 515 542 657 478 106 0 215 699 517 181 715
413 326 526 244 625 644 651 796 598 540 567 682 503 169 215 0 724 542 70 740
461 568 514 636 613 632 87 384 508 528 477 670 413 653 699 724 0 268 690 728
279 386 332 454 431 450 195 340 326 346 295 488 231 471 517 542 268 0 508 546
379 292 492 210 591 610 617 762 564 506 533 648 469 135 181 70 690 508 0 706
477 584 392 652 191 314 655 800 602 406 571 352 507 669 715 740 728 546 706 0
