(((((object018:1.55652,object015:21.44348):79.58773,(object014:94.64586,
object013:106.35414):20.76305):46.97011,object003:29.00366):17.47638,
object001:55.58999):58.47570,(((object011:24.05054,(object010:18.43825,
object008:73.56175):7.02216):93.90436,(object017:62.06409,
(object007:223.60393,(object016:120.36124,object006:0.00000):58.60602):57.59277):11.06515):35.31856,
(((object012:150.94306,object005:43.05694):18.24491,(object019:135.06326,
object004:62.93674):23.01059):85.78307,(object009:101.27709,
object002:98.72291):36.54801):55.93692):111.06510,object000:96.84384);
