(((((object018:55.75060,object015:65.24940):19.40495,(object014:8.21623,
object013:73.78377):23.79304):83.11396,object003:97.27226):24.23763,
object001:95.26252):47.16173,((((object012:43.99143,object010:55.00857):81.96658,
object008:92.99783):56.59647,(object017:126.78560,(object007:106.87673,
(object016:90.66687,object006:44.33313):45.34085):68.64025):38.02491):27.58727,
(((object011:139.20970,object005:79.79030):37.29495,(object019:172.36651,
object004:97.63349):32.37106):67.64331,(object009:1.00032,
object002:0.00000):90.98319):20.03334):103.04430,object000:151.00024);
