(((object018:88.27353,object006:4.72647):68.63765,(object005:33.03004,
object004:73.96996):79.44414):38.64738,(((object015:73.50096,
object011:93.49904):6.95869,((object017:100.03854,object013:57.96146):80.52980,
object003:161.47514):39.46277):3.18096,((((object014:6.66210,
object012:31.33790):89.30341,(object010:65.52252,object009:69.47748):17.59801):16.02708,
(object008:119.99271,object007:39.00729):34.65130):77.01530,
((object019:81.66339,object001:56.33661):27.33756,(object016:84.97741,
object002:76.02259):47.08964):98.58916):73.08647):15.54322,object000:71.13703);
