     20
object000 0 263 273 333 371 377 387 552 334 260 296 417 246 355 394 418 454 268 381 476
object001 263 0 370 220 472 501 496 630 448 374 411 521 349 253 306 338 557 376 289 590
object002 273 370 0 443 268 296 452 580 379 54 357 358 290 456 508 508 530 320 496 378
object003 333 220 443 0 538 554 570 725 514 459 467 598 414 178 216 241 640 431 212 641
object004 371 472 268 538 0 186 544 698 484 284 457 227 381 568 597 638 602 435 611 201
object005 377 501 296 554 186 0 558 728 516 316 459 215 425 579 620 648 631 453 609 320
object006 387 496 452 570 544 558 0 305 438 455 401 601 344 572 597 638 92 198 601 631
object007 552 630 580 725 698 728 305 0 593 596 546 761 467 726 775 787 379 350 783 813
object008 334 448 379 514 484 516 438 593 0 408 260 540 201 528 585 607 495 320 567 602
object009 260 374 54 459 284 316 455 596 408 0 376 347 303 457 505 537 536 354 514 414
object010 296 411 357 467 457 459 401 546 260 376 0 498 144 499 542 572 477 299 533 574
object011 417 521 358 598 227 215 601 761 540 347 498 0 456 605 655 672 663 488 641 350
object012 246 349 290 414 381 425 344 467 201 303 144 456 0 434 473 514 430 207 468 516
object013 355 253 456 178 568 579 572 726 528 457 499 605 434 0 102 166 653 488 131 679
object014 394 306 508 216 597 620 597 775 585 505 542 655 473 102 0 193 702 511 194 720
object015 418 338 508 241 638 648 638 787 607 537 572 672 514 166 193 0 742 538 63 730
object016 454 557 530 640 602 631 92 379 495 536 477 663 430 653 702 742 0 262 695 726
object017 268 376 320 431 435 453 198 350 320 354 299 488 207 488 511 538 262 0 505 545
object018 381 289 496 212 611 609 601 783 567 514 533 641 468 131 194 63 695 505 0 710
object019 476 590 378 641 201 320 631 813 602 414 574 350 516 679 720 730 726 545 710 0
