((((object015:76.18357,object013:107.81643):87.68711,(object016:47.30150,
object009:98.69850):13.26848):15.07526,(object018:158.21706,
object004:35.78294):75.24849):82.76924,((((((object017:97.71569,
object010:51.28431):20.11563,((object012:12.58596,object011:93.41404):8.54611,
object008:0.00000):48.15378):73.66963,((object019:91.46140,
object007:59.53860):27.93177,object006:67.26715):38.22259):44.43806,
object005:89.05214):27.24470,object001:63.83998):46.42403,
(object014:34.54081,(object003:92.52973,object002:87.47027):14.47440):72.09527):85.85346,object000:72.56682);
