0 300 365 315 472 459 480 497 425 366 476 518 468 410 339 392 528 449 384 547
300 0 359 211 466 453 474 491 419 360 470 512 462 306 235 288 522 443 280 541
365 359 0 374 287 274 335 352 280 5 331 333 323 469 398 451 383 304 443 362
315 211 374 0 481 468 489 506 434 375 485 527 477 283 212 265 537 458 257 556
472 466 287 481 0 249 442 459 387 288 438 308 430 576 505 558 490 411 550 261
459 453 274 468 249 0 429 446 374 275 425 213 417 563 492 545 477 398 537 324
480 474 335 489 442 429 0 197 337 336 388 488 380 584 513 566 132 279 558 517
497 491 352 506 459 446 197 0 354 353 405 505 397 601 530 583 245 296 575 534
425 419 280 434 387 374 337 354 0 281 239 433 231 529 458 511 385 306 503 462
366 360 5 375 288 275 336 353 281 0 332 334 324 470 399 452 384 305 444 363
476 470 331 485 438 425 388 405 239 332 0 484 100 580 509 562 436 357 554 513
518 512 333 527 308 213 488 505 433 334 484 0 476 622 551 604 536 457 596 383
468 462 323 477 430 417 380 397 231 324 100 476 0 572 501 554 428 349 546 505
410 306 469 283 576 563 584 601 529 470 580 622 572 0 89 186 632 553 178 651
339 235 398 212 505 492 513 530 458 399 509 551 501 89 0 115 561 482 107 580
392 288 451 265 558 545 566 583 511 452 562 604 554 186 115 0 614 535 130 633
528 522 383 537 490 477 132 245 385 384 436 536 428 632 561 614 0 327 606 565
449 443 304 458 411 398 279 296 306 305 357 457 349 553 482 535 327 0 527 486
384 280 443 257 550 537 558 575 503 444 554 596 546 178 107 130 606 527 0 625
547 541 362 556 261 324 517 534 462 363 513 383 505 651 580 633 565 486 625 0
