(((((object018:17.65896,object015:45.34104):68.82996,(object014:72.79521,
object013:29.20479):18.90282):51.45348,object003:75.52198):71.74664,
object001:82.47718):102.71637,((((object012:40.23210,object010:103.76790):10.67580,
object008:148.39500):42.58121,(object017:40.11768,(object007:227.80909,
(object016:82.55659,object006:9.44341):68.09600):77.86138):86.80192):41.27830,
(((object011:126.11943,object005:88.88057):18.16767,(object019:159.98063,
object004:41.01937):42.21310):102.78410,(object009:33.05237,
object002:20.94763):67.76152):69.51307):25.52780,object000:77.80632);
