0 274 394 401 283 492 500 441 329 156 471 286 519 152 553 594 566 359 375 282
274 0 248 255 137 346 354 295 219 250 325 88 373 220 407 448 420 249 265 86
394 248 0 237 173 382 390 277 339 370 361 260 161 340 195 484 456 369 385 256
401 255 237 0 180 389 397 146 346 377 368 267 362 347 396 491 463 376 392 263
283 137 173 180 0 267 275 220 228 259 246 149 298 229 332 369 341 258 274 145
492 346 382 389 267 0 286 429 437 468 257 358 507 438 541 222 194 467 483 354
500 354 390 397 275 286 0 437 445 476 73 366 515 446 549 388 360 475 491 362
441 295 277 146 220 429 437 0 386 417 408 307 402 387 436 531 503 416 432 303
329 219 339 346 228 437 445 386 0 305 416 231 464 275 498 539 511 126 144 227
156 250 370 377 259 468 476 417 305 0 447 262 495 128 529 570 542 335 351 258
471 325 361 368 246 257 73 408 416 447 0 337 486 417 520 359 331 446 462 333
286 88 260 267 149 358 366 307 231 262 337 0 385 232 419 460 432 261 277 98
519 373 161 362 298 507 515 402 464 495 486 385 0 465 136 609 581 494 510 381
152 220 340 347 229 438 446 387 275 128 417 232 465 0 499 540 512 305 321 228
553 407 195 396 332 541 549 436 498 529 520 419 136 499 0 643 615 528 544 415
594 448 484 491 369 222 388 531 539 570 359 460 609 540 643 0 106 569 585 456
566 420 456 463 341 194 360 503 511 542 331 432 581 512 615 106 0 541 557 428
359 249 369 376 258 467 475 416 126 335 446 261 494 305 528 569 541 0 174 257
375 265 385 392 274 483 491 432 144 351 462 277 510 321 544 585 557 174 0 273
282 86 256 263 145 354 362 303 227 258 333 98 381 228 415 456 428 257 273 0
