0 183 390 487 322 391 379 545 316 281 445 569 452 381 629 601 373 602 430 443
183 0 397 494 329 398 386 552 323 288 452 576 459 388 636 608 380 609 437 450
390 397 0 473 308 439 427 531 364 329 431 555 190 119 615 587 185 588 416 429
487 494 473 0 229 536 524 292 461 426 192 316 535 464 376 348 456 349 95 190
322 329 308 229 0 371 359 287 296 261 187 311 370 299 371 343 291 344 172 185
391 398 439 536 371 0 184 594 231 196 494 618 501 430 678 650 422 651 479 492
379 386 427 524 359 184 0 582 219 184 482 606 489 418 666 638 410 639 467 480
545 552 531 292 287 594 582 0 519 484 188 62 593 522 334 306 514 307 235 128
316 323 364 461 296 231 219 519 0 95 419 543 426 355 603 575 347 576 404 417
281 288 329 426 261 196 184 484 95 0 384 508 391 320 568 540 312 541 369 382
445 452 431 192 187 494 482 188 419 384 0 212 493 422 272 244 414 245 135 86
569 576 555 316 311 618 606 62 543 508 212 0 617 546 358 330 538 331 259 152
452 459 190 535 370 501 489 593 426 391 493 617 0 103 677 649 247 650 478 491
381 388 119 464 299 430 418 522 355 320 422 546 103 0 606 578 176 579 407 420
629 636 615 376 371 678 666 334 603 568 272 358 677 606 0 122 598 195 319 232
601 608 587 348 343 650 638 306 575 540 244 330 649 578 122 0 570 167 291 204
373 380 185 456 291 422 410 514 347 312 414 538 247 176 598 570 0 571 399 412
602 609 588 349 344 651 639 307 576 541 245 331 650 579 195 167 571 0 292 205
430 437 416 95 172 479 467 235 404 369 135 259 478 407 319 291 399 292 0 133
443 450 429 190 185 492 480 128 417 382 86 152 491 420 232 204 412 205 133 0
