0 374 356 499 319 35 517 300 264 168 315 482 335 426 348 512 467 76 369 506
374 0 56 355 119 389 373 522 128 390 537 338 557 648 194 368 689 308 591 362
356 56 0 337 101 371 355 504 110 372 519 320 539 630 176 350 671 290 573 344
499 355 337 0 300 514 120 647 253 515 662 279 682 773 329 309 814 433 716 303
319 119 101 300 0 334 318 467 73 335 482 283 502 593 139 313 634 253 536 307
35 389 371 514 334 0 532 315 279 183 330 497 350 441 363 527 482 91 384 521
517 373 355 120 318 532 0 665 271 533 680 297 700 791 347 327 832 451 734 321
300 522 504 647 467 315 665 0 412 134 65 630 191 282 496 660 323 234 225 654
264 128 110 253 73 279 271 412 0 280 427 236 447 538 102 266 579 198 481 260
168 390 372 515 335 183 533 134 280 0 149 498 169 260 364 528 301 102 203 522
315 537 519 662 482 330 680 65 427 149 0 645 206 297 511 675 338 249 240 669
482 338 320 279 283 497 297 630 236 498 645 0 665 756 312 150 797 416 699 144
335 557 539 682 502 350 700 191 447 169 206 665 0 149 531 695 190 269 92 689
426 648 630 773 593 441 791 282 538 260 297 756 149 0 622 786 67 360 127 780
348 194 176 329 139 363 347 496 102 364 511 312 531 622 0 342 663 282 565 336
512 368 350 309 313 527 327 660 266 528 675 150 695 786 342 0 827 446 729 102
467 689 671 814 634 482 832 323 579 301 338 797 190 67 663 827 0 401 168 821
76 308 290 433 253 91 451 234 198 102 249 416 269 360 282 446 401 0 303 440
369 591 573 716 536 384 734 225 481 203 240 699 92 127 565 729 168 303 0 723
506 362 344 303 307 521 321 654 260 522 669 144 689 780 336 102 821 440 723 0
