((object018:136.72455,((object017:4.62707,(object009:12.43058,
object004:84.56942):25.09022):26.98922,object001:48.24493):41.74757):91.10681,
((object002:41.21039,object005:36.78961):7.84804,((((object019:98.32799,
object016:42.67201):83.97385,((object015:34.13283,object014:77.86717):43.73105,
object013:112.63577):43.44335):73.36832,((object010:154.25195,
object007:138.74805):22.23884,((object012:18.79238,object011:34.20762):38.71300,
object006:3.77907):36.47990):19.97094):13.90747,(object008:15.28258,
object003:81.71742):115.75431):71.06440):97.15859,object000:147.97866);
