0 454 562 496 460 631 533 543 481 184 321 404 320 210 378 756 585 346 363 558
454 0 214 278 46 283 315 325 263 458 421 518 434 484 492 408 367 446 477 340
562 214 0 386 220 193 423 433 371 566 529 626 542 592 600 318 475 554 585 448
496 278 386 0 284 455 213 223 61 500 463 560 476 526 534 580 265 488 519 238
460 46 220 284 0 289 321 331 269 464 427 524 440 490 498 414 373 452 483 346
631 283 193 455 289 0 492 502 440 635 598 695 611 661 669 209 544 623 654 517
533 315 423 213 321 492 0 146 198 537 500 597 513 563 571 617 156 525 556 161
543 325 433 223 331 502 146 0 208 547 510 607 523 573 581 627 198 535 566 143
481 263 371 61 269 440 198 208 0 485 448 545 461 511 519 565 250 473 504 223
184 458 566 500 464 635 537 547 485 0 325 408 324 188 382 760 589 350 367 562
321 421 529 463 427 598 500 510 448 325 0 385 301 351 359 723 552 151 344 525
404 518 626 560 524 695 597 607 545 408 385 0 236 434 134 820 649 410 225 622
320 434 542 476 440 611 513 523 461 324 301 236 0 350 210 736 565 326 195 538
210 484 592 526 490 661 563 573 511 188 351 434 350 0 408 786 615 376 393 588
378 492 600 534 498 669 571 581 519 382 359 134 210 408 0 794 623 384 199 596
756 408 318 580 414 209 617 627 565 760 723 820 736 786 794 0 669 748 779 642
585 367 475 265 373 544 156 198 250 589 552 649 565 615 623 669 0 577 608 213
346 446 554 488 452 623 525 535 473 350 151 410 326 376 384 748 577 0 369 550
363 477 585 519 483 654 556 566 504 367 344 225 195 393 199 779 608 369 0 581
558 340 448 238 346 517 161 143 223 562 525 622 538 588 596 642 213 550 581 0
