     20
object000 0 482 321 560 302 610 666 592 569 265 526 631 644 579 536 233 287 352 481 214
object001 482 0 395 412 391 453 478 144 423 585 284 150 204 391 405 649 416 454 229 638
object002 321 395 0 446 77 557 567 512 461 382 364 529 577 490 448 507 144 124 376 462
object003 560 412 446 0 431 314 298 470 176 591 238 492 624 222 291 767 449 458 359 726
object004 302 391 77 431 0 517 466 463 437 322 425 477 566 491 407 446 70 80 394 430
object005 610 453 557 314 517 0 215 573 366 684 305 585 659 405 395 799 529 559 497 774
object006 666 478 567 298 466 215 0 596 349 626 235 549 649 362 399 828 527 539 405 781
object007 592 144 512 470 463 573 596 0 533 630 453 142 184 515 485 789 462 538 310 732
object008 569 423 461 176 437 366 349 533 0 626 242 561 587 73 315 761 528 478 352 766
object009 265 585 382 591 322 684 626 630 626 0 579 713 689 583 613 457 377 377 494 419
object010 526 284 364 238 425 305 235 453 242 579 0 450 472 289 187 630 405 426 311 609
object011 631 150 529 492 477 585 549 142 561 713 450 0 43 580 507 759 533 541 306 800
object012 644 204 577 624 566 659 649 184 587 689 472 43 0 602 500 831 615 571 329 821
object013 579 391 490 222 491 405 362 515 73 583 289 580 602 0 321 758 551 561 428 790
object014 536 405 448 291 407 395 399 485 315 613 187 507 500 321 0 735 475 493 383 749
object015 233 649 507 767 446 799 828 789 761 457 630 759 831 758 735 0 511 502 626 158
object016 287 416 144 449 70 529 527 462 528 377 405 533 615 551 475 511 0 63 365 493
object017 352 454 124 458 80 559 539 538 478 377 426 541 571 561 493 502 63 0 364 505
object018 481 229 376 359 394 497 405 310 352 494 311 306 329 428 383 626 365 364 0 638
object019 214 638 462 726 430 774 781 732 766 419 609 800 821 790 749 158 493 505 638 0
