0 300 263 403 391 419 426 395 506 516 536 466 468 509 198 303 369 348 402 295
300 0 363 279 501 206 267 347 413 473 486 315 303 384 356 352 257 423 227 439
263 363 0 441 345 485 452 488 511 540 554 508 424 542 338 70 371 316 433 271
403 279 441 0 623 453 406 287 323 286 263 484 274 303 450 415 226 555 415 519
391 501 345 623 0 649 586 578 653 657 707 669 616 676 469 329 497 328 556 123
419 206 485 453 649 0 134 509 472 587 607 29 466 562 502 461 397 555 211 574
426 267 452 406 586 134 0 422 554 600 563 184 437 525 458 431 410 531 173 531
395 347 488 287 578 509 422 0 187 422 443 490 315 404 522 463 249 538 471 520
506 413 511 323 653 472 554 187 0 414 457 559 361 445 555 520 304 583 530 600
516 473 540 286 657 587 600 422 414 0 28 623 415 170 561 532 273 651 517 602
536 486 554 263 707 607 563 443 457 28 0 649 434 194 598 589 348 669 506 613
466 315 508 484 669 29 184 490 559 623 649 0 549 627 588 552 483 635 221 595
468 303 424 274 616 466 437 315 361 415 434 549 0 472 507 470 206 546 413 548
509 384 542 303 676 562 525 404 445 170 194 627 472 0 526 554 348 675 569 570
198 356 338 450 469 502 458 522 555 561 598 588 507 526 0 374 454 447 467 476
303 352 70 415 329 461 431 463 520 532 589 552 470 554 374 0 391 349 461 293
369 257 371 226 497 397 410 249 304 273 348 483 206 348 454 391 0 520 383 467
348 423 316 555 328 555 531 538 583 651 669 635 546 675 447 349 520 0 511 226
402 227 433 415 556 211 173 471 530 517 506 221 413 569 467 461 383 511 0 522
295 439 271 519 123 574 531 520 600 602 613 595 548 570 476 293 467 226 522 0
