(((((object006:33.88219,(((object015:68.46686,(object012:66.28990,
object011:96.71010):112.30883):96.09662,((object017:0.00000,
object013:48.71398):57.41177,object010:11.79810):91.60079):9.25820,
(object018:22.40035,(object005:45.14765,object004:62.85235):70.23777):75.19206):49.86288):16.35684,
object003:23.94749):101.80987,(object014:14.31820,((object019:1.21054,
object016:71.78946):92.52444,object007:121.39615):88.55638):62.69943):11.16577,
object001:2.29664):34.43259,((object009:22.64719,object008:17.35281):108.22503,
object002:74.27864):100.58594,object000:6.69695);
