     20
object000 0 169 234 222 261 342 229 285 305 218 173 351 270 374 372 330 481 379 229 599
object001 169 0 205 338 357 442 317 127 104 214 275 460 131 234 439 440 534 485 355 676
object002 234 205 0 413 441 495 405 301 327 141 307 519 292 357 571 522 621 552 430 805
object003 222 338 413 0 186 216 271 399 441 429 125 245 455 486 255 248 345 284 176 497
object004 261 357 441 186 0 103 276 426 514 453 182 155 473 578 315 290 390 332 202 604
object005 342 442 495 216 103 0 342 509 505 455 313 180 533 579 393 347 486 393 225 637
object006 229 317 405 271 276 342 0 433 427 375 96 390 423 521 344 346 462 362 281 622
object007 285 127 301 399 426 509 433 0 237 338 343 558 22 157 560 514 645 523 475 792
object008 305 104 327 441 514 505 427 237 0 287 347 553 191 297 570 554 655 542 425 779
object009 218 214 141 429 453 455 375 338 287 0 307 458 263 400 488 460 609 497 378 714
object010 173 275 307 125 182 313 96 343 347 307 0 329 391 474 358 297 405 319 165 526
object011 351 460 519 245 155 180 390 558 553 458 329 0 544 665 438 363 461 415 322 605
object012 270 131 292 455 473 533 423 22 191 263 391 544 0 141 572 578 668 629 478 795
object013 374 234 357 486 578 579 521 157 297 400 474 665 141 0 652 617 682 616 540 893
object014 372 439 571 255 315 393 344 560 570 488 358 438 572 652 0 266 193 284 207 335
object015 330 440 522 248 290 347 346 514 554 460 297 363 578 617 266 0 380 154 166 518
object016 481 534 621 345 390 486 462 645 655 609 405 461 668 682 193 380 0 440 333 202
object017 379 485 552 284 332 393 362 523 542 497 319 415 629 616 284 154 440 0 218 462
object018 229 355 430 176 202 225 281 475 425 378 165 322 478 540 207 166 333 218 0 455
object019 599 676 805 497 604 637 622 792 779 714 526 605 795 893 335 518 202 462 455 0
