0 373 265 275 333 554 457 279 572 437 404 561 430 621 270 186 553 582 516 442
373 0 543 602 563 363 211 531 214 315 658 368 189 400 186 499 373 356 319 125
265 543 0 156 134 653 643 219 673 562 251 645 553 697 405 176 653 629 660 593
275 602 156 0 290 689 627 158 638 575 366 717 558 731 429 111 710 655 646 579
333 563 134 290 0 664 668 243 692 604 189 726 621 737 464 223 670 750 696 614
554 363 653 689 664 0 403 683 455 359 778 231 324 452 382 611 430 259 184 368
457 211 643 627 668 403 0 575 118 302 741 379 272 482 283 510 468 464 380 93
279 531 219 158 243 683 575 0 671 542 310 604 522 725 367 126 655 669 559 584
572 214 673 638 692 455 118 671 0 413 792 439 334 542 344 686 464 485 414 117
437 315 562 575 604 359 302 542 413 0 677 307 124 396 325 528 160 353 276 325
404 658 251 366 189 778 741 310 792 677 0 729 645 840 567 291 815 733 732 726
561 368 645 717 726 231 379 604 439 307 729 0 298 465 311 611 502 258 153 444
430 189 553 558 621 324 272 522 334 124 645 298 0 194 199 486 319 327 232 296
621 400 697 731 737 452 482 725 542 396 840 465 194 0 395 667 501 479 459 437
270 186 405 429 464 382 283 367 344 325 567 311 199 395 0 392 405 363 297 293
186 499 176 111 223 611 510 126 686 528 291 611 486 667 392 0 650 621 562 545
553 373 653 710 670 430 468 655 464 160 815 502 319 501 405 650 0 440 382 409
582 356 629 655 750 259 464 669 485 353 733 258 327 479 363 621 440 0 95 426
516 319 660 646 696 184 380 559 414 276 732 153 232 459 297 562 382 95 0 345
442 125 593 579 614 368 93 584 117 325 726 444 296 437 293 545 409 426 345 0
