     20
object000 0 79 458 463 327 555 435 463 465 436 498 329 716 550 544 466 654 614 246 679
object001 79 0 536 465 286 568 407 441 453 414 470 283 694 534 564 485 639 608 298 679
object002 458 536 0 443 428 510 422 270 413 581 199 441 332 694 729 652 305 284 453 324
object003 463 465 443 0 372 185 207 333 231 508 419 323 626 621 657 589 583 563 370 612
object004 327 286 428 372 0 486 349 383 387 343 494 157 639 549 536 485 596 608 242 640
object005 555 568 510 185 486 0 266 436 289 658 521 396 676 730 721 703 707 661 439 692
object006 435 407 422 207 349 266 0 307 145 526 416 349 630 641 643 535 595 523 323 524
object007 463 441 270 333 383 436 307 0 450 516 234 274 419 645 592 561 369 350 390 389
object008 465 453 413 231 387 289 145 450 0 535 456 355 637 680 681 610 594 571 364 612
object009 436 414 581 508 343 658 526 516 535 0 558 346 768 210 228 149 708 685 149 712
object010 498 470 199 419 494 521 416 234 456 558 0 458 320 740 746 669 299 246 450 298
object011 329 283 441 323 157 396 349 274 355 346 458 0 621 534 496 488 563 560 279 625
object012 716 694 332 626 639 676 630 419 637 768 320 621 0 918 915 825 257 61 657 261
object013 550 534 694 621 549 730 641 645 680 210 740 534 918 0 135 196 877 858 274 904
object014 544 564 729 657 536 721 643 592 681 228 746 496 915 135 0 209 882 815 340 894
object015 466 485 652 589 485 703 535 561 610 149 669 488 825 196 209 0 793 785 224 831
object016 654 639 305 583 596 707 595 369 594 708 299 563 257 877 882 793 0 170 572 76
object017 614 608 284 563 608 661 523 350 571 685 246 560 61 858 815 785 170 0 594 230
object018 246 298 453 370 242 439 323 390 364 149 450 279 657 274 340 224 572 594 0 640
object019 679 679 324 612 640 692 524 389 612 712 298 625 261 904 894 831 76 230 640 0
