0 458 555 484 458 658 506 536 473 176 334 407 326 240 358 742 611 334 356 594
458 0 225 268 0 289 315 349 255 487 403 509 412 493 494 393 341 448 517 350
555 225 0 348 202 175 430 443 372 620 553 625 553 579 634 291 418 552 588 435
484 268 348 0 295 450 208 234 60 508 489 535 486 519 572 535 303 465 492 235
458 0 202 295 0 236 291 353 231 453 459 492 430 453 487 434 365 498 479 347
658 289 175 450 236 0 515 464 477 608 616 651 612 680 662 160 537 617 646 544
506 315 430 208 291 515 0 164 172 502 536 599 507 550 567 633 143 498 534 178
536 349 443 234 353 464 164 0 245 548 489 594 502 612 585 632 170 540 523 146
473 255 372 60 231 477 172 245 0 488 442 571 447 495 483 564 245 436 503 259
176 487 620 508 453 608 502 548 488 0 315 421 340 223 381 793 569 377 349 526
334 403 553 489 459 616 536 489 442 315 0 391 302 340 385 763 554 164 342 543
407 509 625 535 492 651 599 594 571 421 391 0 256 425 160 813 637 408 259 667
326 412 553 486 430 612 507 502 447 340 302 256 0 378 221 768 568 340 195 559
240 493 579 519 453 680 550 612 495 223 340 425 378 0 443 772 587 352 379 522
358 494 634 572 487 662 567 585 483 381 385 160 221 443 0 816 626 386 193 569
742 393 291 535 434 160 633 632 564 793 763 813 768 772 816 0 668 730 768 667
611 341 418 303 365 537 143 170 245 569 554 637 568 587 626 668 0 617 589 160
334 448 552 465 498 617 498 540 436 377 164 408 340 352 386 730 617 0 396 598
356 517 588 492 479 646 534 523 503 349 342 259 195 379 193 768 589 396 0 573
594 350 435 235 347 544 178 146 259 526 543 667 559 522 569 667 160 598 573 0
