0 168 535 262 348 400 287 467 347 274 432 481 477 428 427 674 626 141 307 339
168 0 505 319 356 391 314 549 365 326 525 479 533 444 353 690 598 80 309 368
535 505 0 406 546 549 440 458 560 518 488 425 277 422 531 343 261 599 500 581
262 319 406 0 106 327 229 475 291 233 410 364 448 342 302 596 548 327 247 261
348 356 546 106 0 371 262 469 381 268 442 452 509 413 399 613 609 421 281 317
400 391 549 327 371 0 187 566 117 201 492 473 519 455 425 645 596 481 361 359
287 314 440 229 262 187 0 460 155 160 468 422 495 372 324 600 546 359 260 305
467 549 458 475 469 566 460 0 549 458 124 96 489 274 506 626 585 556 470 498
347 365 560 291 381 117 155 549 0 127 462 441 509 460 424 683 622 429 353 411
274 326 518 233 268 201 160 458 127 0 416 404 441 330 350 648 572 407 299 326
432 525 488 410 442 492 468 124 462 416 0 46 405 197 448 554 561 504 467 507
481 479 425 364 452 473 422 96 441 404 46 0 440 210 435 520 464 477 450 452
477 533 277 448 509 519 495 489 509 441 405 440 0 351 519 384 343 575 511 539
428 444 422 342 413 455 372 274 460 330 197 210 351 0 481 540 493 471 387 491
427 353 531 302 399 425 324 506 424 350 448 435 519 481 0 692 612 467 384 375
674 690 343 596 613 645 600 626 683 648 554 520 384 540 692 0 135 710 677 675
626 598 261 548 609 596 546 585 622 572 561 464 343 493 612 135 0 633 599 598
141 80 599 327 421 481 359 556 429 407 504 477 575 471 467 710 633 0 363 418
307 309 500 247 281 361 260 470 353 299 467 450 511 387 384 677 599 363 0 155
339 368 581 261 317 359 305 498 411 326 507 452 539 491 375 675 598 418 155 0
