     20
object000 0 283 273 311 164 290 418 286 331 310 334 324 217 270 408 445 365 303 384 386
object001 283 0 151 376 305 324 395 294 522 302 355 556 357 182 434 450 433 333 255 216
object002 273 151 0 323 288 277 309 288 489 233 362 507 375 104 433 492 364 319 149 159
object003 311 376 323 0 342 344 404 338 521 366 426 546 394 314 290 279 455 375 432 453
object004 164 305 288 342 0 263 379 279 304 279 350 331 185 259 448 472 389 346 383 359
object005 290 324 277 344 263 0 375 271 479 14 317 546 345 312 466 452 390 237 392 379
object006 418 395 309 404 379 375 0 261 597 310 34 610 414 378 502 585 235 136 492 454
object007 286 294 288 338 279 271 261 0 490 207 173 526 387 278 410 464 228 170 390 359
object008 331 522 489 521 304 479 597 490 0 488 627 147 190 509 584 664 609 509 586 661
object009 310 302 233 366 279 14 310 207 488 0 283 463 345 296 428 411 326 248 361 349
object010 334 355 362 426 350 317 34 173 627 283 0 576 491 300 477 541 213 119 461 443
object011 324 556 507 546 331 546 610 526 147 463 576 0 165 509 600 686 639 536 592 588
object012 217 357 375 394 185 345 414 387 190 345 491 165 0 362 505 549 471 384 457 464
object013 270 182 104 314 259 312 378 278 509 296 300 509 362 0 404 467 364 283 178 184
object014 408 434 433 290 448 466 502 410 584 428 477 600 505 404 0 146 503 446 554 513
object015 445 450 492 279 472 452 585 464 664 411 541 686 549 467 146 0 589 518 551 566
object016 365 433 364 455 389 390 235 228 609 326 213 639 471 364 503 589 0 166 493 460
object017 303 333 319 375 346 237 136 170 509 248 119 536 384 283 446 518 166 0 406 392
object018 384 255 149 432 383 392 492 390 586 361 461 592 457 178 554 551 493 406 0 205
object019 386 216 159 453 359 379 454 359 661 349 443 588 464 184 513 566 460 392 205 0
