0 285 207 227 235 399 317 361 312 329 368 402 321 371 274 320 345 342 362 369
285 0 476 428 512 389 264 304 114 272 485 559 408 539 348 374 466 455 528 525
207 476 0 143 32 545 420 470 406 450 514 562 484 538 392 453 468 469 483 479
227 428 143 0 199 547 470 472 418 439 461 488 399 560 370 403 539 431 505 452
235 512 32 199 0 561 468 489 388 505 553 551 512 520 417 441 535 504 552 480
399 389 545 547 561 0 179 78 326 195 542 564 515 562 434 516 571 465 574 551
317 264 420 470 468 179 0 132 231 135 481 521 417 454 373 416 435 426 450 461
361 304 470 472 489 78 132 0 300 154 473 549 488 593 353 415 510 438 515 495
312 114 406 418 388 326 231 300 0 268 437 510 414 462 280 351 433 353 479 440
329 272 450 439 505 195 135 154 268 0 432 489 402 466 347 395 464 396 499 445
368 485 514 461 553 542 481 473 437 432 0 455 329 436 191 344 406 319 419 312
402 559 562 488 551 564 521 549 510 489 455 0 259 65 307 369 143 316 127 354
321 408 484 399 512 515 417 488 414 402 329 259 0 227 255 263 249 130 237 325
371 539 538 560 520 562 454 593 462 466 436 65 227 0 294 369 143 252 205 393
274 348 392 370 417 434 373 353 280 347 191 307 255 294 0 169 306 254 262 250
320 374 453 403 441 516 416 415 351 395 344 369 263 369 169 0 351 285 367 224
345 466 468 539 535 571 435 510 433 464 406 143 249 143 306 351 0 228 106 387
342 455 469 431 504 465 426 438 353 396 319 316 130 252 254 285 228 0 279 311
362 528 483 505 552 574 450 515 479 499 419 127 237 205 262 367 106 279 0 365
369 525 479 452 480 551 461 495 440 445 312 354 325 393 250 224 387 311 365 0
