0 359 507 573 742 243 279 515 346 155 545 419 601 601 290 376 529 525 344 408
359 0 504 570 739 316 352 270 343 324 300 174 598 598 287 373 526 280 341 405
507 504 0 340 509 464 500 660 465 472 690 564 104 104 409 495 186 670 303 175
573 570 340 0 313 530 566 726 531 538 756 630 434 434 475 561 362 736 369 171
742 739 509 313 0 699 735 895 700 707 925 799 603 603 644 730 531 905 538 340
243 316 464 530 699 0 148 472 303 208 502 376 558 558 247 333 486 482 301 365
279 352 500 566 735 148 0 508 339 244 538 412 594 594 283 369 522 518 337 401
515 270 660 726 895 472 508 0 499 480 60 132 754 754 443 529 682 80 497 561
346 343 465 531 700 303 339 499 0 311 529 403 559 559 72 84 487 509 302 366
155 324 472 538 707 208 244 480 311 0 510 384 566 566 255 341 494 490 309 373
545 300 690 756 925 502 538 60 529 510 0 162 784 784 473 559 712 110 527 591
419 174 564 630 799 376 412 132 403 384 162 0 658 658 347 433 586 142 401 465
601 598 104 434 603 558 594 754 559 566 784 658 0 52 503 589 280 764 397 269
601 598 104 434 603 558 594 754 559 566 784 658 52 0 503 589 280 764 397 269
290 287 409 475 644 247 283 443 72 255 473 347 503 503 0 102 431 453 246 310
376 373 495 561 730 333 369 529 84 341 559 433 589 589 102 0 517 539 332 396
529 526 186 362 531 486 522 682 487 494 712 586 280 280 431 517 0 692 325 197
525 280 670 736 905 482 518 80 509 490 110 142 764 764 453 539 692 0 507 571
344 341 303 369 538 301 337 497 302 309 527 401 397 397 246 332 325 507 0 204
408 405 175 171 340 365 401 561 366 373 591 465 269 269 310 396 197 571 204 0
