0 373 331 507 384 535 504 517 321 261 239 488 308 302 562 161 436 455 363 508
373 0 343 319 402 262 322 256 403 477 463 234 518 460 345 319 215 464 549 515
331 343 0 549 235 520 463 485 135 425 470 469 457 456 523 300 439 293 474 333
507 319 549 0 581 162 412 419 512 606 590 379 644 661 506 516 225 614 701 646
384 402 235 581 0 495 525 529 121 403 457 470 503 503 626 332 463 180 489 198
535 262 520 162 495 0 430 437 514 564 564 365 615 596 462 446 167 613 650 637
504 322 463 412 525 430 0 270 464 617 619 158 631 626 276 448 415 602 682 611
517 256 485 419 529 437 270 0 514 585 564 151 619 614 247 478 392 589 680 700
321 403 135 512 121 514 464 514 0 422 429 443 444 490 546 319 445 160 478 190
261 477 425 606 403 564 617 585 422 0 311 577 120 125 597 179 505 482 353 561
239 463 470 590 457 564 619 564 429 311 0 554 305 299 644 208 508 541 249 571
488 234 469 379 470 365 158 151 443 577 554 0 583 574 258 446 314 578 636 594
308 518 457 644 503 615 631 619 444 120 305 583 0 147 664 170 549 561 327 588
302 460 456 661 503 596 626 614 490 125 299 574 147 0 689 249 554 571 372 614
562 345 523 506 626 462 276 247 546 597 644 258 664 689 0 493 412 672 716 745
161 319 300 516 332 446 448 478 319 179 208 446 170 249 493 0 450 395 260 459
436 215 439 225 463 167 415 392 445 505 508 314 549 554 412 450 0 572 608 571
455 464 293 614 180 613 602 589 160 482 541 578 561 571 672 395 572 0 572 248
363 549 474 701 489 650 682 680 478 353 249 636 327 372 716 260 608 572 0 661
508 515 333 646 198 637 611 700 190 561 571 594 588 614 745 459 571 248 661 0
