     20
object000 0 351 319 202 311 272 418 301 366 161 374 359 365 446 304 252 347 400 224 359
object001 351 0 394 452 556 505 237 180 580 527 638 607 467 620 465 570 626 254 289 620
object002 319 394 0 483 459 491 543 396 565 469 604 576 184 628 171 525 607 425 167 616
object003 202 452 483 0 422 408 565 470 508 207 549 510 464 545 481 232 479 548 323 320
object004 311 556 459 422 0 120 584 481 327 470 437 358 593 425 576 488 417 598 418 617
object005 272 505 491 408 120 0 615 550 444 472 433 369 534 448 530 460 461 603 392 609
object006 418 237 543 565 584 615 0 227 671 612 708 678 550 705 582 661 717 170 363 704
object007 301 180 396 470 481 550 227 0 557 457 572 533 417 537 388 508 598 248 266 601
object008 366 580 565 508 327 444 671 557 0 538 224 251 548 168 588 535 50 580 456 671
object009 161 527 469 207 470 472 612 457 538 0 535 480 502 528 487 102 523 539 360 210
object010 374 638 604 549 437 433 708 572 224 535 0 267 661 198 608 628 225 706 538 710
object011 359 607 576 510 358 369 678 533 251 480 267 0 634 326 573 598 286 627 489 688
object012 365 467 184 464 593 534 550 417 548 502 661 634 0 627 223 564 629 551 244 622
object013 446 620 628 545 425 448 705 537 168 528 198 326 627 0 621 628 212 733 513 746
object014 304 465 171 481 576 530 582 388 588 487 608 573 223 621 0 566 660 509 180 618
object015 252 570 525 232 488 460 661 508 535 102 628 598 564 628 566 0 612 617 436 86
object016 347 626 607 479 417 461 717 598 50 523 225 286 629 212 660 612 0 720 504 670
object017 400 254 425 548 598 603 170 248 580 539 706 627 551 733 509 617 720 0 390 695
object018 224 289 167 323 418 392 363 266 456 360 538 489 244 513 180 436 504 390 0 466
object019 359 620 616 320 617 609 704 601 671 210 710 688 622 746 618 86 670 695 466 0
