0 105 278 316 362 136 298 348 263 472 327 331 323 349 424 149 385 493 369 362
105 0 355 393 439 223 385 435 350 549 414 408 410 436 501 236 472 570 446 449
278 355 0 324 270 396 558 608 523 380 587 339 583 609 332 409 645 401 277 622
316 393 324 0 408 434 596 646 561 518 625 203 621 647 470 447 683 539 415 660
362 439 270 408 0 480 642 692 607 304 671 423 667 693 256 493 729 325 201 706
136 223 396 434 480 0 264 314 197 590 293 449 289 283 542 83 351 611 487 328
298 385 558 596 642 264 0 370 391 752 349 611 345 477 704 277 407 773 649 384
348 435 608 646 692 314 370 0 441 802 165 661 255 527 754 327 317 823 699 294
263 350 523 561 607 197 391 441 0 717 420 576 416 252 669 182 478 738 614 455
472 549 380 518 304 590 752 802 717 0 781 533 777 803 134 603 839 267 143 816
327 414 587 625 671 293 349 165 420 781 0 640 234 506 733 306 296 802 678 273
331 408 339 203 423 449 611 661 576 533 640 0 636 662 485 462 698 554 430 675
323 410 583 621 667 289 345 255 416 777 234 636 0 502 729 302 212 798 674 187
349 436 609 647 693 283 477 527 252 803 506 662 502 0 755 268 564 824 700 541
424 501 332 470 256 542 704 754 669 134 733 485 729 755 0 555 791 219 95 768
149 236 409 447 493 83 277 327 182 603 306 462 302 268 555 0 364 624 500 341
385 472 645 683 729 351 407 317 478 839 296 698 212 564 791 364 0 860 736 251
493 570 401 539 325 611 773 823 738 267 802 554 798 824 219 624 860 0 134 837
369 446 277 415 201 487 649 699 614 143 678 430 674 700 95 500 736 134 0 713
362 449 622 660 706 328 384 294 455 816 273 675 187 541 768 341 251 837 713 0
