0 107 399 222 191 255 176 423 400 173 215 357 241 377 422 420 536 332 403 390
107 0 446 267 236 300 189 470 447 220 228 404 254 424 469 467 583 379 450 437
399 446 0 561 530 594 515 366 151 274 554 300 580 320 365 363 287 275 346 77
222 267 561 0 127 231 336 585 562 335 375 519 401 539 584 582 698 494 565 552
191 236 530 127 0 200 305 554 531 304 344 488 370 508 553 551 667 463 534 521
255 300 594 231 200 0 369 618 595 368 408 552 434 572 617 615 731 527 598 585
176 189 515 336 305 369 0 539 516 289 125 473 151 493 538 536 652 448 519 506
423 470 366 585 554 618 539 0 367 298 578 230 604 250 173 171 503 205 40 357
400 447 151 562 531 595 516 367 0 275 555 301 581 321 366 364 188 276 347 142
173 220 274 335 304 368 289 298 275 0 328 232 354 252 297 295 411 207 278 265
215 228 554 375 344 408 125 578 555 328 0 512 42 532 577 575 691 487 558 545
357 404 300 519 488 552 473 230 301 232 512 0 538 114 229 227 437 59 210 291
241 254 580 401 370 434 151 604 581 354 42 538 0 558 603 601 717 513 584 571
377 424 320 539 508 572 493 250 321 252 532 114 558 0 249 247 457 89 230 311
422 469 365 584 553 617 538 173 366 297 577 229 603 249 0 44 502 204 153 356
420 467 363 582 551 615 536 171 364 295 575 227 601 247 44 0 500 202 151 354
536 583 287 698 667 731 652 503 188 411 691 437 717 457 502 500 0 412 483 278
332 379 275 494 463 527 448 205 276 207 487 59 513 89 204 202 412 0 185 266
403 450 346 565 534 598 519 40 347 278 558 210 584 230 153 151 483 185 0 337
390 437 77 552 521 585 506 357 142 265 545 291 571 311 356 354 278 266 337 0
