0 365 390 287 58 255 376 284 211 307 404 163 176 436 285 371 507 264 502 531
365 0 229 453 389 308 402 352 515 310 430 441 479 285 519 432 299 372 264 310
390 229 0 476 362 362 423 316 518 322 450 448 433 81 482 411 203 401 153 137
287 453 476 0 219 357 444 425 387 363 465 355 384 525 148 502 634 407 620 634
58 389 362 219 0 277 314 232 165 220 393 92 118 435 252 351 471 287 507 461
255 308 362 357 277 0 338 182 361 180 355 377 320 325 416 332 483 197 492 450
376 402 423 444 314 338 0 290 499 275 105 455 463 418 495 142 554 43 563 540
284 352 316 425 232 182 290 0 401 216 360 360 430 428 411 251 429 209 474 431
211 515 518 387 165 361 499 401 0 425 542 105 182 518 374 542 624 441 672 613
307 310 322 363 220 180 275 216 425 0 352 391 401 362 390 330 422 248 477 441
404 430 450 465 393 355 105 360 542 352 0 511 474 454 541 187 540 165 553 578
163 441 448 355 92 377 455 360 105 391 511 0 80 513 359 465 599 389 578 567
176 479 433 384 118 320 463 430 182 401 474 80 0 499 408 467 652 401 617 577
436 285 81 525 435 325 418 428 518 362 454 513 499 0 573 455 191 401 212 241
285 519 482 148 252 416 495 411 374 390 541 359 408 573 0 487 619 433 646 570
371 432 411 502 351 332 142 251 542 330 187 465 467 455 487 0 537 80 565 535
507 299 203 634 471 483 554 429 624 422 540 599 652 191 619 537 0 459 132 108
264 372 401 407 287 197 43 209 441 248 165 389 401 401 433 80 459 0 427 419
502 264 153 620 507 492 563 474 672 477 553 578 617 212 646 565 132 427 0 87
531 310 137 634 461 450 540 431 613 441 578 567 577 241 570 535 108 419 87 0
