0 444 424 496 390 341 207 322 367 339 491 462 501 532 483 321 432 328 269 251
444 0 38 232 436 231 363 368 257 629 537 508 547 578 529 611 478 374 559 541
424 38 0 212 416 211 343 348 237 609 517 488 527 558 509 591 458 354 539 521
496 232 212 0 488 283 415 420 309 681 589 560 599 630 581 663 530 426 611 593
390 436 416 488 0 333 309 214 359 575 193 164 203 234 375 557 324 220 505 487
341 231 211 283 333 0 260 265 98 526 434 405 444 475 426 508 375 271 456 438
207 363 343 415 309 260 0 241 286 392 410 381 420 451 402 374 351 247 322 304
322 368 348 420 214 265 241 0 291 507 315 286 325 356 207 489 156 146 437 419
367 257 237 309 359 98 286 291 0 552 460 431 470 501 452 534 401 297 482 464
339 629 609 681 575 526 392 507 552 0 676 647 686 717 668 304 617 513 252 280
491 537 517 589 193 434 410 315 460 676 0 89 132 163 476 658 425 321 606 588
462 508 488 560 164 405 381 286 431 647 89 0 103 134 447 629 396 292 577 559
501 547 527 599 203 444 420 325 470 686 132 103 0 63 486 668 435 331 616 598
532 578 558 630 234 475 451 356 501 717 163 134 63 0 517 699 466 362 647 629
483 529 509 581 375 426 402 207 452 668 476 447 486 517 0 650 121 307 598 580
321 611 591 663 557 508 374 489 534 304 658 629 668 699 650 0 599 495 106 262
432 478 458 530 324 375 351 156 401 617 425 396 435 466 121 599 0 256 547 529
328 374 354 426 220 271 247 146 297 513 321 292 331 362 307 495 256 0 443 425
269 559 539 611 505 456 322 437 482 252 606 577 616 647 598 106 547 443 0 210
251 541 521 593 487 438 304 419 464 280 588 559 598 629 580 262 529 425 210 0
