0 528 346 555 310 515 354 582 471 414 142 317 529 436 356 300 433 618 441 354
528 0 502 59 540 343 182 256 299 242 530 473 203 592 316 530 589 416 597 584
346 502 0 529 358 489 328 556 445 388 348 65 503 98 330 348 95 592 189 402
555 59 529 0 567 370 209 283 326 269 557 500 230 619 343 557 616 443 624 611
310 540 358 567 0 527 366 594 483 426 312 329 541 448 368 170 445 630 453 144
515 343 489 370 527 0 167 397 62 107 517 460 344 579 303 517 576 433 584 571
354 182 328 209 366 167 0 236 123 66 356 299 183 418 142 356 415 272 423 410
582 256 556 283 594 397 236 0 353 296 584 527 127 646 370 584 643 470 651 638
471 299 445 326 483 62 123 353 0 63 473 416 300 535 259 473 532 389 540 527
414 242 388 269 426 107 66 296 63 0 416 359 243 478 202 416 475 332 483 470
142 530 348 557 312 517 356 584 473 416 0 319 531 438 358 302 435 620 443 356
317 473 65 500 329 460 299 527 416 359 319 0 474 155 301 319 152 563 136 373
529 203 503 230 541 344 183 127 300 243 531 474 0 593 317 531 590 417 598 585
436 592 98 619 448 579 418 646 535 478 438 155 593 0 420 438 83 682 279 492
356 316 330 343 368 303 142 370 259 202 358 301 317 420 0 358 417 406 425 412
300 530 348 557 170 517 356 584 473 416 302 319 531 438 358 0 435 620 443 214
433 589 95 616 445 576 415 643 532 475 435 152 590 83 417 435 0 679 276 489
618 416 592 443 630 433 272 470 389 332 620 563 417 682 406 620 679 0 687 674
441 597 189 624 453 584 423 651 540 483 443 136 598 279 425 443 276 687 0 497
354 584 402 611 144 571 410 638 527 470 356 373 585 492 412 214 489 674 497 0
