(((((object019:43.42250,object016:51.57750):73.16974,object013:55.83095):45.74931,
(object014:100.56578,((object011:59.90417,object006:7.09583):75.22340,
object003:39.22641):62.73031):66.77904):5.55695,(((object010:103.75808,
object007:16.24192):13.81521,object004:49.20752):98.26566,
object001:23.28161):69.10789):125.45814,(((((object012:90.25380,
object009:75.74620):51.24977,object015:169.66250):7.25188,
object017:22.24375):83.74902,(object008:33.80493,object005:74.19507):13.56628):27.48099,
(object018:78.22762,object002:66.77238):5.45136):106.57952,object000:47.33301);
