0 240 398 81 292 466 461 389 286 398 405 268 298 420 552 360 543 332 487 358
240 0 332 344 341 452 405 310 393 356 355 193 334 387 544 379 495 384 447 208
398 332 0 419 432 524 169 304 468 312 469 287 358 499 631 389 549 444 270 307
81 344 419 0 344 552 475 452 348 435 454 390 365 465 634 486 569 342 583 439
292 341 432 344 0 589 492 467 189 423 536 404 439 495 654 525 637 210 610 409
466 452 524 552 589 0 571 552 593 565 331 483 321 322 174 375 140 582 694 497
461 405 169 475 492 571 0 357 532 357 547 385 433 529 663 496 598 560 145 431
389 310 304 452 467 552 357 0 497 123 470 311 367 499 594 436 586 490 435 343
286 393 468 348 189 593 532 497 0 514 496 429 469 570 662 488 604 71 606 404
398 356 312 435 423 565 357 123 514 0 505 424 439 529 684 450 620 503 483 412
405 355 469 454 536 331 547 470 496 505 0 396 298 177 442 381 400 503 619 425
268 193 287 390 404 483 385 311 429 424 396 0 349 407 550 384 543 431 513 43
298 334 358 365 439 321 433 367 469 439 298 349 0 260 408 72 387 429 516 367
420 387 499 465 495 322 529 499 570 529 177 407 260 0 432 351 380 522 605 432
552 544 631 634 654 174 663 594 662 684 442 550 408 432 0 460 135 681 732 587
360 379 389 486 525 375 496 436 488 450 381 384 72 351 460 0 435 521 586 402
543 495 549 569 637 140 598 586 604 620 400 543 387 380 135 435 0 632 699 493
332 384 444 342 210 582 560 490 71 503 503 431 429 522 681 521 632 0 635 440
487 447 270 583 610 694 145 435 606 483 619 513 516 605 732 586 699 635 0 516
358 208 307 439 409 497 431 343 404 412 425 43 367 432 587 402 493 440 516 0
