0 347 196 176 220 416 329 357 296 334 372 411 328 403 253 328 368 318 394 360
347 0 469 449 493 375 288 316 109 293 485 524 441 516 366 441 481 431 507 473
196 469 0 146 52 538 451 479 418 456 494 533 450 525 375 450 490 440 516 482
176 449 146 0 170 518 431 459 398 436 474 513 430 505 355 430 470 420 496 462
220 493 52 170 0 562 475 503 442 480 518 557 474 549 399 474 514 464 540 506
416 375 538 518 562 0 203 67 324 208 554 593 510 585 435 510 550 500 576 542
329 288 451 431 475 203 0 144 237 117 467 506 423 498 348 423 463 413 489 455
357 316 479 459 503 67 144 0 265 149 495 534 451 526 376 451 491 441 517 483
296 109 418 398 442 324 237 265 0 242 434 473 390 465 315 390 430 380 456 422
334 293 456 436 480 208 117 149 242 0 472 511 428 503 353 428 468 418 494 460
372 485 494 474 518 554 467 495 434 472 0 423 340 415 231 296 380 330 406 328
411 524 533 513 557 593 506 534 473 511 423 0 297 40 304 379 157 287 183 411
328 441 450 430 474 510 423 451 390 428 340 297 0 289 221 296 254 130 280 328
403 516 525 505 549 585 498 526 465 503 415 40 289 0 296 371 149 279 175 403
253 366 375 355 399 435 348 376 315 353 231 304 221 296 0 187 261 211 287 219
328 441 450 430 474 510 423 451 390 428 296 379 296 371 187 0 336 286 362 212
368 481 490 470 514 550 463 491 430 468 380 157 254 149 261 336 0 244 70 368
318 431 440 420 464 500 413 441 380 418 330 287 130 279 211 286 244 0 270 318
394 507 516 496 540 576 489 517 456 494 406 183 280 175 287 362 70 270 0 394
360 473 482 462 506 542 455 483 422 460 328 411 328 403 219 212 368 318 394 0
