0 425 283 305 334 536 481 273 541 445 416 535 407 581 298 233 548 543 501 464
425 0 540 562 591 361 186 530 246 270 673 360 232 406 233 490 373 368 326 169
283 540 0 222 139 651 596 190 656 560 221 650 522 696 413 150 663 658 616 579
305 562 222 0 273 673 618 200 678 582 355 672 544 718 435 160 685 680 638 601
334 591 139 273 0 702 647 241 707 611 206 701 573 747 464 201 714 709 667 630
536 361 651 673 702 0 417 641 477 339 784 243 301 475 344 601 442 251 209 400
481 186 596 618 647 417 0 586 142 326 729 416 288 462 289 546 429 424 382 65
273 530 190 200 241 641 586 0 646 550 323 640 512 686 403 122 653 648 606 569
541 246 656 678 707 477 142 646 0 386 789 476 348 522 349 606 489 484 442 99
445 270 560 582 611 339 326 550 386 0 693 338 202 376 253 510 167 346 304 309
416 673 221 355 206 784 729 323 789 693 0 783 655 829 546 283 796 791 749 712
535 360 650 672 701 243 416 640 476 338 783 0 300 474 343 600 441 186 144 399
407 232 522 544 573 301 288 512 348 202 655 300 0 214 215 472 305 308 266 271
581 406 696 718 747 475 462 686 522 376 829 474 214 0 389 646 479 482 440 445
298 233 413 435 464 344 289 403 349 253 546 343 215 389 0 363 356 351 309 272
233 490 150 160 201 601 546 122 606 510 283 600 472 646 363 0 613 608 566 529
548 373 663 685 714 442 429 653 489 167 796 441 305 479 356 613 0 449 407 412
543 368 658 680 709 251 424 648 484 346 791 186 308 482 351 608 449 0 128 407
501 326 616 638 667 209 382 606 442 304 749 144 266 440 309 566 407 128 0 365
464 169 579 601 630 400 65 569 99 309 712 399 271 445 272 529 412 407 365 0
