0 213 406 341 497 331 384 370 205 551 539 522 558 382 457 207 469 503 438 385
213 0 385 320 476 310 193 349 312 360 348 501 367 361 436 186 278 312 417 194
406 385 0 169 469 419 556 458 505 723 711 494 730 354 179 295 641 675 160 557
341 320 169 0 404 354 491 393 440 658 646 429 665 289 220 230 576 610 201 492
497 476 469 404 0 510 647 549 596 814 802 161 821 169 520 386 732 766 501 648
331 310 419 354 510 0 481 149 430 648 636 535 655 395 470 168 566 600 451 482
384 193 556 491 647 481 0 520 483 439 427 672 446 532 607 357 163 197 588 273
370 349 458 393 549 149 520 0 469 687 675 574 694 434 509 207 605 639 490 521
205 312 505 440 596 430 483 469 0 650 638 621 657 481 556 306 568 602 537 484
551 360 723 658 814 648 439 687 650 0 424 839 167 699 774 524 524 558 755 270
539 348 711 646 802 636 427 675 638 424 0 827 431 687 762 512 512 546 743 160
522 501 494 429 161 535 672 574 621 839 827 0 846 194 545 411 757 791 526 673
558 367 730 665 821 655 446 694 657 167 431 846 0 706 781 531 531 565 762 277
382 361 354 289 169 395 532 434 481 699 687 194 706 0 405 271 617 651 386 533
457 436 179 220 520 470 607 509 556 774 762 545 781 405 0 346 692 726 113 608
207 186 295 230 386 168 357 207 306 524 512 411 531 271 346 0 442 476 327 358
469 278 641 576 732 566 163 605 568 524 512 757 531 617 692 442 0 128 673 358
503 312 675 610 766 600 197 639 602 558 546 791 565 651 726 476 128 0 707 392
438 417 160 201 501 451 588 490 537 755 743 526 762 386 113 327 673 707 0 589
385 194 557 492 648 482 273 521 484 270 160 673 277 533 608 358 358 392 589 0
