0 403 468 489 121 429 160 399 514 293 528 472 529 507 421 541 542 650 361 427
403 0 317 338 458 616 497 130 245 480 377 659 716 356 152 728 729 837 210 158
468 317 0 161 523 681 562 313 428 545 200 724 781 179 335 793 794 902 113 341
489 338 161 0 544 702 583 334 449 566 109 745 802 88 356 814 815 923 134 362
121 458 523 544 0 484 87 454 569 348 583 527 584 562 476 596 597 705 416 482
429 616 681 702 484 0 523 612 727 308 741 365 422 720 634 434 297 543 574 640
160 497 562 583 87 523 0 493 608 387 622 566 623 601 515 635 636 744 455 521
399 130 313 334 454 612 493 0 163 476 373 655 712 352 138 724 725 833 206 144
514 245 428 449 569 727 608 163 0 591 488 770 827 467 253 839 840 948 321 259
293 480 545 566 348 308 387 476 591 0 605 351 408 584 498 420 421 529 438 504
528 377 200 109 583 741 622 373 488 605 0 784 841 65 395 853 854 962 173 401
472 659 724 745 527 365 566 655 770 351 784 0 297 763 677 183 478 418 617 683
529 716 781 802 584 422 623 712 827 408 841 297 0 820 734 366 535 205 674 740
507 356 179 88 562 720 601 352 467 584 65 763 820 0 374 832 833 941 152 380
421 152 335 356 476 634 515 138 253 498 395 677 734 374 0 746 747 855 228 54
541 728 793 814 596 434 635 724 839 420 853 183 366 832 746 0 547 487 686 752
542 729 794 815 597 297 636 725 840 421 854 478 535 833 747 547 0 656 687 753
650 837 902 923 705 543 744 833 948 529 962 418 205 941 855 487 656 0 795 861
361 210 113 134 416 574 455 206 321 438 173 617 674 152 228 686 687 795 0 234
427 158 341 362 482 640 521 144 259 504 401 683 740 380 54 752 753 861 234 0
