0 197 251 280 282 265 193 152 424 323 341 247 296 425 436 336 240 385 487 546
197 0 463 500 436 271 414 162 573 311 490 265 312 581 575 362 315 598 685 680
251 463 0 262 286 486 183 426 382 519 279 481 489 278 282 568 486 394 382 359
280 500 262 0 366 533 304 506 244 603 355 580 574 460 370 628 621 289 543 552
282 436 286 366 0 405 97 411 379 522 55 437 498 382 418 572 560 402 473 513
265 271 486 533 405 0 432 243 587 114 480 59 274 566 567 312 310 617 714 749
193 414 183 304 97 432 0 348 354 499 140 406 455 304 324 492 458 367 487 479
152 162 426 506 411 243 348 0 529 300 466 267 222 571 530 339 323 586 658 722
424 573 382 244 379 587 354 529 0 709 396 609 609 504 510 694 685 183 626 634
323 311 519 603 522 114 499 300 709 0 503 106 302 667 659 388 384 660 741 778
341 490 279 355 55 480 140 466 396 503 0 542 541 472 451 562 578 442 528 564
247 265 481 580 437 59 406 267 609 106 542 0 240 589 595 314 289 548 696 709
296 312 489 574 498 274 455 222 609 302 541 240 0 603 603 93 71 659 728 715
425 581 278 460 382 566 304 571 504 667 472 589 603 0 254 721 675 495 382 448
436 575 282 370 418 567 324 530 510 659 451 595 603 254 0 688 674 512 253 261
336 362 568 628 572 312 492 339 694 388 562 314 93 721 688 0 73 742 763 815
240 315 486 621 560 310 458 323 685 384 578 289 71 675 674 73 0 688 804 795
385 598 394 289 402 617 367 586 183 660 442 548 659 495 512 742 688 0 657 647
487 685 382 543 473 714 487 658 626 741 528 696 728 382 253 763 804 657 0 274
546 680 359 552 513 749 479 722 634 778 564 709 715 448 261 815 795 647 274 0
