     20
object000 0 281 443 503 389 500 533 682 528 477 591 684 700 699 691 623 660 333 389 653
object001 281 0 210 379 194 297 332 457 374 186 458 464 519 504 528 487 472 94 124 489
object002 443 210 0 367 458 150 362 451 297 423 388 483 525 497 538 448 476 297 388 504
object003 503 379 367 0 485 365 369 455 188 553 389 524 566 494 539 465 458 454 430 521
object004 389 194 458 485 0 439 536 633 503 228 557 626 635 633 668 677 689 123 304 673
object005 500 297 150 365 439 0 457 525 363 479 482 523 534 610 615 532 518 371 407 529
object006 533 332 362 369 536 457 0 251 377 585 164 387 192 426 489 380 342 481 524 260
object007 682 457 451 455 633 525 251 0 516 658 303 479 374 519 573 462 489 551 627 138
object008 528 374 297 188 503 363 377 516 0 499 471 477 514 544 534 514 503 469 498 505
object009 477 186 423 553 228 479 585 658 499 0 629 651 682 680 728 649 635 134 259 715
object010 591 458 388 389 557 482 164 303 471 629 0 417 113 482 486 429 381 522 532 331
object011 684 464 483 524 626 523 387 479 477 651 417 0 470 152 207 321 300 605 634 511
object012 700 519 525 566 635 534 192 374 514 682 113 470 0 532 586 527 495 560 607 414
object013 699 504 497 494 633 610 426 519 544 680 482 152 532 0 13 349 258 596 589 491
object014 691 528 538 539 668 615 489 573 534 728 486 207 586 13 0 345 321 630 647 572
object015 623 487 448 465 677 532 380 462 514 649 429 321 527 349 345 0 99 591 595 456
object016 660 472 476 458 689 518 342 489 503 635 381 300 495 258 321 99 0 582 602 529
object017 333 94 297 454 123 371 481 551 469 134 522 605 560 596 630 591 582 0 202 586
object018 389 124 388 430 304 407 524 627 498 259 532 634 607 589 647 595 602 202 0 629
object019 653 489 504 521 673 529 260 138 505 715 331 511 414 491 572 456 529 586 629 0
