((object006:143.45785,object004:36.54215):90.31922,((object009:64.89104,
(((object017:42.62243,object012:45.37757):143.98907,(object015:78.56090,
object011:75.43910):83.27383):62.83225,(object016:191.54147,
object005:70.45853):89.99476):67.80292):81.82073,((((object019:6.75100,
object014:36.24900):90.02339,(object008:162.83115,object007:54.16885):17.78938):92.33406,
object001:5.29445):76.69239,(object018:8.26569,(((object013:90.00560,
object010:49.99440):30.17095,object003:75.82733):58.68748,
object002:32.30947):71.27324):21.20882):65.05659):89.45133,object000:72.78112);
