0 276 314 362 354 252 506 496 579 359 584 461 351 461 477 390 466 300 213 571
276 0 292 340 118 230 484 474 557 123 562 439 329 439 455 368 444 64 87 549
314 292 0 318 370 126 462 452 535 375 540 417 307 417 433 346 422 316 229 527
362 340 318 0 418 256 460 450 533 423 538 415 139 415 431 344 420 364 277 525
354 118 370 418 0 308 562 552 635 181 640 517 407 517 533 446 522 122 165 627
252 230 126 256 308 0 400 390 473 313 478 355 245 355 371 284 360 254 167 465
506 484 462 460 562 400 0 248 199 567 204 387 449 387 403 316 392 508 421 323
496 474 452 450 552 390 248 0 321 557 326 377 439 377 393 306 382 498 411 219
579 557 535 533 635 473 199 321 0 640 81 460 522 460 476 389 465 581 494 396
359 123 375 423 181 313 567 557 640 0 645 522 412 522 538 451 527 121 170 632
584 562 540 538 640 478 204 326 81 645 0 465 527 465 481 394 470 586 499 401
461 439 417 415 517 355 387 377 460 522 465 0 404 192 208 173 249 463 376 452
351 329 307 139 407 245 449 439 522 412 527 404 0 404 420 333 409 353 266 514
461 439 417 415 517 355 387 377 460 522 465 192 404 0 52 173 249 463 376 452
477 455 433 431 533 371 403 393 476 538 481 208 420 52 0 189 265 479 392 468
390 368 346 344 446 284 316 306 389 451 394 173 333 173 189 0 84 392 305 381
466 444 422 420 522 360 392 382 465 527 470 249 409 249 265 84 0 468 381 457
300 64 316 364 122 254 508 498 581 121 586 463 353 463 479 392 468 0 111 573
213 87 229 277 165 167 421 411 494 170 499 376 266 376 392 305 381 111 0 486
571 549 527 525 627 465 323 219 396 632 401 452 514 452 468 381 457 573 486 0
