0 119 245 217 404 211 229 202 281 319 461 327 250 371 406 377 481 337 295 217
119 0 147 264 243 142 123 65 172 400 489 381 290 456 439 377 561 404 391 152
245 147 0 420 315 273 254 248 297 529 660 536 418 632 599 595 697 554 562 288
217 264 420 0 493 378 378 380 386 275 446 306 87 347 363 360 454 299 342 419
404 243 315 493 0 375 347 384 400 597 775 582 568 678 721 690 823 628 667 388
211 142 273 378 375 0 207 214 305 493 648 516 398 536 586 605 703 540 544 102
229 123 254 378 347 207 0 75 158 455 645 459 396 552 577 584 656 473 476 191
202 65 248 380 384 214 75 0 66 529 652 537 423 553 597 555 672 530 548 213
281 172 297 386 400 305 158 66 0 527 724 557 468 596 619 554 732 556 593 250
319 400 529 275 597 493 455 529 527 0 351 247 339 301 307 299 439 276 245 500
461 489 660 446 775 648 645 652 724 351 0 420 469 215 222 307 87 407 143 664
327 381 536 306 582 516 459 537 557 247 420 0 330 288 358 310 480 54 290 495
250 290 418 87 568 398 396 423 468 339 469 330 0 388 444 431 518 372 390 445
371 456 632 347 678 536 552 553 596 301 215 288 388 0 117 223 272 281 15 570
406 439 599 363 721 586 577 597 619 307 222 358 444 117 0 243 265 355 142 615
377 377 595 360 690 605 584 555 554 299 307 310 431 223 243 0 356 309 207 613
481 561 697 454 823 703 656 672 732 439 87 480 518 272 265 356 0 464 170 718
337 404 554 299 628 540 473 530 556 276 407 54 372 281 355 309 464 0 283 517
295 391 562 342 667 544 476 548 593 245 143 290 390 15 142 207 170 283 0 527
217 152 288 419 388 102 191 213 250 500 664 495 445 570 615 613 718 517 527 0
