0 357 218 253 287 287 396 372 282 208 300 375 213 228 400 114 302 324 204 280
357 0 347 194 416 228 225 201 411 407 499 204 412 427 229 313 243 453 403 409
218 347 0 243 189 277 386 362 184 268 360 365 273 288 390 174 292 226 264 182
253 194 243 0 312 94 233 209 307 303 395 212 308 323 237 209 111 349 299 305
287 416 189 312 0 346 455 431 191 337 429 434 342 357 459 243 361 233 333 189
287 228 277 94 346 0 267 243 341 337 429 246 342 357 271 243 145 383 333 339
396 225 386 233 455 267 0 124 450 446 538 103 451 466 152 352 282 492 442 448
372 201 362 209 431 243 124 0 426 422 514 103 427 442 100 328 258 468 418 424
282 411 184 307 191 341 450 426 0 332 424 429 337 352 454 238 356 180 328 136
208 407 268 303 337 337 446 422 332 0 324 425 189 204 450 160 352 374 228 330
300 499 360 395 429 429 538 514 424 324 0 517 329 344 542 252 444 466 156 422
375 204 365 212 434 246 103 103 429 425 517 0 430 445 131 331 261 471 421 427
213 412 273 308 342 342 451 427 337 189 329 430 0 41 455 165 357 379 233 335
228 427 288 323 357 357 466 442 352 204 344 445 41 0 470 180 372 394 248 350
400 229 390 237 459 271 152 100 454 450 542 131 455 470 0 356 286 496 446 452
114 313 174 209 243 243 352 328 238 160 252 331 165 180 356 0 258 280 156 236
302 243 292 111 361 145 282 258 356 352 444 261 357 372 286 258 0 398 348 354
324 453 226 349 233 383 492 468 180 374 466 471 379 394 496 280 398 0 370 162
204 403 264 299 333 333 442 418 328 228 156 421 233 248 446 156 348 370 0 326
280 409 182 305 189 339 448 424 136 330 422 427 335 350 452 236 354 162 326 0
