0 243 405 294 320 234 270 206 391 392 204 102 342 362 465 236 118 362 414 332
243 0 228 329 457 371 407 343 210 215 341 309 377 397 500 55 325 185 233 367
405 228 0 491 619 533 569 505 376 97 503 471 539 559 662 221 487 215 399 529
294 329 491 0 508 422 458 394 477 478 392 360 214 184 485 322 376 448 500 352
320 457 619 508 0 104 310 256 605 606 254 386 556 576 679 450 402 576 628 546
234 371 533 422 104 0 224 170 519 520 168 300 470 490 593 364 316 490 542 460
270 407 569 458 310 224 0 206 555 556 204 336 506 526 629 400 352 526 578 496
206 343 505 394 256 170 206 0 491 492 52 272 442 462 565 336 288 462 514 432
391 210 376 477 605 519 555 491 0 363 489 457 525 545 648 171 473 333 157 515
392 215 97 478 606 520 556 492 363 0 490 458 526 546 649 208 474 202 386 516
204 341 503 392 254 168 204 52 489 490 0 270 440 460 563 334 286 460 512 430
102 309 471 360 386 300 336 272 457 458 270 0 408 428 531 302 72 428 480 398
342 377 539 214 556 470 506 442 525 526 440 408 0 282 533 370 424 496 548 400
362 397 559 184 576 490 526 462 545 546 460 428 282 0 553 390 444 516 568 420
465 500 662 485 679 593 629 565 648 649 563 531 533 553 0 493 547 619 671 405
236 55 221 322 450 364 400 336 171 208 334 302 370 390 493 0 318 178 194 360
118 325 487 376 402 316 352 288 473 474 286 72 424 444 547 318 0 444 496 414
362 185 215 448 576 490 526 462 333 202 460 428 496 516 619 178 444 0 356 486
414 233 399 500 628 542 578 514 157 386 512 480 548 568 671 194 496 356 0 538
332 367 529 352 546 460 496 432 515 516 430 398 400 420 405 360 414 486 538 0
