0 220 141 466 453 486 469 614 596 346 109 471 565 605 476 582 638 93 263 158
220 0 392 210 384 240 397 569 562 318 265 477 520 529 215 447 649 326 63 394
141 392 0 563 601 535 586 739 707 476 261 602 659 724 578 672 755 206 412 153
466 210 563 0 651 102 636 778 774 519 439 663 688 709 241 659 798 524 268 631
453 384 601 651 0 621 427 211 237 342 376 463 561 182 641 524 285 533 462 601
486 240 535 102 621 0 646 770 801 517 425 627 730 772 241 708 830 492 284 616
469 397 586 636 427 646 0 579 554 246 397 213 191 506 643 275 653 517 461 609
614 569 739 778 211 770 579 0 242 493 562 617 684 104 793 612 297 687 632 746
596 562 707 774 237 801 554 242 0 443 559 618 673 153 772 641 54 665 584 755
346 318 476 519 342 517 246 493 443 0 337 270 313 420 511 321 493 422 333 533
109 265 261 439 376 425 397 562 559 337 0 437 550 543 424 500 657 221 285 251
471 477 602 663 463 627 213 617 618 270 437 0 309 544 653 106 649 547 468 630
565 520 659 688 561 730 191 684 673 313 550 309 0 628 773 355 787 579 543 746
605 529 724 709 182 772 506 104 153 420 543 544 628 0 781 603 229 643 564 755
476 215 578 241 641 241 643 793 772 511 424 653 773 781 0 683 837 561 295 618
582 447 672 659 524 708 275 612 641 321 500 106 355 603 683 0 705 617 544 687
638 649 755 798 285 830 653 297 54 493 657 649 787 229 837 705 0 734 698 815
93 326 206 524 533 492 517 687 665 422 221 547 579 643 561 617 734 0 376 182
263 63 412 268 462 284 461 632 584 333 285 468 543 564 295 544 698 376 0 479
158 394 153 631 601 616 609 746 755 533 251 630 746 755 618 687 815 182 479 0
