0 511 473 514 453 557 536 545 496 101 157 282 226 83 327 561 563 172 413 567
511 0 336 447 128 420 469 478 429 594 422 599 543 576 644 424 496 437 730 500
473 336 0 409 278 200 431 440 391 556 384 561 505 538 606 204 458 399 692 462
514 447 409 0 389 493 280 289 62 597 425 602 546 579 647 497 307 440 733 311
453 128 278 389 0 362 411 420 371 536 364 541 485 518 586 366 438 379 672 442
557 420 200 493 362 0 515 524 475 640 468 645 589 622 690 196 542 483 776 546
536 469 431 280 411 515 0 245 262 619 447 624 568 601 669 519 149 462 755 267
545 478 440 289 420 524 245 0 271 628 456 633 577 610 678 528 272 471 764 116
496 429 391 62 371 475 262 271 0 579 407 584 528 561 629 479 289 422 715 293
101 594 556 597 536 640 619 628 579 0 240 365 309 154 410 644 646 255 496 650
157 422 384 425 364 468 447 456 407 240 0 245 189 222 290 472 474 71 376 478
282 599 561 602 541 645 624 633 584 365 245 0 206 347 69 649 651 260 203 655
226 543 505 546 485 589 568 577 528 309 189 206 0 291 251 593 595 204 337 599
83 576 538 579 518 622 601 610 561 154 222 347 291 0 392 626 628 237 478 632
327 644 606 647 586 690 669 678 629 410 290 69 251 392 0 694 696 305 248 700
561 424 204 497 366 196 519 528 479 644 472 649 593 626 694 0 546 487 780 550
563 496 458 307 438 542 149 272 289 646 474 651 595 628 696 546 0 489 782 294
172 437 399 440 379 483 462 471 422 255 71 260 204 237 305 487 489 0 391 493
413 730 692 733 672 776 755 764 715 496 376 203 337 478 248 780 782 391 0 786
567 500 462 311 442 546 267 116 293 650 478 655 599 632 700 550 294 493 786 0
