0 73 176 183 438 422 212 340 232 244 354 545 521 437 159 408 384 404 336 329
73 0 217 128 383 367 157 285 273 285 299 490 466 382 104 353 329 349 281 274
176 217 0 327 582 566 356 484 194 206 498 689 665 581 303 552 528 548 480 473
183 128 327 0 289 273 63 389 383 395 205 396 372 288 208 259 433 255 187 378
438 383 582 289 0 120 296 644 638 650 320 505 481 403 463 368 688 370 168 633
422 367 566 273 120 0 280 628 622 634 304 489 465 387 447 352 672 354 152 617
212 157 356 63 296 280 0 418 412 424 212 403 379 295 237 266 462 262 194 407
340 285 484 389 644 628 418 0 540 552 560 751 727 643 223 614 272 610 542 217
232 273 194 383 638 622 412 540 0 34 554 745 721 637 359 608 584 604 536 529
244 285 206 395 650 634 424 552 34 0 566 757 733 649 371 620 596 616 548 541
354 299 498 205 320 304 212 560 554 566 0 427 403 123 379 290 604 90 218 549
545 490 689 396 505 489 403 751 745 757 427 0 156 510 570 293 795 477 403 740
521 466 665 372 481 465 379 727 721 733 403 156 0 486 546 269 771 453 379 716
437 382 581 288 403 387 295 643 637 649 123 510 486 0 462 373 687 103 301 632
159 104 303 208 463 447 237 223 359 371 379 570 546 462 0 433 267 429 361 212
408 353 552 259 368 352 266 614 608 620 290 293 269 373 433 0 658 340 266 603
384 329 528 433 688 672 462 272 584 596 604 795 771 687 267 658 0 654 586 63
404 349 548 255 370 354 262 610 604 616 90 477 453 103 429 340 654 0 268 599
336 281 480 187 168 152 194 542 536 548 218 403 379 301 361 266 586 268 0 531
329 274 473 378 633 617 407 217 529 541 549 740 716 632 212 603 63 599 531 0
