0 337 304 522 400 283 388 515 454 342 533 458 468 562 584 542 544 320 382 579
337 0 339 557 189 318 423 550 489 131 568 493 503 597 619 577 579 109 227 614
304 339 0 332 402 63 198 325 264 344 343 268 278 372 394 352 354 322 384 389
522 557 332 0 620 311 272 399 74 562 417 342 352 446 468 426 428 540 602 463
400 189 402 620 0 381 486 613 552 140 631 556 566 660 682 640 642 118 290 677
283 318 63 311 381 0 177 304 243 323 322 247 257 351 373 331 333 301 363 368
388 423 198 272 486 177 0 185 204 428 203 76 86 276 298 256 258 406 468 293
515 550 325 399 613 304 185 0 331 555 304 255 265 403 425 383 385 533 595 420
454 489 264 74 552 243 204 331 0 494 349 274 284 378 400 358 360 472 534 395
342 131 344 562 140 323 428 555 494 0 573 498 508 602 624 582 584 58 232 619
533 568 343 417 631 322 203 304 349 573 0 273 283 421 443 401 403 551 613 438
458 493 268 342 556 247 76 255 274 498 273 0 72 346 368 326 328 476 538 363
468 503 278 352 566 257 86 265 284 508 283 72 0 356 378 336 338 486 548 373
562 597 372 446 660 351 276 403 378 602 421 346 356 0 236 194 296 580 642 331
584 619 394 468 682 373 298 425 400 624 443 368 378 236 0 112 318 602 664 353
542 577 352 426 640 331 256 383 358 582 401 326 336 194 112 0 276 560 622 311
544 579 354 428 642 333 258 385 360 584 403 328 338 296 318 276 0 562 624 149
320 109 322 540 118 301 406 533 472 58 551 476 486 580 602 560 562 0 210 597
382 227 384 602 290 363 468 595 534 232 613 538 548 642 664 622 624 210 0 659
579 614 389 463 677 368 293 420 395 619 438 363 373 331 353 311 149 597 659 0
