0 311 330 322 343 232 357 286 411 312 419 161 249 267 522 249 244 318 363 352
311 0 419 199 220 107 446 327 288 401 296 202 290 308 397 290 285 195 240 227
330 419 0 430 451 340 135 394 519 226 527 269 357 375 630 357 352 426 471 460
322 199 430 0 91 120 457 338 103 412 111 213 301 319 410 301 296 102 147 240
343 220 451 91 0 141 478 359 180 433 188 234 322 340 431 322 317 123 168 261
232 107 340 120 141 0 367 248 209 322 217 123 211 229 298 211 206 116 161 128
357 446 135 457 478 367 0 421 546 253 554 296 384 402 657 384 379 453 498 487
286 327 394 338 359 248 421 0 427 376 435 163 251 269 538 105 246 334 379 368
411 288 519 103 180 209 546 427 0 501 74 302 390 408 499 390 385 191 236 329
312 401 226 412 433 322 253 376 501 0 509 251 339 357 612 339 334 408 453 442
419 296 527 111 188 217 554 435 74 509 0 310 398 416 507 398 393 199 244 337
161 202 269 213 234 123 296 163 302 251 310 0 100 118 413 126 95 209 254 243
249 290 357 301 322 211 384 251 390 339 398 100 0 168 501 214 145 297 342 331
267 308 375 319 340 229 402 269 408 357 416 118 168 0 519 232 121 315 360 349
522 397 630 410 431 298 657 538 499 612 507 413 501 519 0 501 496 406 451 248
249 290 357 301 322 211 384 105 390 339 398 126 214 232 501 0 209 297 342 331
244 285 352 296 317 206 379 246 385 334 393 95 145 121 496 209 0 292 337 326
318 195 426 102 123 116 453 334 191 408 199 209 297 315 406 297 292 0 71 236
363 240 471 147 168 161 498 379 236 453 244 254 342 360 451 342 337 71 0 281
352 227 460 240 261 128 487 368 329 442 337 243 331 349 248 331 326 236 281 0
