0 187 519 390 463 526 384 352 450 326 417 527 418 74 488 476 479 481 360 482
187 0 502 373 446 509 367 335 433 309 400 510 401 251 471 459 462 464 343 465
519 502 0 559 632 53 331 521 431 495 178 190 365 583 657 457 240 650 341 429
390 373 559 0 75 566 424 210 490 128 457 567 458 454 346 516 519 339 400 522
463 446 632 75 0 639 497 283 563 201 530 640 531 527 419 589 592 412 473 595
526 509 53 566 639 0 338 528 438 502 185 197 372 590 664 464 247 657 348 436
384 367 331 424 497 338 0 386 296 360 229 339 130 448 522 322 291 515 206 144
352 335 521 210 283 528 386 0 452 146 419 529 420 416 300 478 481 293 362 484
450 433 431 490 563 438 296 452 0 426 329 439 330 514 588 224 391 581 108 394
326 309 495 128 201 502 360 146 426 0 393 503 394 390 282 452 455 275 336 458
417 400 178 457 530 185 229 419 329 393 0 186 263 481 555 355 122 548 239 327
527 510 190 567 640 197 339 529 439 503 186 0 373 591 665 465 248 658 349 437
418 401 365 458 531 372 130 420 330 394 263 373 0 482 556 356 325 549 240 228
74 251 583 454 527 590 448 416 514 390 481 591 482 0 552 540 543 545 424 546
488 471 657 346 419 664 522 300 588 282 555 665 556 552 0 614 617 301 498 620
476 459 457 516 589 464 322 478 224 452 355 465 356 540 614 0 417 607 118 420
479 462 240 519 592 247 291 481 391 455 122 248 325 543 617 417 0 610 301 389
481 464 650 339 412 657 515 293 581 275 548 658 549 545 301 607 610 0 491 613
360 343 341 400 473 348 206 362 108 336 239 349 240 424 498 118 301 491 0 304
482 465 429 522 595 436 144 484 394 458 327 437 228 546 620 420 389 613 304 0
