     20
object000 0 295 128 283 371 350 423 479 377 312 379 304 310 436 295 439 452 332 436 418
object001 295 0 334 319 366 351 255 436 371 251 433 84 57 417 282 497 621 586 211 614
object002 128 334 0 344 419 417 467 506 423 327 470 350 299 426 305 515 399 279 536 408
object003 283 319 344 0 195 253 531 183 290 280 249 352 305 109 333 196 681 634 514 669
object004 371 366 419 195 0 84 576 372 351 416 396 400 352 367 390 439 720 649 609 731
object005 350 351 417 253 84 0 459 359 346 335 298 307 267 286 313 360 711 673 490 675
object006 423 255 467 531 576 459 0 619 527 490 575 151 239 592 425 620 806 758 150 795
object007 479 436 506 183 372 359 619 0 405 469 405 461 461 91 459 205 843 756 604 791
object008 377 371 423 290 351 346 527 405 0 420 157 396 337 386 430 370 720 667 572 709
object009 312 251 327 280 416 335 490 469 420 0 444 260 231 450 146 455 662 627 438 649
object010 379 433 470 249 396 298 575 405 157 444 0 383 406 399 386 414 740 690 589 678
object011 304 84 350 352 400 307 151 461 396 260 383 0 50 455 283 528 645 576 180 645
object012 310 57 299 305 352 267 239 461 337 231 406 50 0 425 204 471 659 560 269 607
object013 436 417 426 109 367 286 592 91 386 450 399 455 425 0 408 79 773 709 606 748
object014 295 282 305 333 390 313 425 459 430 146 386 283 204 408 0 511 667 579 427 653
object015 439 497 515 196 439 360 620 205 370 455 414 528 471 79 511 0 806 773 638 848
object016 452 621 399 681 720 711 806 843 720 662 740 645 659 773 667 806 0 196 824 141
object017 332 586 279 634 649 673 758 756 667 627 690 576 560 709 579 773 196 0 715 157
object018 436 211 536 514 609 490 150 604 572 438 589 180 269 606 427 638 824 715 0 778
object019 418 614 408 669 731 675 795 791 709 649 678 645 607 748 653 848 141 157 778 0
