0 71 157 169 151 336 509 313 440 303 533 280 303 376 438 228 421 438 493 430
71 0 222 234 216 401 574 378 505 368 598 345 368 441 503 293 486 503 558 495
157 222 0 262 244 429 602 406 533 396 626 373 396 469 531 321 514 531 586 523
169 234 262 0 84 339 512 316 443 306 536 283 306 379 441 231 424 441 496 433
151 216 244 84 0 321 494 298 425 288 518 265 288 361 423 213 406 423 478 415
336 401 429 339 321 0 405 73 496 359 429 176 359 432 494 350 477 334 549 486
509 574 602 512 494 405 0 382 669 532 102 245 532 605 667 523 650 143 722 659
313 378 406 316 298 73 382 0 473 336 406 153 336 409 471 327 454 311 526 463
440 505 533 443 425 496 669 473 0 417 693 440 417 368 288 454 271 598 205 142
303 368 396 306 288 359 532 336 417 0 556 303 194 353 415 317 398 461 470 407
533 598 626 536 518 429 102 406 693 556 0 269 556 629 691 547 674 167 746 683
280 345 373 283 265 176 245 153 440 303 269 0 303 376 438 294 421 174 493 430
303 368 396 306 288 359 532 336 417 194 556 303 0 353 415 317 398 461 470 407
376 441 469 379 361 432 605 409 368 353 629 376 353 0 366 390 349 534 421 358
438 503 531 441 423 494 667 471 288 415 691 438 415 366 0 452 83 596 341 278
228 293 321 231 213 350 523 327 454 317 547 294 317 390 452 0 435 452 507 444
421 486 514 424 406 477 650 454 271 398 674 421 398 349 83 435 0 579 324 261
438 503 531 441 423 334 143 311 598 461 167 174 461 534 596 452 579 0 651 588
493 558 586 496 478 549 722 526 205 470 746 493 470 421 341 507 324 651 0 89
430 495 523 433 415 486 659 463 142 407 683 430 407 358 278 444 261 588 89 0
