     20
object000 0 99 384 171 189 279 133 389 369 184 211 390 252 405 425 431 505 326 414 359
object001 99 0 408 275 200 300 127 476 479 194 206 387 264 421 461 435 601 383 449 461
object002 384 408 0 545 549 583 570 377 175 275 573 349 600 349 399 413 286 264 306 68
object003 171 275 545 0 118 178 358 595 546 294 360 555 409 572 612 572 695 460 556 556
object004 189 200 549 118 0 184 363 594 558 304 354 493 389 518 579 518 638 406 512 513
object005 279 300 583 178 184 0 340 623 601 318 395 601 408 599 618 579 729 537 585 579
object006 133 127 570 358 363 340 0 547 542 255 63 459 64 469 483 473 629 474 517 554
object007 389 476 377 595 594 623 547 0 378 306 545 245 623 261 178 176 487 176 54 320
object008 369 479 175 546 558 601 542 378 0 252 579 305 578 314 369 362 201 302 354 136
object009 184 194 275 294 304 318 255 306 252 0 311 231 388 238 284 345 412 192 349 260
object010 211 206 573 360 354 395 63 545 579 311 0 587 48 510 617 558 690 497 584 557
object011 390 387 349 555 493 601 459 245 305 231 587 0 535 101 234 213 459 33 243 303
object012 252 264 600 409 389 408 64 623 578 388 48 535 0 549 620 621 729 495 568 593
object013 405 421 349 572 518 599 469 261 314 238 510 101 549 0 264 244 446 86 206 296
object014 425 461 399 612 579 618 483 178 369 284 617 234 620 264 0 58 470 183 166 329
object015 431 435 413 572 518 579 473 176 362 345 558 213 621 244 58 0 451 189 174 390
object016 505 601 286 695 638 729 629 487 201 412 690 459 729 446 470 451 0 381 456 293
object017 326 383 264 460 406 537 474 176 302 192 497 33 495 86 183 189 381 0 139 237
object018 414 449 306 556 512 585 517 54 354 349 584 243 568 206 166 174 456 139 0 330
object019 359 461 68 556 513 579 554 320 136 260 557 303 593 296 329 390 293 237 330 0
