0 274 414 515 425 465 546 646 522 444 593 654 678 674 702 653 651 357 384 669
274 0 254 355 173 305 386 486 362 192 433 494 518 514 542 493 491 105 140 509
414 254 0 341 405 97 372 472 348 424 419 480 504 500 528 479 477 337 364 495
515 355 341 0 506 392 385 485 163 525 432 493 517 513 541 492 490 438 465 508
425 173 405 506 0 456 537 637 513 191 584 645 669 665 693 644 642 104 291 660
465 305 97 392 456 0 423 523 399 475 470 531 555 551 579 530 528 388 415 546
546 386 372 385 537 423 0 254 392 556 127 384 212 404 432 383 381 469 496 277
646 486 472 485 637 523 254 0 492 656 301 484 386 504 532 483 481 569 596 139
522 362 348 163 513 399 392 492 0 532 439 500 524 520 548 499 497 445 472 515
444 192 424 525 191 475 556 656 532 0 603 664 688 684 712 663 661 101 310 679
593 433 419 432 584 470 127 301 439 603 0 431 93 451 479 430 428 516 543 324
654 494 480 493 645 531 384 484 500 664 431 0 516 172 200 305 303 577 604 507
678 518 504 517 669 555 212 386 524 688 93 516 0 536 564 515 513 601 628 409
674 514 500 513 665 551 404 504 520 684 451 172 536 0 46 325 323 597 624 527
702 542 528 541 693 579 432 532 548 712 479 200 564 46 0 353 351 625 652 555
653 493 479 492 644 530 383 483 499 663 430 305 515 325 353 0 98 576 603 506
651 491 477 490 642 528 381 481 497 661 428 303 513 323 351 98 0 574 601 504
357 105 337 438 104 388 469 569 445 101 516 577 601 597 625 576 574 0 223 592
384 140 364 465 291 415 496 596 472 310 543 604 628 624 652 603 601 223 0 619
669 509 495 508 660 546 277 139 515 679 324 507 409 527 555 506 504 592 619 0
