((object019:70.46603,object015:87.53397):116.31260,(object009:157.34566,
((((object014:129.31840,object010:57.68160):18.47957,((object006:93.88323,
object005:121.11677):89.60084,((object013:50.97464,object008:22.02536):80.34059,
object003:80.21523):44.83249):18.38772):78.57177,(object018:88.97712,
(((object012:43.22489,object011:0.00000):78.10728,object007:63.43548):56.87856,
object001:20.81678):96.54758):51.27555):125.72298,(((object017:34.89556,
object016:28.10444):29.21200,object004:14.07512):10.94410,
object002:55.34380):54.64932):93.65527):81.62102,object000:28.10542);
