0 364 264 530 399 390 305 382 488 254 545 297 476 594 573 379 484 496 504 441
364 0 400 280 149 114 441 426 238 390 295 341 520 638 617 423 528 246 254 165
264 400 0 566 435 426 149 418 524 254 581 333 512 630 609 415 520 532 540 477
530 280 566 0 145 306 607 592 74 556 131 507 686 804 783 589 694 350 358 357
399 149 435 145 0 175 476 461 103 425 160 376 555 673 652 458 563 219 227 226
390 114 426 306 175 0 467 452 264 416 321 367 546 664 643 449 554 272 280 179
305 441 149 607 476 467 0 459 565 295 622 374 553 671 650 456 561 573 581 518
382 426 418 592 461 452 459 0 550 408 607 185 364 482 461 35 372 558 566 503
488 238 524 74 103 264 565 550 0 514 65 465 644 762 741 547 652 308 316 315
254 390 254 556 425 416 295 408 514 0 571 323 502 620 599 405 510 522 530 467
545 295 581 131 160 321 622 607 65 571 0 522 701 819 798 604 709 365 373 372
297 341 333 507 376 367 374 185 465 323 522 0 205 323 302 182 213 473 481 418
476 520 512 686 555 546 553 364 644 502 701 205 0 310 289 361 200 652 660 597
594 638 630 804 673 664 671 482 762 620 819 323 310 0 157 479 198 770 778 715
573 617 609 783 652 643 650 461 741 599 798 302 289 157 0 458 177 749 757 694
379 423 415 589 458 449 456 35 547 405 604 182 361 479 458 0 369 555 563 500
484 528 520 694 563 554 561 372 652 510 709 213 200 198 177 369 0 660 668 605
496 246 532 350 219 272 573 558 308 522 365 473 652 770 749 555 660 0 166 323
504 254 540 358 227 280 581 566 316 530 373 481 660 778 757 563 668 166 0 331
441 165 477 357 226 179 518 503 315 467 372 418 597 715 694 500 605 323 331 0
