     20
object000 0 363 363 359 328 486 152 457 417 365 216 418 345 434 505 153 372 491 183 303
object001 363 0 289 274 193 527 281 515 251 207 456 490 460 466 534 420 427 531 425 550
object002 363 289 0 71 249 648 366 638 370 332 589 588 572 594 691 497 533 653 552 658
object003 359 274 71 0 162 588 299 555 276 260 527 487 504 540 599 496 510 554 508 625
object004 328 193 249 162 0 559 301 523 245 287 444 523 455 443 613 430 496 601 477 587
object005 486 527 648 588 559 0 423 506 570 531 608 270 273 470 577 592 259 506 535 683
object006 152 281 366 299 301 423 0 388 300 324 307 370 337 334 478 275 330 403 236 375
object007 457 515 638 555 523 506 388 0 627 545 560 438 427 121 156 579 422 334 579 696
object008 417 251 370 276 245 570 300 627 0 171 514 570 548 562 684 462 516 580 501 605
object009 365 207 332 260 287 531 324 545 171 0 553 494 507 530 629 482 476 540 469 546
object010 216 456 589 527 444 608 307 560 514 553 0 559 590 545 665 214 571 640 153 361
object011 418 490 588 487 523 270 370 438 570 494 559 0 29 403 490 519 172 434 483 662
object012 345 460 572 504 455 273 337 427 548 507 590 29 0 377 485 510 144 431 527 620
object013 434 466 594 540 443 470 334 121 562 530 545 403 377 0 125 592 417 285 535 646
object014 505 534 691 599 613 577 478 156 684 629 665 490 485 125 0 609 505 374 643 734
object015 153 420 497 496 430 592 275 579 462 482 214 519 510 592 609 0 522 561 24 311
object016 372 427 533 510 496 259 330 422 516 476 571 172 144 417 505 522 0 447 545 649
object017 491 531 653 554 601 506 403 334 580 540 640 434 431 285 374 561 447 0 582 708
object018 183 425 552 508 477 535 236 579 501 469 153 483 527 535 643 24 545 582 0 304
object019 303 550 658 625 587 683 375 696 605 546 361 662 620 646 734 311 649 708 304 0
