(object001:59.34551,(((object015:115.70771,(((object012:93.98517,
object009:89.01483):46.03756,(object013:149.52347,((object016:44.99307,
object014:69.00693):66.61926,((object019:12.00017,object018:90.99983):40.03149,
object008:85.03060):52.47241):92.88096):54.88751):23.02832,
((object011:0.00000,(object017:46.22211,(object010:64.35571,
object006:58.64429):61.02603):108.52317):54.64683,(object007:22.34582,
object005:40.65418):66.44335):91.55327):32.32488):25.86512,
(object004:56.57324,object003:61.42676):3.68668):50.47437,
object002:127.32247):30.62492,object000:0.00000);
