     20
object000 0 439 339 225 506 301 212 596 335 371 502 413 326 209 200 265 154 324 291 462
object001 439 0 265 430 242 483 367 214 277 282 119 353 265 628 604 508 583 547 451 294
object002 339 265 0 402 331 405 303 441 240 188 394 165 118 475 549 416 459 448 391 343
object003 225 430 402 0 473 336 199 607 345 351 510 424 285 345 331 290 287 251 311 505
object004 506 242 331 473 0 568 426 408 338 359 367 358 282 654 651 588 600 593 513 226
object005 301 483 405 336 568 0 332 661 375 374 565 486 427 475 507 370 450 404 218 544
object006 212 367 303 199 426 332 0 553 393 332 492 438 341 348 355 134 286 143 268 489
object007 596 214 441 607 408 661 553 0 442 441 112 502 366 728 738 648 692 682 639 414
object008 335 277 240 345 338 375 393 442 0 -50 381 261 201 575 564 418 496 477 406 377
object009 371 282 188 351 359 374 332 441 -50 0 349 258 130 595 538 414 484 482 404 335
object010 502 119 394 510 367 565 492 112 381 349 0 451 334 687 669 609 661 585 519 339
object011 413 353 165 424 358 486 438 502 261 258 451 0 41 558 597 499 546 527 456 437
object012 326 265 118 285 282 427 341 366 201 130 334 41 0 512 488 382 443 429 383 310
object013 209 628 475 345 654 475 348 728 575 595 687 558 512 0 145 475 207 436 482 654
object014 200 604 549 331 651 507 355 738 564 538 669 597 488 145 0 438 126 454 497 668
object015 265 508 416 290 588 370 134 648 418 414 609 499 382 475 438 0 384 160 376 614
object016 154 583 459 287 600 450 286 692 496 484 661 546 443 207 126 384 0 397 410 602
object017 324 547 448 251 593 404 143 682 477 482 585 527 429 436 454 160 397 0 381 611
object018 291 451 391 311 513 218 268 639 406 404 519 456 383 482 497 376 410 381 0 593
object019 462 294 343 505 226 544 489 414 377 335 339 437 310 654 668 614 602 611 593 0
