0 433 431 563 603 563 254 610 564 374 505 451 600 605 534 353 588 499 566 622
433 0 237 337 185 326 396 367 279 403 221 282 426 436 393 196 359 246 233 197
431 237 0 88 261 416 433 353 84 457 0 288 389 452 385 240 388 86 165 308
563 337 88 0 416 469 533 519 171 576 112 447 501 569 518 305 550 223 239 494
603 185 261 416 0 462 492 490 449 533 353 383 545 575 491 327 528 347 369 152
563 326 416 469 462 0 487 112 458 493 367 330 417 547 487 313 455 427 487 465
254 396 433 533 492 487 0 504 507 372 486 383 498 571 520 317 546 479 445 527
610 367 353 519 490 112 504 0 460 564 440 299 445 465 471 326 488 437 446 452
564 279 84 171 449 458 507 460 0 511 92 378 488 569 433 287 523 240 210 414
374 403 457 576 533 493 372 564 511 0 485 451 504 643 562 344 609 454 465 553
505 221 0 112 353 367 486 440 92 485 0 318 418 469 438 188 419 169 223 344
451 282 288 447 383 330 383 299 378 451 318 0 205 311 259 199 262 363 332 347
600 426 389 501 545 417 498 445 488 504 418 205 0 285 232 314 290 435 472 478
605 436 452 569 575 547 571 465 569 643 469 311 285 0 75 360 128 513 487 586
534 393 385 518 491 487 520 471 433 562 438 259 232 75 0 288 92 418 422 523
353 196 240 305 327 313 317 326 287 344 188 199 314 360 288 0 349 267 283 278
588 359 388 550 528 455 546 488 523 609 419 262 290 128 92 349 0 464 476 532
499 246 86 223 347 427 479 437 240 454 169 363 435 513 418 267 464 0 36 377
566 233 165 239 369 487 445 446 210 465 223 332 472 487 422 283 476 36 0 365
622 197 308 494 152 465 527 452 414 553 344 347 478 586 523 278 532 377 365 0
