     20
object000 0 274 268 220 232 315 273 207 356 408 279 125 366 437 474 382 281 504 432 570
object001 274 0 421 399 301 454 409 187 393 462 425 229 491 647 648 521 456 711 590 734
object002 268 421 0 241 410 322 399 406 532 557 404 325 195 296 568 533 298 345 526 402
object003 220 399 241 0 390 210 313 345 432 532 291 319 276 414 526 486 193 508 514 539
object004 232 301 410 390 0 462 416 322 146 182 415 167 512 598 620 540 407 728 603 717
object005 315 454 322 210 462 0 429 438 540 614 484 392 417 487 568 495 70 599 613 616
object006 273 409 399 313 416 429 0 384 449 552 276 309 443 573 389 386 404 626 340 663
object007 207 187 406 345 322 438 384 0 345 437 415 235 495 553 598 503 394 656 563 732
object008 356 393 532 432 146 540 449 345 0 62 477 224 610 682 679 567 500 768 650 795
object009 408 462 557 532 182 614 552 437 62 0 534 280 652 760 745 650 545 854 672 880
object010 279 425 404 291 415 484 276 415 477 534 0 380 474 579 281 226 447 654 218 682
object011 125 229 325 319 167 392 309 235 224 280 380 0 449 584 598 427 389 663 524 653
object012 366 491 195 276 512 417 443 495 610 652 474 449 0 236 650 589 348 315 656 347
object013 437 647 296 414 598 487 573 553 682 760 579 584 236 0 789 716 504 239 788 239
object014 474 648 568 526 620 568 389 598 679 745 281 598 650 789 0 98 619 849 217 904
object015 382 521 533 486 540 495 386 503 567 650 226 427 589 716 98 0 550 729 93 808
object016 281 456 298 193 407 70 404 394 500 545 447 389 348 504 619 550 0 530 588 581
object017 504 711 345 508 728 599 626 656 768 854 654 663 315 239 849 729 530 0 814 263
object018 432 590 526 514 603 613 340 563 650 672 218 524 656 788 217 93 588 814 0 846
object019 570 734 402 539 717 616 663 732 795 880 682 653 347 239 904 808 581 263 846 0
