     20
object000 0 441 395 512 361 518 501 374 461 138 76 304 164 469 517 626 411 146 356 477
object001 441 0 325 520 367 492 442 355 414 403 320 264 467 179 259 356 382 413 231 449
object002 395 325 0 478 388 479 494 368 427 343 270 281 443 351 453 557 401 393 128 425
object003 512 520 478 0 489 558 216 267 518 552 486 418 521 649 665 795 455 517 440 464
object004 361 367 388 489 0 502 481 414 415 408 244 59 365 385 510 607 402 413 330 372
object005 518 492 479 558 502 0 497 368 145 489 393 401 528 628 651 762 176 468 391 253
object006 501 442 494 216 481 497 0 166 407 455 388 432 463 536 620 667 406 452 408 429
object007 374 355 368 267 414 368 166 0 332 351 317 311 383 465 501 592 284 384 285 323
object008 461 414 427 518 415 145 407 332 0 467 331 378 459 532 602 733 188 436 371 193
object009 138 403 343 552 408 489 455 351 467 0 93 320 196 519 556 658 455 122 356 467
object010 76 320 270 486 244 393 388 317 331 93 0 237 120 353 438 536 264 15 258 347
object011 304 264 281 418 59 401 432 311 378 320 237 0 397 378 377 488 334 274 190 339
object012 164 467 443 521 365 528 463 383 459 196 120 397 0 487 552 650 415 101 331 491
object013 469 179 351 649 385 628 536 465 532 519 353 378 487 0 109 314 440 470 348 514
object014 517 259 453 665 510 651 620 501 602 556 438 377 552 109 0 406 496 537 340 573
object015 626 356 557 795 607 762 667 592 733 658 536 488 650 314 406 0 620 627 450 677
object016 411 382 401 455 402 176 406 284 188 455 264 334 415 440 496 620 0 395 336 118
object017 146 413 393 517 413 468 452 384 436 122 15 274 101 470 537 627 395 0 321 386
object018 356 231 128 440 330 391 408 285 371 356 258 190 331 348 340 450 336 321 0 408
object019 477 449 425 464 372 253 429 323 193 467 347 339 491 514 573 677 118 386 408 0
