     20
object000 0 334 380 354 519 484 355 99 60 286 460 437 488 512 513 470 347 288 368 520
object001 334 0 329 297 284 224 54 338 362 423 462 254 138 211 491 267 147 421 480 298
object002 380 329 0 202 560 547 384 396 424 499 247 451 455 502 203 443 387 501 555 450
object003 354 297 202 0 434 514 316 418 384 510 291 388 420 480 280 456 389 408 501 496
object004 519 284 560 434 0 351 307 571 522 624 562 215 402 448 594 298 144 589 669 328
object005 484 224 547 514 351 0 302 533 481 616 587 320 364 470 633 197 235 577 662 231
object006 355 54 384 316 307 302 0 421 386 455 425 245 231 272 466 228 210 421 464 237
object007 99 338 396 418 571 533 421 0 106 333 519 498 519 555 538 480 416 329 372 545
object008 60 362 424 384 522 481 386 106 0 344 478 476 476 514 520 484 400 254 385 531
object009 286 423 499 510 624 616 455 333 344 0 564 582 527 657 601 523 527 201 71 583
object010 460 462 247 291 562 587 425 519 478 564 0 548 543 638 133 547 505 540 628 596
object011 437 254 451 388 215 320 245 498 476 582 548 0 303 376 529 278 60 534 582 296
object012 488 138 455 420 402 364 231 519 476 527 543 303 0 178 595 387 266 569 570 325
object013 512 211 502 480 448 470 272 555 514 657 638 376 178 0 601 376 316 608 679 420
object014 513 491 203 280 594 633 466 538 520 601 133 529 595 601 0 576 476 545 623 581
object015 470 267 443 456 298 197 228 480 484 523 547 278 387 376 576 0 182 558 642 109
object016 347 147 387 389 144 235 210 416 400 527 505 60 266 316 476 182 0 496 537 229
object017 288 421 501 408 589 577 421 329 254 201 540 534 569 608 545 558 496 0 249 547
object018 368 480 555 501 669 662 464 372 385 71 628 582 570 679 623 642 537 249 0 630
object019 520 298 450 496 328 231 237 545 531 583 596 296 325 420 581 109 229 547 630 0
