0 212 320 187 187 316 500 460 228 322 491 178 202 241 347 315 386 481 378 308
212 0 174 177 293 304 488 448 334 310 479 284 308 95 337 305 240 469 232 162
320 174 0 285 401 412 596 556 442 418 587 392 416 115 445 413 192 577 184 114
187 177 285 0 268 281 465 425 309 287 456 259 283 206 242 210 351 446 343 273
187 293 401 268 0 397 581 541 225 403 572 175 199 322 428 396 467 562 459 389
316 304 412 281 397 0 434 394 438 184 425 388 412 333 441 409 478 415 470 400
500 488 596 465 581 434 0 416 622 440 19 572 596 517 625 593 662 83 654 584
460 448 556 425 541 394 416 0 582 400 407 532 556 477 585 553 622 397 614 544
228 334 442 309 225 438 622 582 0 444 613 92 188 363 469 437 508 603 500 430
322 310 418 287 403 184 440 400 444 0 431 394 418 339 447 415 484 421 476 406
491 479 587 456 572 425 19 407 613 431 0 563 587 508 616 584 653 74 645 575
178 284 392 259 175 388 572 532 92 394 563 0 138 313 419 387 458 553 450 380
202 308 416 283 199 412 596 556 188 418 587 138 0 337 443 411 482 577 474 404
241 95 115 206 322 333 517 477 363 339 508 313 337 0 366 334 181 498 173 103
347 337 445 242 428 441 625 585 469 447 616 419 443 366 0 62 511 606 503 433
315 305 413 210 396 409 593 553 437 415 584 387 411 334 62 0 479 574 471 401
386 240 192 351 467 478 662 622 508 484 653 458 482 181 511 479 0 643 194 124
481 469 577 446 562 415 83 397 603 421 74 553 577 498 606 574 643 0 635 565
378 232 184 343 459 470 654 614 500 476 645 450 474 173 503 471 194 635 0 114
308 162 114 273 389 400 584 544 430 406 575 380 404 103 433 401 124 565 114 0
