     20
object000 0 103 465 399 554 488 476 474 478 215 468 425 415 588 464 447 630 346 568 381
object001 103 0 476 439 578 488 504 521 564 282 476 444 506 572 600 535 655 422 619 493
object002 465 476 0 403 527 411 152 401 484 327 423 399 442 509 468 480 618 176 578 442
object003 399 439 403 0 195 323 410 360 320 290 304 306 391 487 406 378 292 279 241 344
object004 554 578 527 195 0 490 605 494 534 454 456 492 550 636 544 544 266 442 168 490
object005 488 488 411 323 490 0 421 151 282 357 279 270 161 398 319 179 544 356 515 266
object006 476 504 152 410 605 421 0 421 514 362 489 367 523 612 549 516 640 277 596 491
object007 474 521 401 360 494 151 421 0 318 326 206 164 180 383 306 172 554 317 457 251
object008 478 564 484 320 534 282 514 318 0 307 288 293 299 453 364 284 648 369 536 298
object009 215 282 327 290 454 357 362 326 307 0 301 304 376 459 360 361 534 211 442 362
object010 468 476 423 304 456 279 489 206 288 301 0 45 272 214 201 263 514 292 485 196
object011 425 444 399 306 492 270 367 164 293 304 45 0 307 186 156 290 492 289 438 150
object012 415 506 442 391 550 161 523 180 299 376 272 307 0 394 368 153 560 303 563 285
object013 588 572 509 487 636 398 612 383 453 459 214 186 394 0 93 356 648 429 567 281
object014 464 600 468 406 544 319 549 306 364 360 201 156 368 93 0 358 621 329 550 235
object015 447 535 480 378 544 179 516 172 284 361 263 290 153 356 358 0 590 345 486 301
object016 630 655 618 292 266 544 640 554 648 534 514 492 560 648 621 590 0 549 78 539
object017 346 422 176 279 442 356 277 317 369 211 292 289 303 429 329 345 549 0 446 315
object018 568 619 578 241 168 515 596 457 536 442 485 438 563 567 550 486 78 446 0 476
object019 381 493 442 344 490 266 491 251 298 362 196 150 285 281 235 301 539 315 476 0
