0 283 236 360 411 288 404 399 230 416 471 470 406 304 343 427 370 303 238 362
283 0 403 267 178 455 311 166 397 583 238 377 573 211 250 594 277 470 405 269
236 403 0 480 531 212 524 519 154 340 591 590 330 424 463 351 490 227 106 482
360 267 480 0 395 532 132 383 474 660 455 198 650 266 163 671 332 547 482 324
411 178 531 395 0 583 439 86 525 711 128 505 701 339 378 722 405 598 533 397
288 455 212 532 583 0 576 571 112 326 643 642 316 476 515 337 542 213 214 534
404 311 524 132 439 576 0 427 518 704 499 74 694 310 207 715 376 591 526 368
399 166 519 383 86 571 427 0 513 699 146 493 689 327 366 710 393 586 521 385
230 397 154 474 525 112 518 513 0 268 585 584 258 418 457 279 484 155 156 476
416 583 340 660 711 326 704 699 268 0 771 770 188 604 643 313 670 163 342 662
471 238 591 455 128 643 499 146 585 771 0 565 761 399 438 782 465 658 593 457
470 377 590 198 505 642 74 493 584 770 565 0 760 376 273 781 442 657 592 434
406 573 330 650 701 316 694 689 258 188 761 760 0 594 633 303 660 153 332 652
304 211 424 266 339 476 310 327 418 604 399 376 594 0 249 615 174 491 426 166
343 250 463 163 378 515 207 366 457 643 438 273 633 249 0 654 315 530 465 307
427 594 351 671 722 337 715 710 279 313 782 781 303 615 654 0 681 200 353 673
370 277 490 332 405 542 376 393 484 670 465 442 660 174 315 681 0 557 492 54
303 470 227 547 598 213 591 586 155 163 658 657 153 491 530 200 557 0 229 549
238 405 106 482 533 214 526 521 156 342 593 592 332 426 465 353 492 229 0 484
362 269 482 324 397 534 368 385 476 662 457 434 652 166 307 673 54 549 484 0
