0 174 381 322 328 495 297 365 428 485 421 480 390 264 359 332 441 396 436 445 470 429 238 419 471
174 0 391 224 338 505 307 375 438 495 431 490 292 166 261 234 343 406 446 455 480 439 140 429 481
381 391 0 539 287 116 256 138 387 258 194 101 607 481 576 549 658 355 395 218 91 202 455 192 244
322 224 539 0 486 653 455 523 586 643 579 638 336 210 305 198 307 554 594 603 628 587 184 577 629
328 338 287 486 0 401 83 271 196 391 327 386 554 428 523 496 605 164 204 351 376 335 402 325 377
495 505 116 653 401 0 370 252 501 372 308 23 721 595 690 663 772 469 509 332 157 316 569 306 358
297 307 256 455 83 370 0 240 183 360 296 355 523 397 492 465 574 151 191 320 345 304 371 294 346
365 375 138 523 271 252 240 0 371 236 172 237 591 465 560 533 642 339 379 110 227 180 439 170 136
428 438 387 586 196 501 183 371 0 491 427 486 654 528 623 596 705 258 298 451 476 435 502 425 477
485 495 258 643 391 372 360 236 491 0 128 357 711 585 680 653 762 459 499 316 347 110 559 100 342
421 431 194 579 327 308 296 172 427 128 0 293 647 521 616 589 698 395 435 252 283 72 495 62 278
480 490 101 638 386 23 355 237 486 357 293 0 706 580 675 648 757 454 494 317 142 301 554 291 343
390 292 607 336 554 721 523 591 654 711 647 706 0 154 129 346 455 622 662 671 696 655 238 645 697
264 166 481 210 428 595 397 465 528 585 521 580 154 0 123 220 329 496 536 545 570 529 112 519 571
359 261 576 305 523 690 492 560 623 680 616 675 129 123 0 315 424 591 631 640 665 624 207 614 666
332 234 549 198 496 663 465 533 596 653 589 648 346 220 315 0 225 564 604 613 638 597 194 587 639
441 343 658 307 605 772 574 642 705 762 698 757 455 329 424 225 0 673 713 722 747 706 303 696 748
396 406 355 554 164 469 151 339 258 459 395 454 622 496 591 564 673 0 150 419 444 403 470 393 445
436 446 395 594 204 509 191 379 298 499 435 494 662 536 631 604 713 150 0 459 484 443 510 433 485
445 455 218 603 351 332 320 110 451 316 252 317 671 545 640 613 722 419 459 0 307 260 519 250 88
470 480 91 628 376 157 345 227 476 347 283 142 696 570 665 638 747 444 484 307 0 291 544 281 333
429 439 202 587 335 316 304 180 435 110 72 301 655 529 624 597 706 403 443 260 291 0 503 18 286
238 140 455 184 402 569 371 439 502 559 495 554 238 112 207 194 303 470 510 519 544 503 0 493 545
419 429 192 577 325 306 294 170 425 100 62 291 645 519 614 587 696 393 433 250 281 18 493 0 276
471 481 244 629 377 358 346 136 477 342 278 343 697 571 666 639 748 445 485 88 333 286 545 276 0
