0 332 285 400 333 232 186 266 154 391 246 249 309 366 374 378 530 502 411 401 251 398 382 390 345
332 0 417 242 305 364 442 398 410 363 502 505 441 498 506 510 502 474 543 533 507 654 638 362 601
285 417 0 485 418 147 395 151 363 476 455 458 194 281 289 293 615 587 296 316 460 607 591 475 554
400 242 485 0 373 432 510 466 478 431 570 573 509 566 574 578 570 542 611 601 575 722 706 430 669
333 305 418 373 0 365 443 399 411 200 503 506 442 499 507 511 339 311 544 534 508 655 639 89 602
232 364 147 432 365 0 342 128 310 423 402 405 171 146 154 158 562 534 273 181 407 554 538 422 501
186 442 395 510 443 342 0 376 198 501 290 293 419 476 484 488 640 612 521 511 187 334 318 500 281
266 398 151 466 399 128 376 0 344 457 436 439 139 262 270 274 596 568 241 297 441 588 572 456 535
154 410 363 478 411 310 198 344 0 469 200 203 387 444 452 456 608 580 489 479 263 410 394 468 357
391 363 476 431 200 423 501 457 469 0 561 564 500 557 565 569 199 171 602 592 566 713 697 257 660
246 502 455 570 503 402 290 436 200 561 0 161 479 536 544 548 700 672 581 571 355 502 486 560 449
249 505 458 573 506 405 293 439 203 564 161 0 482 539 547 551 703 675 584 574 358 505 489 563 452
309 441 194 509 442 171 419 139 387 500 479 482 0 305 313 317 639 611 226 340 484 631 615 499 578
366 498 281 566 499 146 476 262 444 557 536 539 305 0 176 262 696 668 407 285 541 688 672 556 635
374 506 289 574 507 154 484 270 452 565 544 547 313 176 0 270 704 676 415 293 549 696 680 564 643
378 510 293 578 511 158 488 274 456 569 548 551 317 262 270 0 708 680 419 103 553 700 684 568 647
530 502 615 570 339 562 640 596 608 199 700 703 639 696 704 708 0 114 741 731 705 852 836 396 799
502 474 587 542 311 534 612 568 580 171 672 675 611 668 676 680 114 0 713 703 677 824 808 368 771
411 543 296 611 544 273 521 241 489 602 581 584 226 407 415 419 741 713 0 442 586 733 717 601 680
401 533 316 601 534 181 511 297 479 592 571 574 340 285 293 103 731 703 442 0 576 723 707 591 670
251 507 460 575 508 407 187 441 263 566 355 358 484 541 549 553 705 677 586 576 0 259 243 565 206
398 654 607 722 655 554 334 588 410 713 502 505 631 688 696 700 852 824 733 723 259 0 126 712 195
382 638 591 706 639 538 318 572 394 697 486 489 615 672 680 684 836 808 717 707 243 126 0 696 179
390 362 475 430 89 422 500 456 468 257 560 563 499 556 564 568 396 368 601 591 565 712 696 0 659
345 601 554 669 602 501 281 535 357 660 449 452 578 635 643 647 799 771 680 670 206 195 179 659 0
