((((object022:19.80542,((object015:27.23917,object014:0.00000):102.20857,
object013:13.96537):44.82618):35.55510,((object016:83.94299,
object004:18.05701):59.21604,object003:55.57205):48.92296):74.59250,
object001:31.17688):8.32955,((object006:65.20383,(((object018:40.99865,
object017:101.00135):85.26211,object008:15.66324):75.89521,
object005:102.21091):58.67335):48.41719,(((((object023:13.33694,
object021:8.66306):56.10646,object012:37.11461):39.57412,
object010:88.45126):52.06977,((object024:102.14221,object019:6.85779):77.16601,
object009:32.50177):19.63402):85.67474,((object020:69.23677,
(object011:27.38709,object007:81.61291):87.82780):69.92261,
object002:40.12538):77.87737):8.06906):65.44995,object000:22.70402);
