0 296 253 399 361 185 157 303 144 366 279 250 263 382 341 403 547 491 392 379 264 408 416 380 369
296 0 420 268 278 376 386 398 411 394 484 480 441 548 492 495 502 464 528 578 520 665 636 381 607
253 420 0 489 468 115 410 197 350 440 485 491 206 307 286 312 618 612 266 297 478 590 573 450 545
399 268 489 0 392 478 528 468 469 420 586 570 500 518 563 593 521 588 591 586 546 692 707 450 705
361 278 468 392 0 405 455 394 456 181 490 502 440 474 501 529 366 282 575 548 531 662 643 87 580
185 376 115 478 405 0 351 129 334 377 361 399 131 202 186 168 569 575 317 128 460 566 533 419 501
157 386 410 528 455 351 0 351 162 517 318 292 428 504 485 472 675 599 496 520 195 346 308 508 292
303 398 197 468 394 129 351 0 392 488 398 494 144 236 286 310 587 557 251 301 498 569 583 484 508
144 411 350 469 456 334 162 392 0 407 170 203 394 428 451 453 593 541 518 488 274 448 401 478 367
366 394 440 420 181 377 517 488 407 0 511 574 482 503 595 565 223 135 591 555 564 726 683 257 642
279 484 485 586 490 361 318 398 170 511 0 188 459 533 525 567 685 656 593 613 357 427 496 549 460
250 480 491 570 502 399 292 494 203 574 188 0 470 539 551 561 708 656 602 542 349 512 527 560 471
263 441 206 500 440 131 428 144 394 482 459 470 0 295 284 270 623 607 210 315 457 652 600 471 582
382 548 307 518 474 202 504 236 428 503 533 539 295 0 142 267 651 689 363 280 518 689 701 561 661
341 492 286 563 501 186 485 286 451 595 525 551 284 142 0 238 688 640 397 290 555 727 657 591 647
403 495 312 593 529 168 472 310 453 565 567 561 270 267 238 0 711 712 421 92 561 675 675 559 647
547 502 618 521 366 569 675 587 593 223 685 708 623 651 688 711 0 100 731 711 699 832 842 430 778
491 464 612 588 282 575 599 557 541 135 656 656 607 689 640 712 100 0 699 703 701 802 848 361 770
392 528 266 591 575 317 496 251 518 591 593 602 210 363 397 421 731 699 0 489 536 734 709 566 670
379 578 297 586 548 128 520 301 488 555 613 542 315 280 290 92 711 703 489 0 552 726 759 581 634
264 520 478 546 531 460 195 498 274 564 357 349 457 518 555 561 699 701 536 552 0 239 236 602 209
408 665 590 692 662 566 346 569 448 726 427 512 652 689 727 675 832 802 734 726 239 0 136 681 159
416 636 573 707 643 533 308 583 401 683 496 527 600 701 657 675 842 848 709 759 236 136 0 680 214
380 381 450 450 87 419 508 484 478 257 549 560 471 561 591 559 430 361 566 581 602 681 680 0 593
369 607 545 705 580 501 292 508 367 642 460 471 582 661 647 647 778 770 670 634 209 159 214 593 0
