0 153 181 388 328 268 381 290 502 446 328 501 368 553 340 380 394 385 307 340 486 477 361 411 366
153 0 134 393 333 141 334 243 507 451 201 506 373 558 213 333 399 258 260 213 491 482 234 416 239
181 134 0 421 361 249 224 133 535 479 309 534 401 586 321 223 427 366 150 321 519 510 342 444 347
388 393 421 0 262 508 621 530 356 184 568 355 302 407 580 620 102 625 547 580 224 215 601 265 606
328 333 361 262 0 448 561 470 376 320 508 375 130 427 520 560 268 565 487 520 360 351 541 285 546
268 141 249 508 448 0 449 358 622 566 136 621 488 673 148 448 514 193 375 90 606 597 111 531 174
381 334 224 621 561 449 0 177 735 679 509 734 601 786 521 267 627 566 88 521 719 710 542 644 547
290 243 133 530 470 358 177 0 644 588 418 643 510 695 430 154 536 475 103 430 628 619 451 553 456
502 507 535 356 376 622 735 644 0 414 682 117 416 169 694 734 362 739 661 694 454 445 715 191 720
446 451 479 184 320 566 679 588 414 0 626 413 360 465 638 678 190 683 605 638 236 227 659 323 664
328 201 309 568 508 136 509 418 682 626 0 681 548 733 180 508 574 225 435 208 666 657 229 591 196
501 506 534 355 375 621 734 643 117 413 681 0 415 134 693 733 361 738 660 693 453 444 714 190 719
368 373 401 302 130 488 601 510 416 360 548 415 0 467 560 600 308 605 527 560 400 391 581 325 586
553 558 586 407 427 673 786 695 169 465 733 134 467 0 745 785 413 790 712 745 505 496 766 242 771
340 213 321 580 520 148 521 430 694 638 180 693 560 745 0 520 586 113 447 220 678 669 241 603 218
380 333 223 620 560 448 267 154 734 678 508 733 600 785 520 0 626 565 193 520 718 709 541 643 546
394 399 427 102 268 514 627 536 362 190 574 361 308 413 586 626 0 631 553 586 230 221 607 271 612
385 258 366 625 565 193 566 475 739 683 225 738 605 790 113 565 631 0 492 265 723 714 286 648 263
307 260 150 547 487 375 88 103 661 605 435 660 527 712 447 193 553 492 0 447 645 636 468 570 473
340 213 321 580 520 90 521 430 694 638 208 693 560 745 220 520 586 265 447 0 678 669 123 603 246
486 491 519 224 360 606 719 628 454 236 666 453 400 505 678 718 230 723 645 678 0 151 699 363 704
477 482 510 215 351 597 710 619 445 227 657 444 391 496 669 709 221 714 636 669 151 0 690 354 695
361 234 342 601 541 111 542 451 715 659 229 714 581 766 241 541 607 286 468 123 699 690 0 624 267
411 416 444 265 285 531 644 553 191 323 591 190 325 242 603 643 271 648 570 603 363 354 624 0 629
366 239 347 606 546 174 547 456 720 664 196 719 586 771 218 546 612 263 473 246 704 695 267 629 0
