     25
object000 0 234 292 438 334 330 363 366 538 339 448 288 207 378 445 463 415 262 373 486 322 407 391 362 420
object001 234 0 220 515 344 211 289 317 410 255 519 341 302 199 523 421 426 102 316 540 197 461 257 416 307
object002 292 220 0 532 353 314 151 152 507 307 534 373 286 344 553 288 436 216 178 566 261 496 310 430 404
object003 438 515 532 0 310 578 567 619 794 629 427 135 336 595 412 734 144 486 602 475 553 264 677 286 683
object004 334 344 353 310 0 401 456 493 687 451 341 245 56 456 412 595 294 354 507 433 436 304 516 295 593
object005 330 211 314 578 401 0 351 422 396 135 544 489 401 224 666 488 513 149 400 638 236 568 77 491 342
object006 363 289 151 567 456 351 0 252 598 388 590 491 399 368 644 331 580 246 151 642 404 554 459 526 498
object007 366 317 152 619 493 422 252 0 620 458 594 492 408 412 638 133 577 367 227 694 421 582 452 558 516
object008 538 410 507 794 687 396 598 620 0 450 780 646 557 257 837 671 765 282 642 806 423 769 478 684 167
object009 339 255 307 629 451 135 388 458 450 0 562 493 368 253 625 541 547 148 461 653 247 594 52 544 363
object010 448 519 534 427 341 544 590 594 780 562 0 259 307 572 235 661 337 452 632 234 636 359 570 220 649
object011 288 341 373 135 245 489 491 492 646 493 259 0 159 518 322 637 146 424 486 361 454 172 531 189 570
object012 207 302 286 336 56 401 399 408 557 368 307 159 0 457 365 485 245 314 387 335 392 268 421 236 509
object013 378 199 344 595 456 224 368 412 257 253 572 518 457 0 641 528 555 144 448 642 221 567 299 520 190
object014 445 523 553 412 412 666 644 638 837 625 235 322 365 641 0 791 371 534 677 108 686 427 617 312 726
object015 463 421 288 734 595 488 331 133 671 541 661 637 485 528 791 0 671 445 350 773 504 688 584 682 593
object016 415 426 436 144 294 513 580 577 765 547 337 146 245 555 371 671 0 464 543 414 515 154 583 224 681
object017 262 102 216 486 354 149 246 367 282 148 452 424 314 144 534 445 464 0 352 590 81 466 214 449 209
object018 373 316 178 602 507 400 151 227 642 461 632 486 387 448 677 350 543 352 0 674 440 615 469 565 523
object019 486 540 566 475 433 638 642 694 806 653 234 361 335 642 108 773 414 590 674 0 633 419 641 316 767
object020 322 197 261 553 436 236 404 421 423 247 636 454 392 221 686 504 515 81 440 633 0 547 226 499 285
object021 407 461 496 264 304 568 554 582 769 594 359 172 268 567 427 688 154 466 615 419 547 0 647 273 693
object022 391 257 310 677 516 77 459 452 478 52 570 531 421 299 617 584 583 214 469 641 226 647 0 587 388
object023 362 416 430 286 295 491 526 558 684 544 220 189 236 520 312 682 224 449 565 316 499 273 587 0 612
object024 420 307 404 683 593 342 498 516 167 363 649 570 509 190 726 593 681 209 523 767 285 693 388 612 0
