(object013:80.71401,(object001:16.75436,(((object022:54.67654,
object010:26.32346):80.67947,(object017:18.40703,((object018:0.00000,
(object014:70.10056,object012:2.89944):52.04548):122.79315,
object004:93.09669):70.72143):42.07611):16.69481,((((object021:0.00000,
(object007:68.29596,object006:12.70404):7.65123):25.31747,
object005:72.29358):7.08799,(object011:122.69978,(object016:79.38563,
object009:0.00000):23.16277):94.03123):17.79406,((object008:95.42914,
object002:55.57086):9.05148,(object024:23.49129,((object020:50.10784,
object015:60.89216):19.38914,((object023:0.00000,object019:31.12877):75.46483,
object003:25.12639):45.47977):72.61763):69.51746):48.09010):98.01297):28.84540):52.40269,object000:31.28599);
