0 129 264 172 351 430 432 372 431 136
129 0 299 207 386 465 467 407 466 171
264 299 0 250 249 328 330 270 329 214
172 207 250 0 337 416 418 358 417 42
351 386 249 337 0 267 269 209 268 301
430 465 328 416 267 0 38 106 165 380
432 467 330 418 269 38 0 108 167 382
372 407 270 358 209 106 108 0 105 322
431 466 329 417 268 165 167 105 0 381
136 171 214 42 301 380 382 322 381 0
