0 424 392 382 272 185 269 62 249 302
424 0 512 502 154 419 325 466 305 422
392 512 0 146 360 387 357 434 337 194
382 502 146 0 350 377 347 424 327 184
272 154 360 350 0 267 173 314 153 270
185 419 387 377 267 0 264 227 244 297
269 325 357 347 173 264 0 311 84 267
62 466 434 424 314 227 311 0 291 344
249 305 337 327 153 244 84 291 0 247
302 422 194 184 270 297 267 344 247 0
