0 96 97 326 114 368 446 485 487 392
96 0 103 278 64 320 398 437 439 344
97 103 0 333 121 375 453 492 494 399
326 278 333 0 296 228 306 345 347 252
114 64 121 296 0 338 416 455 457 362
368 320 375 228 338 0 216 255 257 114
446 398 453 306 416 216 0 225 227 240
485 437 492 345 455 255 225 0 82 279
487 439 494 347 457 257 227 82 0 281
392 344 399 252 362 114 240 279 281 0
