0 149 260 380 222 221 415 264 411 303
149 0 125 245 197 196 280 129 276 168
260 125 0 274 308 307 309 158 305 97
380 245 274 0 428 427 165 154 161 317
222 197 308 428 0 179 463 312 459 351
221 196 307 427 179 0 462 311 458 350
415 280 309 165 463 462 0 189 22 352
264 129 158 154 312 311 189 0 185 201
411 276 305 161 459 458 22 185 0 348
303 168 97 317 351 350 352 201 348 0
