0 278 244 225 200 216 234 240 261 335
278 0 36 269 244 350 76 374 103 177
244 36 0 235 210 316 42 340 69 143
225 269 235 0 71 297 225 321 252 326
200 244 210 71 0 272 200 296 227 301
216 350 316 297 272 0 306 156 333 407
234 76 42 225 200 306 0 330 41 115
240 374 340 321 296 156 330 0 357 431
261 103 69 252 227 333 41 357 0 94
335 177 143 326 301 407 115 431 94 0
