0 147 208 219 197 304 261 365 235 309
147 0 233 244 222 329 286 390 260 334
208 233 0 261 239 346 303 407 49 351
219 244 261 0 240 175 132 408 288 352
197 222 239 240 0 325 282 214 266 158
304 329 346 175 325 0 127 493 373 437
261 286 303 132 282 127 0 450 330 394
365 390 407 408 214 493 450 0 434 132
235 260 49 288 266 373 330 434 0 378
309 334 351 352 158 437 394 132 378 0
