0 265 281 58 332 306 247 291 363 336
265 0 324 249 375 349 168 334 406 379
281 324 0 265 217 191 306 176 108 221
58 249 265 0 316 290 231 275 347 320
332 375 217 316 0 104 357 147 299 150
306 349 191 290 104 0 331 121 273 124
247 168 306 231 357 331 0 316 388 361
291 334 176 275 147 121 316 0 258 151
363 406 108 347 299 273 388 258 0 303
336 379 221 320 150 124 361 151 303 0
