0 166 278 274 446 460 277 392 546 557
166 0 264 260 432 446 263 378 532 543
278 264 0 230 180 194 95 126 280 291
274 260 230 0 398 412 229 344 498 509
446 432 180 398 0 236 263 168 208 219
460 446 194 412 236 0 277 130 336 347
277 263 95 229 263 277 0 209 363 374
392 378 126 344 168 130 209 0 268 279
546 532 280 498 208 336 363 268 0 125
557 543 291 509 219 347 374 279 125 0
