0 338 427 122 322 191 232 269 126 229
338 0 137 320 212 355 461 391 337 180
427 137 0 347 259 416 488 479 409 258
122 320 347 0 213 163 169 165 26 195
322 212 259 213 0 281 421 367 271 159
191 355 416 163 281 0 179 192 151 233
232 461 488 169 421 179 0 96 217 299
269 391 479 165 367 192 96 0 185 277
126 337 409 26 271 151 217 185 0 229
229 180 258 195 159 233 299 277 229 0
