0 281 215 263 459 477 511 413 190 322
281 0 190 238 322 340 374 276 285 43
215 190 0 88 368 386 420 322 219 231
263 238 88 0 416 434 468 370 267 279
459 322 368 416 0 182 216 212 463 363
477 340 386 434 182 0 88 230 481 381
511 374 420 468 216 88 0 264 515 415
413 276 322 370 212 230 264 0 417 317
190 285 219 267 463 481 515 417 0 326
322 43 231 279 363 381 415 317 326 0
