0 179 91 281 414 421 248 227 393 194
179 0 90 336 469 476 303 282 448 249
91 90 0 248 381 388 215 194 360 161
281 336 248 0 257 264 171 314 236 281
414 469 381 257 0 57 304 447 213 414
421 476 388 264 57 0 311 454 220 421
248 303 215 171 304 311 0 281 283 248
227 282 194 314 447 454 281 0 426 73
393 448 360 236 213 220 283 426 0 393
194 249 161 281 414 421 248 73 393 0
