0 242 268 256 208 327 314 188 331 274
242 0 364 352 106 423 410 284 427 370
268 364 0 252 330 323 310 184 147 90
256 352 252 0 318 237 224 98 315 258
208 106 330 318 0 389 376 250 393 336
327 423 323 237 389 0 177 153 386 329
314 410 310 224 376 177 0 140 373 316
188 284 184 98 250 153 140 0 247 190
331 427 147 315 393 386 373 247 0 85
274 370 90 258 336 329 316 190 85 0
