0 194 470 214 422 192 392 459 476 257
194 0 472 216 424 152 394 461 478 259
470 472 0 356 276 470 246 313 178 399
214 216 356 0 308 214 278 345 362 45
422 424 276 308 0 422 162 229 282 351
192 152 470 214 422 0 392 459 476 257
392 394 246 278 162 392 0 107 252 321
459 461 313 345 229 459 107 0 319 388
476 478 178 362 282 476 252 319 0 405
257 259 399 45 351 257 321 388 405 0
