0 19 174 105 178 217 142 120 138 158
19 0 175 74 194 159 154 129 176 194
174 175 0 148 67 276 27 167 254 289
105 74 148 0 148 191 139 74 121 106
178 194 67 148 0 244 80 170 248 217
217 159 276 191 244 0 245 152 62 110
142 154 27 139 80 245 0 145 248 236
120 129 167 74 170 152 145 0 163 149
138 176 254 121 248 62 248 163 0 116
158 194 289 106 217 110 236 149 116 0
