0 289 283 214 110 196 118 197 94 115
289 0 24 461 365 443 373 128 341 220
283 24 0 455 359 437 367 122 335 214
214 461 455 0 290 178 298 369 186 287
110 365 359 290 0 272 166 273 170 191
196 443 437 178 272 0 280 351 168 269
118 373 367 298 166 280 0 281 178 199
197 128 122 369 273 351 281 0 249 128
94 341 335 186 170 168 178 249 0 167
115 220 214 287 191 269 199 128 167 0
