0 233 108 304 468 185 387 563 618 336
233 0 195 257 467 70 409 548 561 333
108 195 0 219 423 112 303 517 520 303
304 257 219 0 316 223 270 488 469 256
468 467 423 316 0 423 131 192 176 268
185 70 112 223 423 0 298 460 495 248
387 409 303 270 131 298 0 264 266 178
563 548 517 488 192 460 264 0 120 345
618 561 520 469 176 495 266 120 0 399
336 333 303 256 268 248 178 345 399 0
