0 312 309 127 79 133 69 191 65 169
312 0 167 339 379 427 387 189 386 309
309 167 0 366 412 428 410 216 373 289
127 339 366 0 195 130 200 218 90 199
79 379 412 195 0 190 117 287 183 234
133 427 428 130 190 0 207 359 107 251
69 387 410 200 117 207 0 271 140 267
191 189 216 218 287 359 271 0 273 178
65 386 373 90 183 107 140 273 0 203
169 309 289 199 234 251 267 178 203 0
