0 330 372 389 258 261 274 364 270 31
330 0 296 295 342 345 116 270 142 311
372 296 0 355 384 387 240 330 236 353
389 295 355 0 401 404 239 173 235 370
258 342 384 401 0 91 286 376 282 239
261 345 387 404 91 0 289 379 285 242
274 116 240 239 286 289 0 214 86 255
364 270 330 173 376 379 214 0 210 345
270 142 236 235 282 285 86 210 0 251
31 311 353 370 239 242 255 345 251 0
