0 158 448 455 450 405 180 298 472 385
158 0 423 396 435 397 221 252 426 371
448 423 0 99 96 114 321 210 182 72
455 396 99 0 140 120 294 271 207 79
450 435 96 140 0 163 335 365 133 42
405 397 114 120 163 0 287 275 128 139
180 221 321 294 335 287 0 196 322 267
298 252 210 271 365 275 196 0 281 236
472 426 182 207 133 128 322 281 0 125
385 371 72 79 42 139 267 236 125 0
