0 347 267 90 67 246 342 348 316 8
347 0 305 294 362 288 211 400 414 368
267 305 0 263 268 166 291 315 333 318
90 294 263 0 111 202 291 295 290 135
67 362 268 111 0 213 340 335 343 47
246 288 166 202 213 0 257 273 290 235
342 211 291 291 340 257 0 430 399 343
348 400 315 295 335 273 430 0 164 367
316 414 333 290 343 290 399 164 0 374
8 368 318 135 47 235 343 367 374 0
