0 252 352 75 376 289 341 245 348 419
252 0 190 183 214 127 105 83 186 257
352 190 0 283 64 225 279 123 284 115
75 183 283 0 307 220 272 176 279 350
376 214 64 307 0 249 303 147 308 139
289 127 225 220 249 0 216 118 119 292
341 105 279 272 303 216 0 172 275 346
245 83 123 176 147 118 172 0 177 190
348 186 284 279 308 119 275 177 0 351
419 257 115 350 139 292 346 190 351 0
