0 300 324 301 237 269 190 297 102 237
300 0 274 255 218 221 113 179 185 151
324 274 0 115 236 32 190 259 274 239
301 255 115 0 234 -4 211 214 266 208
237 218 236 234 0 127 123 86 223 189
269 221 32 -4 127 0 207 230 245 214
190 113 190 211 123 207 0 196 86 66
297 179 259 214 86 230 196 0 213 187
102 185 274 266 223 245 86 213 0 134
237 151 239 208 189 214 66 187 134 0
