0 476 121 527 345 129 581 83 545 357
476 0 465 223 235 473 277 397 241 317
121 465 0 516 334 18 570 72 534 346
527 223 516 0 286 524 246 448 210 368
345 235 334 286 0 342 340 266 304 186
129 473 18 524 342 0 578 80 542 354
581 277 570 246 340 578 0 502 116 422
83 397 72 448 266 80 502 0 466 278
545 241 534 210 304 542 116 466 0 386
357 317 346 368 186 354 422 278 386 0
