0 315 180 280 449 251 164 448 415 442
315 0 321 297 466 120 247 465 432 459
180 321 0 286 455 257 170 454 421 448
280 297 286 0 223 233 212 222 189 216
449 466 455 223 0 402 381 191 166 193
251 120 257 233 402 0 183 401 368 395
164 247 170 212 381 183 0 380 347 374
448 465 454 222 191 401 380 0 165 192
415 432 421 189 166 368 347 165 0 91
442 459 448 216 193 395 374 192 91 0
