0 197 454 231 370 207 387 482 426 259
197 0 455 233 394 113 433 469 483 258
454 455 0 374 304 419 252 346 169 360
231 233 374 0 285 208 312 413 430 36
370 394 304 285 0 416 152 217 274 315
207 113 419 208 416 0 368 476 473 276
387 433 252 312 152 368 0 131 271 319
482 469 346 413 217 476 131 0 317 380
426 483 169 430 274 473 271 317 0 447
259 258 360 36 315 276 319 380 447 0
