0 279 289 333 383 214 238 476 286 464
279 0 315 319 253 298 229 240 196 266
289 315 0 140 328 21 300 411 294 469
333 319 140 0 422 127 333 471 332 475
383 253 328 422 0 367 226 106 304 133
214 298 21 127 367 0 234 399 262 392
238 229 300 333 226 234 0 334 30 340
476 240 411 471 106 399 334 0 312 180
286 196 294 332 304 262 30 312 0 351
464 266 469 475 133 392 340 180 351 0
