0 333 221 348 164 471 426 345 444 129
333 0 270 259 265 196 151 256 169 354
221 270 0 285 153 408 363 282 381 242
348 259 285 0 280 397 352 83 370 369
164 265 153 280 0 403 358 277 376 185
471 196 408 397 403 0 167 394 39 492
426 151 363 352 358 167 0 349 140 447
345 256 282 83 277 394 349 0 367 366
444 169 381 370 376 39 140 367 0 465
129 354 242 369 185 492 447 366 465 0
