0 306 163 360 235 265 435 389 224 178
306 0 236 46 272 243 369 277 235 328
163 236 0 231 98 190 321 253 9 205
360 46 231 0 300 216 340 284 274 330
235 272 98 300 0 283 365 339 86 285
265 243 190 216 283 0 158 58 208 329
435 369 321 340 365 158 0 100 374 466
389 277 253 284 339 58 100 0 220 414
224 235 9 274 86 208 374 220 0 264
178 328 205 330 285 329 466 414 264 0
