0 344 340 332 225 372 368 312 236 302
344 0 402 336 359 120 278 311 340 92
340 402 0 407 254 424 409 428 96 345
332 336 407 0 353 332 173 189 409 316
225 359 254 353 0 390 375 305 257 277
372 120 424 332 390 0 400 355 387 126
368 278 409 173 375 400 0 70 350 337
312 311 428 189 305 355 70 0 379 222
236 340 96 409 257 387 350 379 0 340
302 92 345 316 277 126 337 222 340 0
