0 323 332 420 439 61 234 302 463 492
323 0 248 141 209 185 283 89 262 235
332 248 0 363 448 232 132 280 495 479
420 141 363 0 246 318 285 126 324 314
439 209 448 246 0 385 408 172 185 175
61 185 232 318 385 0 240 247 410 401
234 283 132 285 408 240 0 298 435 476
302 89 280 126 172 247 298 0 209 215
463 262 495 324 185 410 435 209 0 137
492 235 479 314 175 401 476 215 137 0
