0 266 428 408 394 457 219 400 125 253
266 0 293 335 317 395 144 292 261 126
428 293 0 184 154 254 285 168 422 368
408 335 184 0 146 93 373 172 417 408
394 317 154 146 0 296 313 165 400 412
457 395 254 93 296 0 441 265 513 450
219 144 285 373 313 441 0 351 265 102
400 292 168 172 165 265 351 0 461 394
125 261 422 417 400 513 265 461 0 318
253 126 368 408 412 450 102 394 318 0
