0 381 236 254 380 502 509 195 581 301
381 0 463 483 145 243 260 352 271 251
236 463 0 103 399 508 550 229 613 329
254 483 103 0 461 543 572 263 662 323
380 145 399 461 0 237 253 408 290 227
502 243 508 543 237 0 106 443 171 297
509 260 550 572 253 106 0 506 41 312
195 352 229 263 408 443 506 0 544 245
581 271 613 662 290 171 41 544 0 372
301 251 329 323 227 297 312 245 372 0
