0 348 433 308 240 282 118 113 509 202
348 0 98 166 267 148 413 338 179 244
433 98 0 210 368 199 435 434 82 321
308 166 210 0 266 117 327 234 312 155
240 267 368 266 0 251 264 247 426 40
282 148 199 117 251 0 335 292 254 187
118 413 435 327 264 335 0 198 522 285
113 338 434 234 247 292 198 0 483 197
509 179 82 312 426 254 522 483 0 385
202 244 321 155 40 187 285 197 385 0
