0 121 252 123 406 423 495 425 550 387
121 0 105 123 362 330 415 360 417 382
252 105 0 186 312 206 346 314 335 288
123 123 186 0 499 367 482 439 481 418
406 362 312 499 0 220 328 60 306 218
423 330 206 367 220 0 243 200 320 209
495 415 346 482 328 243 0 254 180 78
425 360 314 439 60 200 254 0 310 222
550 417 335 481 306 320 180 310 0 133
387 382 288 418 218 209 78 222 133 0
