0 131 422 196 486 382 527 369 526 470
131 0 336 99 414 346 458 281 460 449
422 336 0 336 238 300 361 253 269 222
196 99 336 0 327 310 448 252 434 379
486 414 238 327 0 379 442 343 152 124
382 346 300 310 379 0 148 170 383 403
527 458 361 448 442 148 0 193 526 433
369 281 253 252 343 170 193 0 399 314
526 460 269 434 152 383 526 399 0 67
470 449 222 379 124 403 433 314 67 0
