0 301 120 371 227 437 323 353 195 215
301 0 291 378 124 444 330 360 366 386
120 291 0 361 217 427 313 343 143 163
371 378 361 0 304 100 184 62 436 456
227 124 217 304 0 370 256 286 292 312
437 444 427 100 370 0 250 128 502 522
323 330 313 184 256 250 0 166 388 408
353 360 343 62 286 128 166 0 418 438
195 366 143 436 292 502 388 418 0 108
215 386 163 456 312 522 408 438 108 0
