0 167 210 211 78 229 100 165 140 12
167 0 140 193 194 335 216 328 190 154
210 140 0 293 305 420 301 342 183 245
211 193 293 0 278 419 256 334 132 217
78 194 305 278 0 166 27 96 203 56
229 335 420 419 166 0 212 99 326 229
100 216 301 256 27 212 0 124 242 64
165 328 342 334 96 99 124 0 331 157
140 190 183 132 203 326 242 331 0 157
12 154 245 217 56 229 64 157 157 0
