0 336 167 76 251 35 316 326 168 296
336 0 189 443 380 351 134 405 294 153
167 189 0 236 202 186 176 259 69 79
76 443 236 0 324 84 326 339 260 353
251 380 202 324 0 249 299 164 232 360
35 351 186 84 249 0 308 295 213 252
316 134 176 326 299 308 0 371 236 92
326 405 259 339 164 295 371 0 236 334
168 294 69 260 232 213 236 236 0 141
296 153 79 353 360 252 92 334 141 0
