0 196 304 283 274 196 219 339 281 288
196 0 446 425 416 160 361 481 423 430
304 446 0 97 254 446 199 153 77 84
283 425 97 0 233 425 178 84 74 81
274 416 254 233 0 416 65 289 231 238
196 160 446 425 416 0 361 481 423 430
219 361 199 178 65 361 0 234 176 183
339 481 153 84 289 481 234 0 130 137
281 423 77 74 231 423 176 130 0 15
288 430 84 81 238 430 183 137 15 0
