0 27 288 258 231 445 311 200 419 275
27 0 249 209 246 407 287 119 338 280
288 249 0 296 35 453 19 122 443 303
258 209 296 0 254 246 340 115 278 142
231 246 35 254 0 424 171 107 407 316
445 407 453 246 424 0 495 321 143 262
311 287 19 340 171 495 0 177 507 387
200 119 122 115 107 321 177 0 303 183
419 338 443 278 407 143 507 303 0 174
275 280 303 142 316 262 387 183 174 0
