0 69 454 381 401 273 336 344 390 205
69 0 441 368 388 260 323 331 377 192
454 441 0 429 141 321 210 392 438 427
381 368 429 0 376 196 311 59 115 354
401 388 141 376 0 268 157 339 385 374
273 260 321 196 268 0 203 159 205 246
336 323 210 311 157 203 0 274 320 309
344 331 392 59 339 159 274 0 78 317
390 377 438 115 385 205 320 78 0 363
205 192 427 354 374 246 309 317 363 0
