0 327 328 124 81 156 81 224 115 161
327 0 181 365 402 397 402 199 356 324
328 181 0 366 403 398 403 200 357 325
124 365 366 0 199 106 199 262 97 199
81 402 403 199 0 231 86 299 190 236
156 397 398 106 231 0 231 294 129 231
81 402 403 199 86 231 0 299 190 236
224 199 200 262 299 294 299 0 253 221
115 356 357 97 190 129 190 253 0 190
161 324 325 199 236 231 236 221 190 0
