0 136 222 246 236 268 88 263 242 232
136 0 251 317 285 273 115 283 236 170
222 251 0 265 242 226 239 66 188 352
246 317 265 0 38 264 290 259 241 392
236 285 242 38 0 250 270 219 134 366
268 273 226 264 250 0 222 225 146 385
88 115 239 290 270 222 0 278 227 182
263 283 66 259 219 225 278 0 195 361
242 236 188 241 134 146 227 195 0 298
232 170 352 392 366 385 182 361 298 0
