0 180 80 248 316 221 172 383 361 298
180 0 234 211 313 216 108 372 386 173
80 234 0 341 312 247 301 423 318 334
248 211 341 0 133 92 270 217 213 342
316 313 312 133 0 137 301 124 110 426
221 216 247 92 137 0 304 208 156 391
172 108 301 270 301 304 0 420 363 75
383 372 423 217 124 208 420 0 111 490
361 386 318 213 110 156 363 111 0 422
298 173 334 342 426 391 75 490 422 0
