0 274 282 360 420 58 257 302 483 464
274 0 276 150 210 220 251 92 273 254
282 276 0 362 422 228 147 304 485 466
360 150 362 0 250 306 337 132 313 294
420 210 422 250 0 366 397 190 195 176
58 220 228 306 366 0 203 248 429 410
257 251 147 337 397 203 0 279 460 441
302 92 304 132 190 248 279 0 253 234
483 273 485 313 195 429 460 253 0 135
464 254 466 294 176 410 441 234 135 0
