0 194 189 164 174 119 283 150 244 177
194 0 259 16 391 200 109 272 35 285
189 259 0 313 122 230 326 143 346 273
164 16 313 0 352 199 160 301 112 221
174 391 122 352 0 277 448 208 427 327
119 200 230 199 277 0 301 215 274 152
283 109 326 160 448 301 0 406 125 347
150 272 143 301 208 215 406 0 360 277
244 35 346 112 427 274 125 360 0 288
177 285 273 221 327 152 347 277 288 0
