0 294 95 336 222 450 312 342 175 192
294 0 314 421 202 446 344 379 319 375
95 314 0 373 234 448 335 336 105 158
336 421 373 0 271 170 180 48 469 468
222 202 234 271 0 436 284 280 287 296
450 446 448 170 436 0 265 172 519 537
312 344 335 180 284 265 0 173 384 353
342 379 336 48 280 172 173 0 385 484
175 319 105 469 287 519 384 385 0 117
192 375 158 468 296 537 353 484 117 0
