0 197 299 320 278 200 257 342 302 262
197 0 435 373 419 202 398 430 398 441
299 435 0 55 224 436 171 169 58 111
320 373 55 0 235 416 177 83 94 107
278 419 224 235 0 417 97 300 230 233
200 202 436 416 417 0 328 496 433 454
257 398 171 177 97 328 0 224 201 165
342 430 169 83 300 496 224 0 131 166
302 398 58 94 230 433 201 131 0 15
262 441 111 107 233 454 165 166 15 0
