0 531 322 275 81 261 482 357 463 74
531 0 442 338 586 283 186 142 74 453
322 442 0 274 355 234 427 306 477 214
275 338 274 0 426 103 323 202 344 284
81 586 355 426 0 316 574 407 586 156
261 283 234 103 316 0 208 161 233 272
482 186 427 323 574 208 0 136 72 399
357 142 306 202 407 161 136 0 157 330
463 74 477 344 586 233 72 157 0 427
74 453 214 284 156 272 399 330 427 0
