0 169 189 236 215 360 206 401 239 282
169 0 293 186 278 336 283 399 259 385
189 293 0 269 258 330 322 427 40 425
236 186 269 0 223 143 136 389 293 336
215 278 258 223 0 353 288 255 300 140
360 336 330 143 353 0 134 459 408 433
206 283 322 136 288 134 0 421 370 361
401 399 427 389 255 459 421 0 428 115
239 259 40 293 300 408 370 428 0 394
282 385 425 336 140 433 361 115 394 0
