0 184 262 427 86 160 389 400 416 248
184 0 154 281 193 219 289 252 316 203
262 154 0 208 240 305 220 156 259 61
427 281 208 0 413 483 143 247 136 267
86 193 240 413 0 115 371 454 450 262
160 219 305 483 115 0 449 448 487 337
389 289 220 143 371 449 0 192 64 206
400 252 156 247 454 448 192 0 221 219
416 316 259 136 450 487 64 221 0 266
248 203 61 267 262 337 206 219 266 0
