0 238 373 400 153 319 276 395 177 355
238 0 153 180 185 195 152 175 229 135
373 153 0 133 320 330 287 166 364 88
400 180 133 0 347 357 314 193 391 53
153 185 320 347 0 266 223 342 144 302
319 195 330 357 266 0 57 352 310 312
276 152 287 314 223 57 0 309 267 269
395 175 166 193 342 352 309 0 386 148
177 229 364 391 144 310 267 386 0 346
355 135 88 53 302 312 269 148 346 0
