     10
object000 0 417 250 437 402 418 478 588 555 542
object001 417 0 169 287 235 317 241 358 327 348
object002 250 169 0 213 142 284 280 324 340 319
object003 437 287 213 0 323 217 338 455 464 442
object004 402 235 142 323 0 365 285 390 419 382
object005 418 317 284 217 365 0 390 487 497 383
object006 478 241 280 338 285 390 0 282 266 290
object007 588 358 324 455 390 487 282 0 164 347
object008 555 327 340 464 419 497 266 164 0 314
object009 542 348 319 442 382 383 290 347 314 0
