     10
object000 0 365 304 497 479 488 595 593 168 585
object001 365 0 160 209 156 230 317 278 347 281
object002 304 160 0 279 273 307 431 369 310 390
object003 497 209 279 0 308 312 445 370 497 436
object004 479 156 273 308 0 278 397 362 477 373
object005 488 230 307 312 278 0 416 465 537 463
object006 595 317 431 445 397 416 0 347 567 291
object007 593 278 369 370 362 465 347 0 559 162
object008 168 347 310 497 477 537 567 559 0 615
object009 585 281 390 436 373 463 291 162 615 0
