(object008:83.83047,(((((object009:83.61021,object007:78.38979):64.85591,
object006:167.81419):101.04754,((object005:165.15365,object004:112.84635):12.89199,
object003:158.41462):2.23224):7.00926,object001:31.08987):74.07879,
object002:53.65158):169.28738,object000:84.16953);
