0 484 266 594 451 531 612 593 106 590
484 0 256 434 192 399 241 217 382 221
266 256 0 342 205 351 367 379 211 366
594 434 342 0 351 245 509 524 448 512
451 192 205 351 0 363 339 327 324 299
531 399 351 245 363 0 537 461 459 546
612 241 367 509 339 537 0 349 552 339
593 217 379 524 327 461 349 0 477 136
106 382 211 448 324 459 552 477 0 484
590 221 366 512 299 546 339 136 484 0
