((((((object009:140.88809,(object008:0.00000,object007:0.00000):16.25486):64.53328,
object006:91.55474):35.12941,object004:55.24998):7.15449,
object001:69.15736):1.35385,(object005:102.25199,object003:150.74801):95.31888):43.31240,
object002:18.93680,object000:215.06320);
