     10
object000 0 434 408 390 421 170 470 477 488 408
object001 434 0 155 392 401 476 511 382 528 446
object002 408 155 0 397 354 366 432 385 471 400
object003 390 392 397 0 229 348 357 424 233 183
object004 421 401 354 229 0 373 400 448 190 164
object005 170 476 366 348 373 0 420 411 444 397
object006 470 511 432 357 400 420 0 508 409 330
object007 477 382 385 424 448 411 508 0 487 436
object008 488 528 471 233 190 444 409 487 0 252
object009 408 446 400 183 164 397 330 436 252 0
