0 464 488 479 385 491 486 527 423 588
464 0 497 442 171 138 349 546 97 437
488 497 0 204 423 621 578 417 536 683
479 442 204 0 385 560 515 359 421 589
385 171 423 385 0 305 199 504 161 262
491 138 621 560 305 0 440 635 99 519
486 349 578 515 199 440 0 685 376 130
527 546 417 359 504 635 685 0 580 742
423 97 536 421 161 99 376 580 0 435
588 437 683 589 262 519 130 742 435 0
