     10
object000 0 422 377 262 282 375 469 271 378 534
object001 422 0 250 480 385 189 392 407 485 379
object002 377 250 0 452 294 264 160 315 387 96
object003 262 480 452 0 303 479 552 321 451 551
object004 282 385 294 303 0 333 393 95 141 358
object005 375 189 264 479 333 0 388 401 491 382
object006 469 392 160 552 393 388 0 384 561 219
object007 271 407 315 321 95 401 384 0 185 394
object008 378 485 387 451 141 491 561 185 0 515
object009 534 379 96 551 358 382 219 394 515 0
