0 337 234 515 345 443 363 389 371 518
337 0 132 341 131 253 213 165 234 322
234 132 0 289 124 280 178 215 194 307
515 341 289 0 316 253 405 357 349 510
345 131 124 316 0 256 210 178 150 304
443 253 280 253 256 0 317 348 322 461
363 213 178 405 210 317 0 198 162 277
389 165 215 357 178 348 198 0 -4 177
371 234 194 349 150 322 162 -4 0 144
518 322 307 510 304 461 277 177 144 0
