(object003:159.39105,((object007:51.43225,(object008:124.39529,
object004:16.60471):23.24676):56.07021,((object005:89.76826,
object001:99.23174):70.95311,(object006:128.43802,(object009:92.84670,
object002:3.15330):17.72705):84.30967):97.92620):65.69522,object000:102.60895);
