     10
object000 0 416 378 150 234 393 498 321 440 461
object001 416 0 427 315 384 581 160 546 322 574
object002 378 427 0 252 260 456 459 448 421 481
object003 150 315 252 0 48 240 335 292 295 308
object004 234 384 260 48 0 226 355 300 347 252
object005 393 581 456 240 226 0 552 465 546 143
object006 498 160 459 335 355 552 0 501 356 581
object007 321 546 448 292 300 465 501 0 558 536
object008 440 322 421 295 347 546 356 558 0 552
object009 461 574 481 308 252 143 581 536 552 0
