0 264 437 516 520 266 548 480 476 600 520 313 586 496 438
264 0 339 418 422 332 614 382 378 502 422 379 488 562 504
437 339 0 315 319 505 787 279 119 243 319 552 385 735 677
516 418 315 0 238 584 866 352 354 478 392 631 458 814 756
520 422 319 238 0 588 870 356 358 482 396 635 462 818 760
266 332 505 584 588 0 522 548 544 668 588 287 654 470 412
548 614 787 866 870 522 0 830 826 950 870 345 936 104 298
480 382 279 352 356 548 830 0 318 442 196 595 200 778 720
476 378 119 354 358 544 826 318 0 280 358 591 424 774 716
600 502 243 478 482 668 950 442 280 0 482 715 548 898 840
520 422 319 392 396 588 870 196 358 482 0 635 302 818 760
313 379 552 631 635 287 345 595 591 715 635 0 701 293 235
586 488 385 458 462 654 936 200 424 548 302 701 0 884 826
496 562 735 814 818 470 104 778 774 898 818 293 884 0 246
438 504 677 756 760 412 298 720 716 840 760 235 826 246 0
