     15
object000 0 592 520 391 635 216 489 252 446 507 603 679 665 499 78
object001 592 0 160 688 271 522 526 599 492 592 158 190 319 531 533
object002 520 160 0 707 147 551 507 623 438 604 280 367 241 556 493
object003 391 688 707 0 806 375 703 139 638 683 764 912 867 650 435
object004 635 271 147 806 0 701 567 640 540 621 363 406 191 580 558
object005 216 522 551 375 701 0 509 230 485 547 695 724 742 502 228
object006 489 526 507 703 567 509 0 490 290 308 618 660 652 394 507
object007 252 599 623 139 640 230 490 0 484 545 685 742 738 482 268
object008 446 492 438 638 540 485 290 484 0 336 572 598 552 109 429
object009 507 592 604 683 621 547 308 545 336 0 675 705 734 390 523
object010 603 158 280 764 363 695 618 685 572 675 0 178 412 572 580
object011 679 190 367 912 406 724 660 742 598 705 178 0 507 629 646
object012 665 319 241 867 191 742 652 738 552 734 412 507 0 649 670
object013 499 531 556 650 580 502 394 482 109 390 572 629 649 0 486
object014 78 533 493 435 558 228 507 268 429 523 580 646 670 486 0
