0 140 449 213 546 354 526 604 474 602 193 170 562 517 522
140 0 322 145 463 240 444 485 397 481 88 106 403 382 464
449 322 0 474 423 328 202 274 618 428 429 465 456 431 215
213 145 474 0 601 411 574 575 544 652 147 165 579 542 570
546 463 423 601 0 421 537 541 694 179 521 526 551 565 492
354 240 328 411 421 0 403 434 519 427 341 328 187 239 403
526 444 202 574 537 403 0 31 732 514 536 495 576 522 187
604 485 274 575 541 434 31 0 652 568 573 536 552 544 215
474 397 618 544 694 519 732 652 0 749 527 498 692 644 696
602 481 428 652 179 427 514 568 749 0 533 562 625 567 516
193 88 429 147 521 341 536 573 527 533 0 75 528 490 528
170 106 465 165 526 328 495 536 498 562 75 0 496 471 510
562 403 456 579 551 187 576 552 692 625 528 496 0 470 590
517 382 431 542 565 239 522 544 644 567 490 471 470 0 550
522 464 215 570 492 403 187 215 696 516 528 510 590 550 0
