0 221 152 261 196 90 144 344 302 327 193 387 387 226 276
221 0 337 404 213 275 329 361 319 344 210 404 404 369 419
152 337 0 377 312 90 144 460 418 443 309 503 503 342 392
261 404 377 0 379 315 369 527 485 510 376 570 570 329 181
196 213 312 379 0 250 304 300 258 283 81 289 343 344 394
90 275 90 315 250 0 60 398 356 381 247 441 441 280 330
144 329 144 369 304 60 0 452 410 435 301 495 495 334 384
344 361 460 527 300 398 452 0 82 175 297 491 235 492 542
302 319 418 485 258 356 410 82 0 133 255 449 193 450 500
327 344 443 510 283 381 435 175 133 0 280 474 198 475 525
193 210 309 376 81 247 301 297 255 280 0 286 340 341 391
387 404 503 570 289 441 495 491 449 474 286 0 534 535 585
387 404 503 570 343 441 495 235 193 198 340 534 0 535 585
226 369 342 329 344 280 334 492 450 475 341 535 535 0 344
276 419 392 181 394 330 384 542 500 525 391 585 585 344 0
