0 49 348 343 252 420 385 406 79 425 542 520 349 289 452
49 0 397 339 358 486 490 533 162 479 574 575 423 376 483
348 397 0 414 413 556 230 255 388 408 650 634 508 497 627
343 339 414 0 148 325 471 526 379 522 360 389 261 259 373
252 358 413 148 0 258 402 490 353 474 343 343 186 151 231
420 486 556 325 258 0 631 610 489 606 365 292 384 313 191
385 490 230 471 402 631 0 105 466 467 710 703 571 493 639
406 533 255 526 490 610 105 0 509 520 764 725 570 540 654
79 162 388 379 353 489 466 509 0 465 654 579 439 408 519
425 479 408 522 474 606 467 520 465 0 717 768 555 460 635
542 574 650 360 343 365 710 764 654 717 0 108 459 438 351
520 575 634 389 343 292 703 725 579 768 108 0 478 402 371
349 423 508 261 186 384 571 570 439 555 459 478 0 205 346
289 376 497 259 151 313 493 540 408 460 438 402 205 0 349
452 483 627 373 231 191 639 654 519 635 351 371 346 349 0
