0 160 322 246 264 382 262 325 326 305 296 289 321 339 375
160 0 240 164 182 300 180 379 380 359 350 343 375 393 429
322 240 0 276 96 214 292 541 542 521 512 505 537 555 591
246 164 276 0 218 336 126 465 466 445 436 429 461 479 515
264 182 96 218 0 148 234 483 484 463 454 447 479 497 533
382 300 214 336 148 0 352 601 602 581 572 565 597 615 651
262 180 292 126 234 352 0 481 482 461 452 445 477 495 531
325 379 541 465 483 601 481 0 525 504 495 488 520 538 574
326 380 542 466 484 602 482 525 0 341 336 325 361 379 411
305 359 521 445 463 581 461 504 341 0 315 202 340 358 98
296 350 512 436 454 572 452 495 336 315 0 299 195 213 385
289 343 505 429 447 565 445 488 325 202 299 0 324 342 272
321 375 537 461 479 597 477 520 361 340 195 324 0 38 410
339 393 555 479 497 615 495 538 379 358 213 342 38 0 428
375 429 591 515 533 651 531 574 411 98 385 272 410 428 0
