0 151 554 173 505 339 404 345 216 430 509 260 489 432 352
151 0 447 218 398 232 297 238 261 323 402 153 382 325 397
554 447 0 621 55 293 438 525 664 338 689 440 669 612 800
173 218 621 0 572 406 471 412 123 497 576 327 556 499 259
505 398 55 572 0 244 389 476 615 289 640 391 620 563 751
339 232 293 406 244 0 223 310 449 169 474 225 454 397 585
404 297 438 471 389 223 0 375 514 314 539 290 519 462 650
345 238 525 412 476 310 375 0 455 401 350 187 330 273 591
216 261 664 123 615 449 514 455 0 540 619 370 599 542 228
430 323 338 497 289 169 314 401 540 0 565 316 545 488 676
509 402 689 576 640 474 539 350 619 565 0 351 174 241 755
260 153 440 327 391 225 290 187 370 316 351 0 331 274 506
489 382 669 556 620 454 519 330 599 545 174 331 0 221 735
432 325 612 499 563 397 462 273 542 488 241 274 221 0 678
352 397 800 259 751 585 650 591 228 676 755 506 735 678 0
