0 351 189 339 143 353 138 428 321 490 500 434 482 325 507
351 0 450 320 404 334 221 409 302 367 481 311 359 306 488
189 450 0 438 96 452 237 527 420 589 599 533 581 424 606
339 320 438 0 392 148 209 193 116 459 265 403 451 120 272
143 404 96 392 0 406 191 481 374 543 553 487 535 378 560
353 334 452 148 406 0 223 237 48 473 309 417 465 132 316
138 221 237 209 191 223 0 298 191 360 370 304 352 195 377
428 409 527 193 481 237 298 0 205 548 234 492 540 209 241
321 302 420 116 374 48 191 205 0 441 277 385 433 100 284
490 367 589 459 543 473 360 548 441 0 620 288 44 445 627
500 481 599 265 553 309 370 234 277 620 0 564 612 281 175
434 311 533 403 487 417 304 492 385 288 564 0 280 389 571
482 359 581 451 535 465 352 540 433 44 612 280 0 437 619
325 306 424 120 378 132 195 209 100 445 281 389 437 0 288
507 488 606 272 560 316 377 241 284 627 175 571 619 288 0
