((((object013:10.34378,object003:110.65622):65.42259,(object011:61.00752,
object010:6.99248):9.07096):7.74477,object004:75.27018):82.23437,
(((object007:223.06093,((object009:1.09387,(object008:89.16368,
object006:46.83632):8.32996):90.05114,(object012:99.53839,
object005:90.46161):70.72628):65.11891):87.39203,(object014:73.78175,
object001:13.21825):257.09300):25.98854,object002:54.40535):91.62583,object000:54.21242);
