0 179 147 428 405 350 343 453 193 577 538 524 567 532 614
179 0 213 345 287 423 367 337 258 473 449 431 438 406 485
147 213 0 475 406 175 176 464 19 567 543 583 556 512 598
428 345 475 0 267 628 603 111 569 370 368 292 294 256 422
405 287 406 267 0 602 585 253 501 214 217 341 302 384 219
350 423 175 628 602 0 102 667 127 786 745 764 740 698 732
343 367 176 603 585 102 0 666 66 761 741 738 695 669 690
453 337 464 111 253 667 666 0 566 481 385 304 283 299 395
193 258 19 569 501 127 66 566 0 641 603 577 627 591 617
577 473 567 370 214 786 761 481 641 0 276 534 493 453 112
538 449 543 368 217 745 741 385 603 276 0 478 462 441 277
524 431 583 292 341 764 738 304 577 534 478 0 337 331 472
567 438 556 294 302 740 695 283 627 493 462 337 0 222 430
532 406 512 256 384 698 669 299 591 453 441 331 222 0 465
614 485 598 422 219 732 690 395 617 112 277 472 430 465 0
