     15
object000 0 352 435 407 330 347 320 419 494 190 472 592 374 520 346
object001 352 0 398 399 486 348 473 586 633 530 667 604 448 511 193
object002 435 398 0 288 485 154 467 591 640 533 652 294 190 210 402
object003 407 399 288 0 496 216 503 611 662 580 641 466 315 375 384
object004 330 486 485 496 0 513 69 292 367 474 347 711 467 615 501
object005 347 348 154 216 513 0 487 576 616 494 629 379 88 253 376
object006 320 473 467 503 69 487 0 315 335 430 308 655 462 595 480
object007 419 586 591 611 292 576 315 0 246 516 271 779 627 702 583
object008 494 633 640 662 367 616 335 246 0 590 146 859 628 800 627
object009 190 530 533 580 474 494 430 516 590 0 606 737 543 624 531
object010 472 667 652 641 347 629 308 271 146 606 0 793 615 761 663
object011 592 604 294 466 711 379 655 779 859 737 793 0 403 218 604
object012 374 448 190 315 467 88 462 627 628 543 615 403 0 274 434
object013 520 511 210 375 615 253 595 702 800 624 761 218 274 0 440
object014 346 193 402 384 501 376 480 583 627 531 663 604 434 440 0
