     15
object000 0 195 283 252 148 393 389 450 281 307 366 252 569 306 637
object001 195 0 242 161 212 257 288 344 331 412 421 328 490 375 489
object002 283 242 0 220 287 189 245 287 426 490 510 378 474 457 513
object003 252 161 220 0 285 208 303 236 381 387 457 314 375 382 413
object004 148 212 287 285 0 354 367 404 226 352 367 218 610 338 628
object005 393 257 189 208 354 0 190 371 461 550 567 481 528 518 633
object006 389 288 245 303 367 190 0 439 552 531 581 453 635 540 607
object007 450 344 287 236 404 371 439 0 532 551 624 479 161 552 204
object008 281 331 426 381 226 461 552 532 0 411 487 368 701 449 732
object009 307 412 490 387 352 550 531 551 411 0 331 114 743 218 744
object010 366 421 510 457 367 567 581 624 487 331 0 286 810 324 810
object011 252 328 378 314 218 481 453 479 368 114 286 0 673 154 711
object012 569 490 474 375 610 528 635 161 701 743 810 673 0 750 237
object013 306 375 457 382 338 518 540 552 449 218 324 154 750 0 798
object014 637 489 513 413 628 633 607 204 732 744 810 711 237 798 0
