0 273 282 544 552 453 441 202 625 285 285 274 692 642 359
273 0 345 307 315 216 204 255 388 348 348 327 455 405 412
282 345 0 616 624 525 513 274 697 199 199 346 764 714 431
544 307 616 0 270 369 357 526 343 619 619 598 410 220 683
552 315 624 270 0 377 365 534 187 627 627 606 254 368 691
453 216 525 369 377 0 142 435 450 528 528 507 517 467 592
441 204 513 357 365 142 0 423 438 516 516 495 505 455 580
202 255 274 526 534 435 423 0 607 277 277 172 674 624 257
625 388 697 343 187 450 438 607 0 700 700 679 183 441 764
285 348 199 619 627 528 516 277 700 0 126 349 767 717 434
285 348 199 619 627 528 516 277 700 126 0 349 767 717 434
274 327 346 598 606 507 495 172 679 349 349 0 746 696 105
692 455 764 410 254 517 505 674 183 767 767 746 0 508 831
642 405 714 220 368 467 455 624 441 717 717 696 508 0 781
359 412 431 683 691 592 580 257 764 434 434 105 831 781 0
