0 128 520 426 340 461 254 437 474 332 384 343 367 310 383
128 0 522 428 342 463 256 439 476 334 386 345 369 312 385
520 522 0 206 554 547 468 523 560 418 598 429 215 524 597
426 428 206 0 460 453 374 429 466 324 504 335 121 430 503
340 342 554 460 0 495 184 471 508 366 314 377 401 240 223
461 463 547 453 495 0 409 320 405 263 539 216 394 465 538
254 256 468 374 184 409 0 385 422 280 144 291 315 70 227
437 439 523 429 471 320 385 0 381 239 515 202 370 441 514
474 476 560 466 508 405 422 381 0 148 552 287 407 478 551
332 334 418 324 366 263 280 239 148 0 410 145 265 336 409
384 386 598 504 314 539 144 515 552 410 0 421 445 124 357
343 345 429 335 377 216 291 202 287 145 421 0 276 347 420
367 369 215 121 401 394 315 370 407 265 445 276 0 371 444
310 312 524 430 240 465 70 441 478 336 124 347 371 0 283
383 385 597 503 223 538 227 514 551 409 357 420 444 283 0
