0 161 486 398 247 412 419 590 630 483 223 228 512 489 507
161 0 497 409 296 423 430 601 641 494 272 277 523 500 518
486 497 0 280 621 294 363 282 322 561 597 602 394 433 199
398 409 280 0 533 150 275 384 424 473 509 514 250 345 301
247 296 621 533 0 547 554 725 765 618 174 179 647 624 642
412 423 294 150 547 0 289 398 438 487 523 528 122 359 315
419 430 363 275 554 289 0 467 507 494 530 535 389 170 384
590 601 282 384 725 398 467 0 156 665 701 706 498 537 179
630 641 322 424 765 438 507 156 0 705 741 746 538 577 219
483 494 561 473 618 487 494 665 705 0 594 599 587 564 582
223 272 597 509 174 523 530 701 741 594 0 133 623 600 618
228 277 602 514 179 528 535 706 746 599 133 0 628 605 623
512 523 394 250 647 122 389 498 538 587 623 628 0 459 415
489 500 433 345 624 359 170 537 577 564 600 605 459 0 454
507 518 199 301 642 315 384 179 219 582 618 623 415 454 0
