     15
object000 0 262 444 366 263 470 426 429 323 425 369 426 524 325 580
object001 262 0 280 160 295 250 299 294 435 466 452 473 391 414 382
object002 444 280 0 276 488 182 195 328 628 710 603 659 439 619 417
object003 366 160 276 0 464 284 256 218 510 558 534 588 363 503 342
object004 263 295 488 464 0 567 507 484 149 301 296 378 579 284 620
object005 470 250 182 284 567 0 163 300 559 685 601 669 457 658 500
object006 426 299 195 256 507 163 0 318 620 693 679 686 414 642 453
object007 429 294 328 218 484 300 318 0 606 651 584 625 92 636 144
object008 323 435 628 510 149 559 620 606 0 379 379 443 644 397 685
object009 425 466 710 558 301 685 693 651 379 0 291 6 818 138 782
object010 369 452 603 534 296 601 679 584 379 291 0 283 731 249 748
object011 426 473 659 588 378 669 686 625 443 6 283 0 766 175 735
object012 524 391 439 363 579 457 414 92 644 818 731 766 0 723 98
object013 325 414 619 503 284 658 642 636 397 138 249 175 723 0 727
object014 580 382 417 342 620 500 453 144 685 782 748 735 98 727 0
