0 333 146 338 347 380 327 373 531 582 298 270 388 345 640
333 0 289 187 196 229 78 222 292 343 441 413 139 96 401
146 289 0 294 303 336 283 329 487 538 158 130 344 301 596
338 187 294 0 167 214 181 207 385 436 446 418 242 199 494
347 196 303 167 0 223 190 216 394 445 455 427 251 208 503
380 229 336 214 223 0 223 71 427 478 488 460 284 241 536
327 78 283 181 190 223 0 216 286 337 435 407 99 56 395
373 222 329 207 216 71 216 0 420 471 481 453 277 234 529
531 292 487 385 394 427 286 420 0 389 639 611 347 304 249
582 343 538 436 445 478 337 471 389 0 690 662 398 355 498
298 441 158 446 455 488 435 481 639 690 0 96 496 453 748
270 413 130 418 427 460 407 453 611 662 96 0 468 425 720
388 139 344 242 251 284 99 277 347 398 496 468 0 57 456
345 96 301 199 208 241 56 234 304 355 453 425 57 0 413
640 401 596 494 503 536 395 529 249 498 748 720 456 413 0
