0 381 403 164 233 416 354 140 184 240 299 335 363 495 241
381 0 393 411 419 400 368 422 458 366 477 450 233 433 393
403 393 0 401 339 277 373 428 406 373 411 436 322 353 375
164 411 401 0 237 476 351 133 216 270 371 326 353 467 282
233 419 339 237 0 412 337 203 263 252 373 334 330 465 264
416 400 277 476 412 0 405 379 463 448 509 489 352 112 396
354 368 373 351 337 405 0 328 425 292 450 378 319 445 327
140 422 428 133 203 379 328 0 173 199 345 315 386 418 211
184 458 406 216 263 463 425 173 0 320 336 364 390 497 276
240 366 373 270 252 448 292 199 320 0 144 333 368 438 254
299 477 411 371 373 509 450 345 336 144 0 369 478 545 307
335 450 436 326 334 489 378 315 364 333 369 0 381 515 65
363 233 322 353 330 352 319 386 390 368 478 381 0 350 315
495 433 353 467 465 112 445 418 497 438 545 515 350 0 425
241 393 375 282 264 396 327 211 276 254 307 65 315 425 0
