((object014:93.63229,object006:83.36771):64.25081,(object001:18.56459,
(((object011:91.53537,object005:47.46463):34.23756,(((object013:0.00000,
object012:0.00000):98.98240,(object010:42.03147,object007:114.96853):22.05858):61.98276,
object003:10.02671):92.40268):32.40507,((object009:176.49087,
object008:56.50913):126.55890,(object004:63.20307,object002:41.79693):95.68665):16.33574):80.74351):90.04407,object000:99.59807);
