     15
object000 0 108 334 276 482 351 135 339 474 521 376 592 450 554 519
object001 108 0 212 221 412 306 134 282 388 485 340 490 378 447 391
object002 334 212 0 398 479 341 366 277 408 484 289 507 368 484 390
object003 276 221 398 0 578 458 121 432 545 591 456 661 517 645 541
object004 482 412 479 578 0 247 515 195 558 555 217 276 479 265 444
object005 351 306 341 458 247 0 408 5 362 435 21 299 392 281 388
object006 135 134 366 121 515 408 0 348 517 558 389 611 556 570 533
object007 339 282 277 432 195 5 348 0 371 416 34 298 372 266 337
object008 474 388 408 545 558 362 517 371 0 114 407 551 347 591 359
object009 521 485 484 591 555 435 558 416 114 0 472 642 355 585 341
object010 376 340 289 456 217 21 389 34 407 472 0 283 380 276 351
object011 592 490 507 661 276 299 611 298 551 642 283 0 587 85 556
object012 450 378 368 517 479 392 556 372 347 355 380 587 0 552 80
object013 554 447 484 645 265 281 570 266 591 585 276 85 552 0 506
object014 519 391 390 541 444 388 533 337 359 341 351 556 80 506 0
