(((object010:125.97384,(object013:52.44168,(object011:6.02955,
object009:0.00000):97.43296):64.45328):79.58459,(object008:117.13274,
object004:31.86726):56.78406):67.14275,(object001:38.41738,
(object003:75.88664,(((object014:66.59377,object012:31.40623):66.89685,
object007:0.00000):148.76542,((object006:83.92913,object005:79.07087):13.35117,
object002:93.36819):78.06426):12.07975):56.29521):123.06344,object000:94.08470);
