0 246 381 306 367 432 373 301 328 420 219 355 352 321 310
246 0 239 164 225 290 231 401 428 520 319 455 452 421 410
381 239 0 157 114 179 224 536 563 655 454 590 587 556 545
306 164 157 0 143 208 113 461 488 580 379 515 512 481 470
367 225 114 143 0 87 210 522 549 641 440 576 573 542 531
432 290 179 208 87 0 275 587 614 706 505 641 638 607 596
373 231 224 113 210 275 0 528 555 647 446 582 579 548 537
301 401 536 461 522 587 528 0 451 543 342 478 475 332 321
328 428 563 488 549 614 555 451 0 416 277 413 410 471 460
420 520 655 580 641 706 647 543 416 0 369 505 502 563 552
219 319 454 379 440 505 446 342 277 369 0 246 243 362 351
355 455 590 515 576 641 582 478 413 505 246 0 121 498 487
352 452 587 512 573 638 579 475 410 502 243 121 0 495 484
321 421 556 481 542 607 548 332 471 563 362 498 495 0 27
310 410 545 470 531 596 537 321 460 552 351 487 484 27 0
