0 220 292 302 462 437 347 188 375 291 232 424 381 306 342
220 0 180 190 350 325 235 304 491 407 348 540 497 422 458
292 180 0 158 176 151 203 376 563 479 420 612 569 494 530
302 190 158 0 328 303 103 386 573 489 430 622 579 504 540
462 350 176 328 0 151 373 546 733 649 590 782 739 664 700
437 325 151 303 151 0 348 521 708 624 565 757 714 639 675
347 235 203 103 373 348 0 431 618 534 475 667 624 549 585
188 304 376 386 546 521 431 0 431 347 288 480 437 294 330
375 491 563 573 733 708 618 431 0 230 323 515 472 549 585
291 407 479 489 649 624 534 347 230 0 239 431 388 465 501
232 348 420 430 590 565 475 288 323 239 0 282 239 406 442
424 540 612 622 782 757 667 480 515 431 282 0 131 598 634
381 497 569 579 739 714 624 437 472 388 239 131 0 555 591
306 422 494 504 664 639 549 294 549 465 406 598 555 0 84
342 458 530 540 700 675 585 330 585 501 442 634 591 84 0
