0 192 450 590 637 189 352 654 475 509 601 175 573 386 597
192 0 410 550 597 273 436 614 435 469 561 259 533 470 557
450 410 0 426 473 531 694 230 311 345 437 517 409 728 321
590 550 426 0 325 671 834 630 283 317 409 657 381 868 573
637 597 473 325 0 718 881 677 330 364 456 704 428 915 620
189 273 531 671 718 0 395 735 556 590 682 218 654 429 678
352 436 694 834 881 395 0 898 719 753 845 361 817 164 841
654 614 230 630 677 735 898 0 515 549 641 721 613 932 525
475 435 311 283 330 556 719 515 0 80 200 542 172 753 458
509 469 345 317 364 590 753 549 80 0 234 576 206 787 492
601 561 437 409 456 682 845 641 200 234 0 668 90 879 584
175 259 517 657 704 218 361 721 542 576 668 0 640 395 664
573 533 409 381 428 654 817 613 172 206 90 640 0 851 556
386 470 728 868 915 429 164 932 753 787 879 395 851 0 875
597 557 321 573 620 678 841 525 458 492 584 664 556 875 0
