0 259 309 340 411 431 491 445 452 529 539 514 280 233 294
259 0 419 163 257 335 356 239 323 376 395 428 327 96 126
309 419 0 427 465 593 598 517 540 639 673 658 271 357 350
340 163 427 0 194 384 419 123 246 415 449 455 347 132 134
411 257 465 194 0 453 400 276 217 482 503 522 402 227 199
431 335 593 384 453 0 113 470 530 370 340 371 517 298 294
491 356 598 419 400 113 0 518 569 372 410 413 564 376 381
445 239 517 123 276 470 518 0 420 557 521 485 448 269 303
452 323 540 246 217 530 569 420 0 612 616 616 538 339 372
529 376 639 415 482 370 372 557 612 0 274 289 593 353 384
539 395 673 449 503 340 410 521 616 274 0 136 554 418 382
514 428 658 455 522 371 413 485 616 289 136 0 534 414 434
280 327 271 347 402 517 564 448 538 593 554 534 0 289 316
233 96 357 132 227 298 376 269 339 353 418 414 289 0 34
294 126 350 134 199 294 381 303 372 384 382 434 316 34 0
