     15
object000 0 124 130 324 412 363 408 147 339 312 311 426 234 367 524
object001 124 0 186 299 419 335 364 134 338 294 354 463 300 370 460
object002 130 186 0 337 442 394 394 120 410 309 428 398 261 420 539
object003 324 299 337 0 516 410 85 264 520 370 406 427 93 451 260
object004 412 419 442 516 0 363 582 394 494 387 381 317 458 461 691
object005 363 335 394 410 363 0 468 286 367 288 366 302 297 384 572
object006 408 364 394 85 582 468 0 335 543 439 504 580 157 546 212
object007 147 134 120 264 394 286 335 0 370 286 317 420 240 393 496
object008 339 338 410 520 494 367 543 370 0 193 27 442 427 45 711
object009 312 294 309 370 387 288 439 286 193 0 109 344 300 130 651
object010 311 354 428 406 381 366 504 317 27 109 0 393 383 48 638
object011 426 463 398 427 317 302 580 420 442 344 393 0 428 438 696
object012 234 300 261 93 458 297 157 240 427 300 383 428 0 444 257
object013 367 370 420 451 461 384 546 393 45 130 48 438 444 0 642
object014 524 460 539 260 691 572 212 496 711 651 638 696 257 642 0
