0 281 107 367 187 821 424 517 606 368 611 519 369 182 872
281 0 200 247 424 701 239 443 427 168 502 394 194 390 793
107 200 0 221 259 690 394 458 494 290 471 417 313 269 807
367 247 221 0 469 584 368 247 297 311 314 305 314 492 656
187 424 259 469 0 943 603 625 702 482 710 637 508 182 1008
821 701 690 584 943 0 868 607 540 796 563 590 821 973 52
424 239 394 368 603 868 0 521 631 298 611 479 220 547 878
517 443 458 247 625 607 521 0 355 477 332 141 497 662 685
606 427 494 297 702 540 631 355 0 504 197 315 527 707 597
368 168 290 311 482 796 298 477 504 0 549 488 226 458 805
611 502 471 314 710 563 611 332 197 549 0 361 573 663 670
519 394 417 305 637 590 479 141 315 488 361 0 489 623 582
369 194 313 314 508 821 220 497 527 226 573 489 0 474 860
182 390 269 492 182 973 547 662 707 458 663 623 474 0 1020
872 793 807 656 1008 52 878 685 597 805 670 582 860 1020 0
