0 510 483 555 511 183 544 564 399 606 435 618 493 380 102
510 0 263 484 374 607 272 222 339 356 458 532 496 295 423
483 263 0 493 427 614 401 306 338 252 452 506 448 294 442
555 484 493 0 267 701 614 561 297 603 297 364 266 264 467
511 374 427 267 0 616 495 485 211 530 251 328 153 235 421
183 607 614 701 616 0 704 686 552 767 678 776 650 449 278
544 272 401 614 495 704 0 164 368 490 516 603 492 379 512
564 222 306 561 485 686 164 0 370 439 468 568 513 361 504
399 339 338 297 211 552 368 370 0 443 261 331 262 85 306
606 356 252 603 530 767 490 439 443 0 571 620 532 376 499
435 458 452 297 251 678 516 468 261 571 0 137 210 202 399
618 532 506 364 328 776 603 568 331 620 137 0 300 249 491
493 496 448 266 153 650 492 513 262 532 210 300 0 234 467
380 295 294 264 235 449 379 361 85 376 202 249 234 0 277
102 423 442 467 421 278 512 504 306 499 399 491 467 277 0
