((((object008:178.20693,((object013:13.51794,object012:3.48206):116.53623,
object010:96.36852):51.91829):9.89677,(object011:77.63932,
(object014:44.51715,object009:0.00000):102.73864):67.55165):57.83317,
object007:281.77537):24.42660,(object001:29.73801,((object006:66.96091,
object003:71.03909):27.37003,(object004:19.00793,(object005:137.02950,
object002:70.97050):9.99969):98.01828):22.40955):68.27493,object000:56.14549);
