0 237 567 241 269 469 458 452 56 315 312 432 557 567 513
237 0 396 238 390 298 287 281 183 312 433 261 386 396 342
567 396 0 568 720 456 381 375 513 642 763 419 206 216 70
241 238 568 0 394 470 459 453 187 132 437 433 558 568 514
269 390 720 394 0 622 611 605 215 468 345 585 710 720 666
469 298 456 470 622 0 347 341 415 544 665 223 446 456 402
458 287 381 459 611 347 0 122 404 533 654 310 371 381 327
452 281 375 453 605 341 122 0 398 527 648 304 365 375 321
56 183 513 187 215 415 404 398 0 261 258 378 503 513 459
315 312 642 132 468 544 533 527 261 0 511 507 632 642 588
312 433 763 437 345 665 654 648 258 511 0 628 753 763 709
432 261 419 433 585 223 310 304 378 507 628 0 409 419 365
557 386 206 558 710 446 371 365 503 632 753 409 0 156 152
567 396 216 568 720 456 381 375 513 642 763 419 156 0 162
513 342 70 514 666 402 327 321 459 588 709 365 152 162 0
