0 288 342 425 378 465 445 453 380 363 358 464 421 439 416
288 0 284 345 286 371 308 492 428 341 333 455 432 468 445
342 284 0 230 157 235 253 601 517 513 461 554 531 556 567
425 345 230 0 189 329 128 682 601 535 550 666 599 626 551
378 286 157 189 0 131 183 573 540 482 458 555 527 567 588
465 371 235 329 131 0 361 679 632 588 540 701 660 675 666
445 308 253 128 183 361 0 623 567 553 491 616 558 654 632
453 492 601 682 573 679 623 0 477 469 457 544 533 349 354
380 428 517 601 540 632 567 477 0 232 309 416 389 472 522
363 341 513 535 482 588 553 469 232 0 264 386 400 467 383
358 333 461 550 458 540 491 457 309 264 0 144 151 447 420
464 455 554 666 555 701 616 544 416 386 144 0 15 542 489
421 432 531 599 527 660 558 533 389 400 151 15 0 522 464
439 468 556 626 567 675 654 349 472 467 447 542 522 0 31
416 445 567 551 588 666 632 354 522 383 420 489 464 31 0
