(((object013:21.28708,object011:103.71292):76.27427,(object004:38.41514,
object003:58.58486):19.78367):53.85884,(object001:66.28324,
(object012:77.49493,(object014:156.13167,((object010:61.10164,
object009:89.89836):206.97501,(((object008:84.32598,object007:19.67402):46.82356,
object005:59.97233):57.91123,(object006:85.91144,object002:103.08856):124.47794):57.50663):111.15634):41.41529):84.01627):52.13647,object000:56.08522);
