((((object014:37.73089,object003:56.26911):25.43689,object005:108.97446):4.12041,
object013:83.30402):92.64992,((object006:222.02381,object002:39.97619):38.13290,
(((((object012:27.81695,object009:75.18305):38.70267,object007:45.40044):10.16626,
object008:26.22615):93.66443,(object011:167.53678,(object010:127.72780,
object004:56.27220):59.76344):13.60098):74.56637,object001:84.35274):123.91290):8.03922,object000:17.29698);
