0 528 372 224 190 499 498 249 556 545 560 553 326 634 669
528 0 436 418 548 563 218 443 620 609 624 617 204 290 325
372 436 0 262 392 243 406 287 374 363 378 371 234 542 577
224 418 262 0 244 389 388 107 446 435 450 443 216 524 559
190 548 392 244 0 519 518 269 576 565 580 573 346 654 689
499 563 243 389 519 0 533 414 501 490 505 498 361 669 704
498 218 406 388 518 533 0 413 590 579 594 587 174 324 359
249 443 287 107 269 414 413 0 471 460 475 468 241 549 584
556 620 374 446 576 501 590 471 0 179 170 163 418 726 761
545 609 363 435 565 490 579 460 179 0 183 176 407 715 750
560 624 378 450 580 505 594 475 170 183 0 43 422 730 765
553 617 371 443 573 498 587 468 163 176 43 0 415 723 758
326 204 234 216 346 361 174 241 418 407 422 415 0 310 345
634 290 542 524 654 669 324 549 726 715 730 723 310 0 195
669 325 577 559 689 704 359 584 761 750 765 758 345 195 0
