((object009:86.09881,(object012:221.63752,(object004:35.38093,
object003:91.61907):34.56147):113.36332):97.07112,((((object011:23.77319,
object010:70.22681):126.45570,((object014:2.00020,object013:0.00000):117.35095,
object007:60.15175):75.38626):30.21574,object001:42.04560):95.60355,
((object008:85.54646,(object006:0.00000,object005:43.10851):71.17441):24.69083,
object002:0.00000):89.28463):159.87677,object000:17.69960);
