0 411 182 689 540 549 497 505 488 399 564 558 537 719 622
411 0 383 548 323 332 356 364 347 182 347 341 320 578 481
182 383 0 661 512 521 469 477 460 371 536 530 509 691 594
689 548 661 0 677 686 458 346 449 536 701 695 674 36 381
540 323 512 677 0 157 485 493 476 155 172 166 181 707 610
549 332 521 686 157 0 494 502 485 164 139 133 190 716 619
497 356 469 458 485 494 0 274 23 344 509 503 482 488 391
505 364 477 346 493 502 274 0 265 352 517 511 490 376 279
488 347 460 449 476 485 23 265 0 335 500 494 473 479 382
399 182 371 536 155 164 344 352 335 0 179 173 152 566 469
564 347 536 701 172 139 509 517 500 179 0 140 205 731 634
558 341 530 695 166 133 503 511 494 173 140 0 199 725 628
537 320 509 674 181 190 482 490 473 152 205 199 0 704 607
719 578 691 36 707 716 488 376 479 566 731 725 704 0 411
622 481 594 381 610 619 391 279 382 469 634 628 607 411 0
