     15
object000 0 328 232 430 265 229 246 365 265 588 636 327 356 281 248
object001 328 0 321 242 292 422 478 387 455 639 672 93 257 488 453
object002 232 321 0 432 224 342 338 362 418 602 605 297 379 434 387
object003 430 242 432 0 352 433 510 461 555 710 720 187 85 567 528
object004 265 292 224 352 0 344 339 235 375 430 468 295 321 389 354
object005 229 422 342 433 344 0 254 459 123 662 724 348 439 180 268
object006 246 478 338 510 339 254 0 473 246 681 713 378 481 325 243
object007 365 387 362 461 235 459 473 0 495 388 449 417 448 547 518
object008 265 455 418 555 375 123 246 495 0 691 792 459 519 223 304
object009 588 639 602 710 430 662 681 388 691 0 188 596 643 749 672
object010 636 672 605 720 468 724 713 449 792 188 0 609 696 795 790
object011 327 93 297 187 295 348 378 417 459 596 609 0 150 435 418
object012 356 257 379 85 321 439 481 448 519 643 696 150 0 534 479
object013 281 488 434 567 389 180 325 547 223 749 795 435 534 0 359
object014 248 453 387 528 354 268 243 518 304 672 790 418 479 359 0
