0 198 326 469 349 519 604 218 404 658 655 518 657 232 265
198 0 224 367 247 417 502 304 302 556 553 416 555 318 351
326 224 0 351 107 401 486 432 210 540 537 400 539 446 479
469 367 351 0 374 142 343 575 429 333 330 257 332 589 622
349 247 107 374 0 424 509 455 233 563 560 423 562 469 502
519 417 401 142 424 0 393 625 479 383 380 307 382 639 672
604 502 486 343 509 393 0 710 564 532 529 222 531 724 757
218 304 432 575 455 625 710 0 510 764 761 624 763 94 127
404 302 210 429 233 479 564 510 0 618 615 478 617 524 557
658 556 540 333 563 383 532 764 618 0 401 446 403 778 811
655 553 537 330 560 380 529 761 615 401 0 443 112 775 808
518 416 400 257 423 307 222 624 478 446 443 0 445 638 671
657 555 539 332 562 382 531 763 617 403 112 445 0 777 810
232 318 446 589 469 639 724 94 524 778 775 638 777 0 45
265 351 479 622 502 672 757 127 557 811 808 671 810 45 0
