     15
object000 0 308 176 339 235 378 466 376 294 363 351 277 388 217 342
object001 308 0 325 455 361 436 499 445 382 411 315 399 399 345 177
object002 176 325 0 328 203 337 401 368 331 368 277 271 375 250 300
object003 339 455 328 0 313 549 581 494 504 475 408 185 535 223 485
object004 235 361 203 313 0 445 464 412 364 385 355 183 447 189 339
object005 378 436 337 549 445 0 327 366 233 289 154 447 80 511 411
object006 466 499 401 581 464 327 0 408 256 245 251 473 291 479 489
object007 376 445 368 494 412 366 408 0 260 280 228 428 281 424 431
object008 294 382 331 504 364 233 256 260 0 151 107 415 209 429 427
object009 363 411 368 475 385 289 245 280 151 0 174 422 228 409 386
object010 351 315 277 408 355 154 251 228 107 174 0 409 114 366 399
object011 277 399 271 185 183 447 473 428 415 422 409 0 447 -18 366
object012 388 399 375 535 447 80 291 281 209 228 114 447 0 449 417
object013 217 345 250 223 189 511 479 424 429 409 366 -18 449 0 398
object014 342 177 300 485 339 411 489 431 427 386 399 366 417 398 0
