     15
object000 0 204 593 182 618 611 708 669 449 611 154 172 621 597 689
object001 204 0 512 286 515 526 587 599 336 614 204 259 494 513 589
object002 593 512 0 666 333 418 221 249 394 341 614 630 476 451 209
object003 182 286 666 0 679 652 735 775 527 679 163 223 660 699 738
object004 618 515 333 679 0 440 419 372 468 169 602 659 429 501 423
object005 611 526 418 652 440 0 531 493 385 469 582 604 279 253 547
object006 708 587 221 735 419 531 0 97 529 509 716 708 594 569 92
object007 669 599 249 775 372 493 97 0 519 431 731 703 537 511 108
object008 449 336 394 527 468 385 529 519 0 408 437 449 410 419 491
object009 611 614 341 679 169 469 509 431 408 0 617 654 474 553 365
object010 154 204 614 163 602 582 716 731 437 617 0 77 594 643 655
object011 172 259 630 223 659 604 708 703 449 654 77 0 572 599 711
object012 621 494 476 660 429 279 594 537 410 474 594 572 0 62 514
object013 597 513 451 699 501 253 569 511 419 553 643 599 62 0 553
object014 689 589 209 738 423 547 92 108 491 365 655 711 514 553 0
