0 302 127 171 384 393 393 449 255 467 410 393 515 342 211
302 0 355 419 470 457 288 538 209 572 293 334 438 424 453
127 355 0 225 507 503 478 499 374 603 551 512 608 461 262
171 419 225 0 570 565 514 601 443 677 608 552 662 509 292
384 470 507 570 0 406 573 329 493 454 670 611 698 289 528
393 457 503 565 406 0 605 180 447 216 647 586 672 338 604
393 288 478 514 573 605 0 586 216 669 73 142 114 580 541
449 538 499 601 329 180 586 0 494 98 689 634 712 402 603
255 209 374 443 493 447 216 494 0 610 226 178 260 402 460
467 572 603 677 454 216 669 98 610 0 723 690 781 447 682
410 293 551 608 670 647 73 689 226 723 0 196 69 578 604
393 334 512 552 611 586 142 634 178 690 196 0 282 572 545
515 438 608 662 698 672 114 712 260 781 69 282 0 672 642
342 424 461 509 289 338 580 402 402 447 578 572 672 0 496
211 453 262 292 528 604 541 603 460 682 604 545 642 496 0
