0 301 130 374 210 825 433 526 581 373 590 532 392 212 878
301 0 215 249 405 700 226 401 456 166 465 407 185 407 753
130 215 0 288 234 739 347 440 495 287 504 446 306 236 792
374 249 288 0 478 581 381 282 337 321 346 288 340 480 634
210 405 234 478 0 929 537 630 685 477 694 636 496 192 982
825 700 739 581 929 0 832 581 566 772 575 587 791 931 67
433 226 347 381 537 832 0 533 588 254 597 539 169 539 885
526 401 440 282 630 581 533 0 337 473 346 156 492 632 634
581 456 495 337 685 566 588 337 0 528 183 343 547 687 619
373 166 287 321 477 772 254 473 528 0 537 479 213 479 825
590 465 504 346 694 575 597 346 183 537 0 352 556 696 628
532 407 446 288 636 587 539 156 343 479 352 0 498 638 640
392 185 306 340 496 791 169 492 547 213 556 498 0 498 844
212 407 236 480 192 931 539 632 687 479 696 638 498 0 984
878 753 792 634 982 67 885 634 619 825 628 640 844 984 0
