((object013:87.21944,object004:94.78056):68.45246,(((((object011:67.45658,
object007:73.54342):70.70635,((object010:107.91059,object008:89.08941):56.07712,
(object014:52.15854,object005:0.00000):408.45446):41.82653):78.02381,
object003:43.93299):94.90401,((object009:107.57107,(object012:82.77060,
object006:137.22940):42.06313):13.24548,object001:49.95256):42.17205):97.30020,
object002:14.90814):72.52197,object000:25.08226);
