0 142 387 500 547 255 361 494 413 755 285 207 504 388 616
142 0 284 432 468 271 395 374 315 571 305 257 372 471 387
387 284 0 296 365 560 683 273 193 460 576 504 297 613 352
500 432 296 0 160 602 755 304 345 661 667 668 294 799 351
547 468 365 160 0 642 882 355 372 680 725 687 339 861 435
255 271 560 602 642 0 356 638 581 865 269 190 595 391 695
361 395 683 755 882 356 0 786 722 1037 463 153 713 96 894
494 374 273 304 355 638 786 0 383 637 643 620 200 827 219
413 315 193 345 372 581 722 383 0 358 629 566 352 723 378
755 571 460 661 680 865 1037 637 358 0 899 845 645 1038 710
285 305 576 667 725 269 463 643 629 899 0 264 624 438 778
207 257 504 668 687 190 153 620 566 845 264 0 598 197 696
504 372 297 294 339 595 713 200 352 645 624 598 0 765 263
388 471 613 799 861 391 96 827 723 1038 438 197 765 0 842
616 387 352 351 435 695 894 219 378 710 778 696 263 842 0
