0 435 92 589 652 632 284 553 610 636 109 655 547 627 550
435 0 517 332 406 311 386 319 420 290 539 256 310 242 177
92 517 0 648 702 606 372 653 643 692 186 704 613 629 649
589 332 648 0 378 92 482 282 308 549 684 546 210 472 494
652 406 702 378 0 363 589 135 53 589 709 582 254 569 515
632 311 606 92 363 0 510 222 300 508 644 485 219 481 442
284 386 372 482 589 510 0 479 551 561 354 556 477 510 522
553 319 653 282 135 222 479 0 130 506 605 492 158 493 394
610 420 643 308 53 300 551 130 0 607 651 585 190 534 452
636 290 692 549 589 508 561 506 607 0 743 61 477 192 209
109 539 186 684 709 644 354 605 651 743 0 692 602 678 625
655 256 704 546 582 485 556 492 585 61 692 0 445 158 161
547 310 613 210 254 219 477 158 190 477 602 445 0 413 436
627 242 629 472 569 481 510 493 534 192 678 158 413 0 176
550 177 649 494 515 442 522 394 452 209 625 161 436 176 0
