(((((object010:130.01393,(object014:52.70463,object009:59.29537):90.47235):39.90368,
object004:35.66853):68.93652,(((object013:107.66581,object012:114.33419):46.73022,
object011:176.27542):16.87951,(object007:61.56771,object003:49.43229):50.76812):43.35405):158.23611,
object001:39.99138):83.64237,((object008:0.00000,(object006:22.59804,
object005:79.40196):59.76759):20.87920,object002:0.00000):106.17450,object000:61.02338);
