(object005:167.24623,(object014:17.80665,(((object013:26.38608,
object008:58.61392):7.22500,((object003:161.87567,(object012:81.04585,
object004:71.95415):28.10542):13.27652,(object011:106.83811,
object010:30.16189):82.92420):60.51276):42.20563,(((object007:65.90571,
object006:98.09429):76.15392,object001:87.06168):45.70392,
(object009:176.78467,object002:75.21533):62.84069):81.43439):186.42553):71.32811,object000:15.75377);
