0 496 403 189 145 456 549 203 597 568 576 649 260 615 640
496 0 442 400 533 579 205 396 604 620 563 627 206 287 345
403 442 0 214 390 244 413 268 363 423 424 340 233 561 548
189 400 214 0 242 410 419 75 497 412 459 424 231 530 613
145 533 390 242 0 504 496 302 577 562 584 622 337 666 656
456 579 244 410 504 0 588 389 485 518 518 511 381 682 715
549 205 413 419 496 588 0 370 547 545 548 558 165 294 333
203 396 268 75 302 389 370 0 448 423 518 419 255 566 599
597 604 363 497 577 485 547 448 0 183 200 162 377 711 736
568 620 423 412 562 518 545 423 183 0 154 204 391 736 739
576 563 424 459 584 518 548 518 200 154 0 20 406 735 735
649 627 340 424 622 511 558 419 162 204 20 0 417 708 756
260 206 233 231 337 381 165 255 377 391 406 417 0 312 379
615 287 561 530 666 682 294 566 711 736 735 708 312 0 229
640 345 548 613 656 715 333 599 736 739 735 756 379 229 0
