     15
object000 0 180 680 173 190 534 578 528 586 649 611 283 275 207 353
object001 180 0 562 276 210 480 581 460 606 572 586 364 220 261 378
object002 680 562 0 708 679 327 189 353 439 599 535 809 528 768 531
object003 173 276 708 0 97 604 716 585 706 748 745 261 380 163 499
object004 190 210 679 97 0 543 677 539 647 673 662 239 296 168 463
object005 534 480 327 604 543 0 371 141 170 482 462 727 381 603 427
object006 578 581 189 716 677 371 0 310 399 532 531 790 501 746 538
object007 528 460 353 585 539 141 310 0 104 500 425 692 418 602 436
object008 586 606 439 706 647 170 399 104 0 540 539 778 510 719 553
object009 649 572 599 748 673 482 532 500 540 0 151 825 540 719 564
object010 611 586 535 745 662 462 531 425 539 151 0 761 482 685 566
object011 283 364 809 261 239 727 790 692 778 825 761 0 449 125 548
object012 275 220 528 380 296 381 501 418 510 540 482 449 0 395 273
object013 207 261 768 163 168 603 746 602 719 719 685 125 395 0 479
object014 353 378 531 499 463 427 538 436 553 564 566 548 273 479 0
