0 499 516 569 499 179 597 558 409 606 514 596 512 385 129
499 0 283 482 412 628 262 223 322 373 427 509 425 298 406
516 283 0 499 429 645 381 342 339 244 444 526 442 315 423
569 482 499 0 282 698 580 541 300 589 297 379 295 276 476
499 412 429 282 0 628 510 471 230 519 199 281 141 206 406
179 628 645 698 628 0 726 687 538 735 643 725 641 514 258
597 262 381 580 510 726 0 133 420 471 525 607 523 396 504
558 223 342 541 471 687 133 0 381 432 486 568 484 357 465
409 322 339 300 230 538 420 381 0 429 245 327 243 102 316
606 373 244 589 519 735 471 432 429 0 534 616 532 405 513
514 427 444 297 199 643 525 486 245 534 0 148 212 221 421
596 509 526 379 281 725 607 568 327 616 148 0 294 303 503
512 425 442 295 141 641 523 484 243 532 212 294 0 219 419
385 298 315 276 206 514 396 357 102 405 221 303 219 0 292
129 406 423 476 406 258 504 465 316 513 421 503 419 292 0
