(object005:132.51671,(object014:57.93364,(((object013:0.00000,
object006:0.00000):27.94943,((object003:135.15594,((object011:110.22428,
object010:40.77572):30.31026,(object012:177.35233,object004:37.64767):30.39109):62.51521):10.46210,
object008:27.12371):4.92371):40.75408,((object007:177.87302,
object001:16.12698):70.91985,(object009:61.74215,object002:65.25785):25.85073):112.10543):92.18761):10.04767,object000:36.48329);
