0 257 213 262 287 342 361 405 351 76 394 461 328 335 507
257 0 274 473 498 403 422 276 412 287 265 332 539 546 378
213 274 0 429 454 193 212 422 202 243 411 478 495 502 524
262 473 429 0 131 558 577 621 567 278 610 677 342 349 723
287 498 454 131 0 583 602 646 592 303 635 702 367 374 748
342 403 193 558 583 0 147 551 171 372 540 607 624 631 653
361 422 212 577 602 147 0 570 190 391 559 626 643 650 672
405 276 422 621 646 551 570 0 560 435 257 324 687 694 278
351 412 202 567 592 171 190 560 0 381 549 616 633 640 662
76 287 243 278 303 372 391 435 381 0 424 491 344 351 537
394 265 411 610 635 540 559 257 549 424 0 121 676 683 359
461 332 478 677 702 607 626 324 616 491 121 0 743 750 426
328 539 495 342 367 624 643 687 633 344 676 743 0 125 789
335 546 502 349 374 631 650 694 640 351 683 750 125 0 796
507 378 524 723 748 653 672 278 662 537 359 426 789 796 0
