     15
object000 0 448 537 489 482 439 241 492 765 779 329 412 388 167 614
object001 448 0 470 405 376 361 326 443 633 652 617 686 299 500 511
object002 537 470 0 491 283 465 426 311 389 392 754 803 359 603 142
object003 489 405 491 0 373 135 421 436 705 656 689 738 235 513 522
object004 482 376 283 373 0 351 368 302 520 474 649 738 270 491 308
object005 439 361 465 135 351 0 303 362 619 618 615 671 180 512 435
object006 241 326 426 421 368 303 0 373 659 608 438 530 270 352 485
object007 492 443 311 436 302 362 373 0 550 551 672 730 326 544 339
object008 765 633 389 705 520 619 659 550 0 194 966 1036 610 813 277
object009 779 652 392 656 474 618 608 551 194 0 972 1086 596 822 322
object010 329 617 754 689 649 615 438 672 966 972 0 224 509 363 732
object011 412 686 803 738 738 671 530 730 1036 1086 224 0 601 442 830
object012 388 299 359 235 270 180 270 326 610 596 509 601 0 445 388
object013 167 500 603 513 491 512 352 544 813 822 363 442 445 0 604
object014 614 511 142 522 308 435 485 339 277 322 732 830 388 604 0
