((object014:0.00000,object005:79.85990):31.73862,(((object013:61.73517,
object008:48.26483):27.31767,(((object010:125.58228,object009:1.41772):71.37403,
((object012:76.74654,object011:0.00000):138.45938,object004:61.62759):8.64487):108.99153,
object003:124.15578):12.84491):54.64356,((object006:60.36187,
object001:56.63813):44.23420,(object007:107.87920,object002:55.12080):37.35145):109.35883):88.21004,object000:32.07380);
