(((object014:93.90858,object004:78.09142):38.94919,object001:28.76423):46.44131,
((object012:205.93149,((object011:38.00252,object010:65.99748):139.91010,
object008:5.02475):11.16229):97.88075,(((object013:58.70441,
object005:84.29559):51.47021,((object009:210.79351,object007:50.20649):73.32344,
object003:99.57459):93.76028):55.39573,(object006:171.90505,
object002:170.09495):6.72767):38.35252):147.47195,object000:60.28984);
