0 218 162 442 431 343 318 485 227 590 551 558 537 540 575
218 0 218 326 315 399 374 369 283 474 435 442 421 424 459
162 218 0 442 431 205 180 485 89 590 551 558 537 540 575
442 326 442 0 225 623 598 123 507 384 345 270 249 252 369
431 315 431 225 0 612 587 268 496 217 178 341 320 323 202
343 399 205 623 612 0 109 666 146 771 732 739 718 721 756
318 374 180 598 587 109 0 641 121 746 707 714 693 696 731
485 369 485 123 268 666 641 0 550 427 388 313 292 295 412
227 283 89 507 496 146 121 550 0 655 616 623 602 605 640
590 474 590 384 217 771 746 427 655 0 285 500 479 482 157
551 435 551 345 178 732 707 388 616 285 0 461 440 443 270
558 442 558 270 341 739 714 313 623 500 461 0 347 350 485
537 421 537 249 320 718 693 292 602 479 440 347 0 195 464
540 424 540 252 323 721 696 295 605 482 443 350 195 0 467
575 459 575 369 202 756 731 412 640 157 270 485 464 467 0
