(((((object014:46.26075,object012:87.73925):134.79102,(object013:162.32366,
object009:223.67634):14.09385):26.56917,((object008:12.28093,
object005:2.71907):160.06024,(object004:65.51266,((object011:84.23174,
object010:13.76826):34.87685,object003:0.00000):77.84974):38.54901):86.08888):13.93562,
((object007:169.96568,object006:6.03432):53.83960,object001:19.73731):14.90919):64.91132,
object002:85.29178,object000:182.70822);
