     15
object000 0 337 118 345 403 384 335 363 547 576 302 314 428 332 615
object001 337 0 263 157 225 216 62 210 300 403 463 393 171 85 446
object002 118 263 0 327 278 329 306 318 490 543 191 160 352 300 607
object003 345 157 327 0 174 229 240 253 423 418 451 411 236 213 542
object004 403 225 278 174 0 248 168 233 401 443 442 444 229 225 515
object005 384 216 329 229 248 0 225 111 421 455 468 474 334 259 587
object006 335 62 306 240 168 225 0 238 334 377 434 404 81 48 384
object007 363 210 318 253 233 111 238 0 464 443 543 449 287 254 544
object008 547 300 490 423 401 421 334 464 0 395 648 590 378 325 228
object009 576 403 543 418 443 455 377 443 395 0 683 652 378 342 513
object010 302 463 191 451 442 468 434 543 648 683 0 86 491 437 747
object011 314 393 160 411 444 474 404 449 590 652 86 0 450 421 689
object012 428 171 352 236 229 334 81 287 378 378 491 450 0 56 468
object013 332 85 300 213 225 259 48 254 325 342 437 421 56 0 407
object014 615 446 607 542 515 587 384 544 228 513 747 689 468 407 0
