0 114 421 496 209 447 413 517 330 679 531 484 509 412 247
114 0 429 504 125 455 421 525 338 687 539 492 517 420 163
421 429 0 431 524 382 286 452 331 614 532 485 510 347 562
496 504 431 0 599 331 423 219 406 381 607 560 585 296 637
209 125 524 599 0 550 516 620 433 782 634 587 612 515 146
447 455 382 331 550 0 374 352 357 514 558 511 536 131 588
413 421 286 423 516 374 0 444 323 606 524 477 502 339 554
517 525 452 219 620 352 444 0 427 258 628 581 606 317 658
330 338 331 406 433 357 323 427 0 589 257 210 195 322 471
679 687 614 381 782 514 606 258 589 0 790 743 768 479 820
531 539 532 607 634 558 524 628 257 790 0 111 436 523 672
484 492 485 560 587 511 477 581 210 743 111 0 389 476 625
509 517 510 585 612 536 502 606 195 768 436 389 0 501 650
412 420 347 296 515 131 339 317 322 479 523 476 501 0 553
247 163 562 637 146 588 554 658 471 820 672 625 650 553 0
