(((object007:54.31848,object005:56.68152):81.55288,((object004:87.83020,
object003:86.16980):15.21288,((object009:216.40916,(object014:164.54020,
object008:63.45980):121.42855):78.07333,(((object013:7.53849,
object012:48.46151):27.09465,object006:11.30763):23.91432,
object001:30.19437):14.06619):35.62228):4.49239):152.04764,
((object011:28.32482,object010:57.67518):119.84546,object002:12.50908):21.01660,object000:93.31507);
