((object010:160.65229,((object011:0.70612,(object013:63.17743,
object006:32.82257):124.60699):86.74745,object005:106.45560):14.18032):62.74342,
(object001:10.78290,(((object012:96.91568,(object014:138.59262,
object007:80.40738):24.44109):42.02055,(object004:105.56548,
object003:54.43452):101.31427):53.35454,((object009:324.06720,
object008:33.93280):85.09313,object002:70.52845):22.65832):167.57949):78.64310,object000:52.10001);
