0 187 474 504 368 437 310 376 426 405 349 433 397 253 370
187 0 517 547 411 480 353 419 469 448 392 476 440 296 413
474 517 0 178 554 573 496 512 562 541 535 569 269 439 556
504 547 178 0 584 603 526 542 592 571 565 599 299 469 586
368 411 554 584 0 517 218 456 506 485 257 513 477 161 120
437 480 573 603 517 0 459 389 493 472 498 298 496 402 519
310 353 496 526 218 459 0 398 448 427 181 455 419 85 220
376 419 512 542 456 389 398 0 432 411 437 385 435 341 458
426 469 562 592 506 493 448 432 0 177 487 489 485 391 508
405 448 541 571 485 472 427 411 177 0 466 468 464 370 487
349 392 535 565 257 498 181 437 487 466 0 494 458 100 259
433 476 569 599 513 298 455 385 489 468 494 0 492 398 515
397 440 269 299 477 496 419 435 485 464 458 492 0 362 479
253 296 439 469 161 402 85 341 391 370 100 398 362 0 163
370 413 556 586 120 519 220 458 508 487 259 515 479 163 0
