     15
object000 0 167 294 298 258 240 363 298 268 299 405 346 255 282 325
object001 167 0 397 386 333 348 492 314 280 477 342 311 246 139 391
object002 294 397 0 292 480 304 523 500 447 454 602 524 454 532 323
object003 298 386 292 0 441 157 494 490 462 438 557 507 414 466 75
object004 258 333 480 441 0 424 585 289 304 518 365 232 200 374 500
object005 240 348 304 157 424 0 429 470 433 379 486 462 400 436 261
object006 363 492 523 494 585 429 0 646 599 96 686 656 530 626 531
object007 298 314 500 490 289 470 646 0 103 586 376 389 328 457 568
object008 268 280 447 462 304 433 599 103 0 474 332 370 274 382 504
object009 299 477 454 438 518 379 96 586 474 0 630 565 533 572 437
object010 405 342 602 557 365 486 686 376 332 630 0 419 361 480 610
object011 346 311 524 507 232 462 656 389 370 565 419 0 222 478 550
object012 255 246 454 414 200 400 530 328 274 533 361 222 0 295 502
object013 282 139 532 466 374 436 626 457 382 572 480 478 295 0 494
object014 325 391 323 75 500 261 531 568 504 437 610 550 502 494 0
