0 142 306 391 268 380 203 553 463 463 531 375 580 278 238
142 0 310 395 272 384 277 557 467 467 535 379 584 352 312
306 310 0 445 54 434 441 607 381 381 585 429 634 516 476
391 395 445 0 407 219 526 280 602 602 258 214 307 601 561
268 272 54 407 0 396 403 569 343 343 547 391 596 478 438
380 384 434 219 396 0 515 381 591 591 359 201 408 590 550
203 277 441 526 403 515 0 688 598 598 666 510 715 173 133
553 557 607 280 569 381 688 0 764 764 318 376 367 763 723
463 467 381 602 343 591 598 764 0 160 742 586 791 673 633
463 467 381 602 343 591 598 764 160 0 742 586 791 673 633
531 535 585 258 547 359 666 318 742 742 0 354 127 741 701
375 379 429 214 391 201 510 376 586 586 354 0 403 585 545
580 584 634 307 596 408 715 367 791 791 127 403 0 790 750
278 352 516 601 478 590 173 763 673 673 741 585 790 0 52
238 312 476 561 438 550 133 723 633 633 701 545 750 52 0
