     15
object000 0 423 440 183 267 247 185 243 405 301 414 163 121 318 113
object001 423 0 144 339 680 401 484 550 234 526 720 297 544 319 405
object002 440 144 0 316 603 367 431 530 226 564 677 281 435 296 408
object003 183 339 316 0 446 48 242 330 291 370 511 57 297 235 215
object004 267 680 603 446 0 528 384 251 620 506 669 421 388 526 355
object005 247 401 367 48 528 0 351 363 340 432 564 134 299 271 251
object006 185 484 431 242 384 351 0 298 433 148 326 240 255 353 144
object007 243 550 530 330 251 363 298 0 549 368 540 326 252 429 167
object008 405 234 226 291 620 340 433 549 0 534 701 262 427 289 381
object009 301 526 564 370 506 432 148 368 534 0 273 314 315 417 231
object010 414 720 677 511 669 564 326 540 701 273 0 493 438 586 485
object011 163 297 281 57 421 134 240 326 262 314 493 0 300 211 206
object012 121 544 435 297 388 299 255 252 427 315 438 300 0 356 137
object013 318 319 296 235 526 271 353 429 289 417 586 211 356 0 264
object014 113 405 408 215 355 251 144 167 381 231 485 206 137 264 0
