0 306 191 630 626 684 450 332 448 408 664 696 560 709 474
306 0 257 492 436 494 312 194 310 218 474 506 370 571 336
191 257 0 581 577 635 401 283 399 359 615 647 511 660 425
630 492 581 0 812 870 634 434 632 594 850 882 746 103 486
626 436 577 812 0 220 632 514 630 352 200 232 250 891 656
684 494 635 870 220 0 690 572 688 410 78 110 308 949 714
450 312 401 634 632 690 0 336 148 414 670 702 566 713 478
332 194 283 434 514 572 336 0 334 296 552 584 448 513 278
448 310 399 632 630 688 148 334 0 412 668 700 564 711 476
408 218 359 594 352 410 414 296 412 0 390 422 286 673 438
664 474 615 850 200 78 670 552 668 390 0 72 288 929 694
696 506 647 882 232 110 702 584 700 422 72 0 320 961 726
560 370 511 746 250 308 566 448 564 286 288 320 0 825 590
709 571 660 103 891 949 713 513 711 673 929 961 825 0 565
474 336 425 486 656 714 478 278 476 438 694 726 590 565 0
