((((object011:65.16666,object010:69.83334):14.89242,object004:82.88688):95.59212,
object001:80.14781):12.33993,(object009:281.96382,((object013:125.95319,
object006:47.04681):102.43919,(((object012:96.23920,object005:0.00000):73.83518,
object003:54.46356):43.29374,((object014:38.55093,(object008:111.52910,
object007:37.47090):68.91527):68.44296,object002:100.90387):91.75555):31.94131):69.00312):116.37609,object000:74.85042);
