0 108 458 213 543 361 543 563 500 574 167 167 523 494 536
108 0 370 141 455 273 455 475 412 486 95 95 435 406 448
458 370 0 491 407 327 235 255 614 438 445 445 489 460 228
213 141 491 0 576 394 576 596 533 607 182 182 556 527 569
543 455 407 576 0 412 492 512 699 155 530 530 574 545 485
361 273 327 394 412 0 412 432 517 443 348 348 166 247 405
543 455 235 576 492 412 0 24 699 523 530 530 574 545 175
563 475 255 596 512 432 24 0 719 543 550 550 594 565 195
500 412 614 533 699 517 699 719 0 730 487 487 679 650 692
574 486 438 607 155 443 523 543 730 0 561 561 605 576 516
167 95 445 182 530 348 530 550 487 561 0 62 510 481 523
167 95 445 182 530 348 530 550 487 561 62 0 510 481 523
523 435 489 556 574 166 574 594 679 605 510 510 0 409 567
494 406 460 527 545 247 545 565 650 576 481 481 409 0 538
536 448 228 569 485 405 175 195 692 516 523 523 567 538 0
