0 406 398 172 243 434 376 120 206 252 344 315 358 456 247
406 0 370 422 405 406 398 370 430 384 476 435 206 428 367
398 370 0 414 397 300 390 362 422 376 468 427 322 322 359
172 422 414 0 259 450 392 130 222 268 360 331 374 472 263
243 405 397 259 0 433 375 207 267 251 343 314 357 455 246
434 406 300 450 433 0 426 398 458 412 504 463 358 94 395
376 398 390 392 375 426 0 340 400 354 446 405 350 448 337
120 370 362 130 207 398 340 0 170 216 308 279 322 420 211
206 430 422 222 267 458 400 170 0 276 368 339 382 480 271
252 384 376 268 251 412 354 216 276 0 146 293 336 434 225
344 476 468 360 343 504 446 308 368 146 0 385 428 526 317
315 435 427 331 314 463 405 279 339 293 385 0 387 485 90
358 206 322 374 357 358 350 322 382 336 428 387 0 380 319
456 428 322 472 455 94 448 420 480 434 526 485 380 0 417
247 367 359 263 246 395 337 211 271 225 317 90 319 417 0
