     15
object000 0 277 499 277 139 272 535 557 446 288 267 338 397 304 400
object001 277 0 501 201 243 192 590 599 486 317 342 356 406 369 416
object002 499 501 0 535 539 469 503 498 164 484 521 340 618 573 636
object003 277 201 535 0 273 75 592 649 577 396 340 411 486 421 444
object004 139 243 539 273 0 351 558 629 473 345 363 371 409 311 389
object005 272 192 469 75 351 0 573 621 524 346 401 405 460 340 419
object006 535 590 503 592 558 573 0 158 440 572 625 233 691 583 653
object007 557 599 498 649 629 621 158 0 471 593 603 295 723 690 670
object008 446 486 164 577 473 524 440 471 0 466 532 254 573 527 557
object009 288 317 484 396 345 346 572 593 466 0 126 404 315 293 284
object010 267 342 521 340 363 401 625 603 532 126 0 406 369 332 334
object011 338 356 340 411 371 405 233 295 254 404 406 0 494 405 489
object012 397 406 618 486 409 460 691 723 573 315 369 494 0 454 154
object013 304 369 573 421 311 340 583 690 527 293 332 405 454 0 425
object014 400 416 636 444 389 419 653 670 557 284 334 489 154 425 0
