0 237 86 416 131 460 609 414 662 623 566 527 475 381 506
237 0 197 156 116 207 345 235 355 384 317 282 468 332 544
86 197 0 360 86 357 518 385 621 538 486 455 363 306 418
416 156 360 0 277 163 323 151 347 312 276 256 568 518 681
131 116 86 277 0 317 461 301 531 492 444 407 338 276 380
460 207 357 163 317 0 232 246 325 352 294 80 636 548 677
609 345 518 323 461 232 0 397 266 484 531 296 799 693 855
414 235 385 151 301 246 397 0 433 218 155 319 675 559 693
662 355 621 347 531 325 266 433 0 586 580 329 836 723 916
623 384 538 312 492 352 484 218 586 0 159 426 791 817 837
566 317 486 276 444 294 531 155 580 159 0 399 836 771 841
527 282 455 256 407 80 296 319 329 426 399 0 725 648 748
475 468 363 568 338 636 799 675 836 791 836 725 0 74 538
381 332 306 518 276 548 693 559 723 817 771 648 74 0 526
506 544 418 681 380 677 855 693 916 837 841 748 538 526 0
