0 98 344 313 265 437 400 433 84 401 527 519 369 324 452
98 0 406 375 327 499 462 495 166 463 589 581 431 386 514
344 406 0 437 389 561 242 275 412 419 651 643 493 448 576
313 375 437 0 120 310 493 526 381 494 400 392 254 209 325
265 327 389 120 0 262 445 478 333 446 352 344 206 161 277
437 499 561 310 262 0 617 650 505 618 342 334 378 333 193
400 462 242 493 445 617 0 73 468 475 707 699 549 504 632
433 495 275 526 478 650 73 0 501 508 740 732 582 537 665
84 166 412 381 333 505 468 501 0 469 595 587 437 392 520
401 463 419 494 446 618 475 508 469 0 708 700 550 505 633
527 589 651 400 352 342 707 740 595 708 0 118 468 423 357
519 581 643 392 344 334 699 732 587 700 118 0 460 415 349
369 431 493 254 206 378 549 582 437 550 468 460 0 155 393
324 386 448 209 161 333 504 537 392 505 423 415 155 0 348
452 514 576 325 277 193 632 665 520 633 357 349 393 348 0
