0 646 547 557 653 575 361 706 605 711 447 620 459 162 517
646 0 401 406 502 439 464 390 462 399 794 298 312 677 219
547 401 0 288 214 343 436 474 49 549 726 412 215 591 372
557 406 288 0 370 191 370 473 333 502 760 412 147 612 296
653 502 214 370 0 376 486 565 164 594 838 471 267 673 412
575 439 343 191 376 0 384 490 339 542 791 464 124 653 328
361 464 436 370 486 384 0 486 436 549 545 394 300 399 333
706 390 474 473 565 490 486 0 536 141 861 167 373 721 187
605 462 49 333 164 339 436 536 0 515 799 465 271 638 324
711 399 549 502 594 542 549 141 515 0 914 219 441 736 246
447 794 726 760 838 791 545 861 799 914 0 780 639 479 659
620 298 412 412 471 464 394 167 465 219 780 0 276 638 92
459 312 215 147 267 124 300 373 271 441 639 276 0 544 224
162 677 591 612 673 653 399 721 638 736 479 638 544 0 545
517 219 372 296 412 328 333 187 324 246 659 92 224 545 0
