((((((Object002:52.50000,Object005:55.50000):97.71429,Object004:68.28571):126.72917,
Object006:161.02083):159.98750,Object009:108.26250):88.09375,
Object008:200.59375):38.29688,(Object003:33.35938,(Object007:80.64583,
Object010:95.35417):16.14062):8.07812,Object001:47.17188);
