0 337 151 364 405 413 491 509 592 497
337 0 293 181 213 181 306 347 451 371
151 293 0 371 398 420 499 526 596 479
364 181 371 0 331 337 253 193 224 291
405 213 398 331 0 139 445 482 561 456
413 181 420 337 139 0 418 422 565 449
491 306 499 253 445 418 0 396 535 201
509 347 526 193 482 422 396 0 96 451
592 451 596 224 561 565 535 96 0 529
497 371 479 291 456 449 201 451 529 0
