0 383 244 194 274 464 558 674 616 295
383 0 337 389 275 349 257 373 315 296
244 337 0 250 228 418 512 628 570 249
194 389 250 0 280 470 564 680 622 301
274 275 228 280 0 356 450 566 508 83
464 349 418 470 356 0 524 640 582 377
558 257 512 564 450 524 0 402 344 471
674 373 628 680 566 640 402 0 364 587
616 315 570 622 508 582 344 364 0 529
295 296 249 301 83 377 471 587 529 0
