0 175 212 381 502 482 646 614 290 262
175 0 333 502 623 603 767 735 411 283
212 333 0 415 536 516 680 648 244 420
381 502 415 0 443 423 587 555 493 589
502 623 536 443 0 414 578 546 614 710
482 603 516 423 414 0 378 346 594 690
646 767 680 587 578 378 0 154 758 854
614 735 648 555 546 346 154 0 726 822
290 411 244 493 614 594 758 726 0 498
262 283 420 589 710 690 854 822 498 0
