     10
object000 0 193 447 107 89 509 538 575 239 283
object001 193 0 291 98 154 338 398 401 261 301
object002 447 291 0 383 439 158 283 459 547 580
object003 107 98 383 0 95 415 504 495 180 187
object004 89 154 439 95 0 411 555 561 229 307
object005 509 338 158 415 411 0 101 474 549 593
object006 538 398 283 504 555 101 0 569 611 698
object007 575 401 459 495 561 474 569 0 680 746
object008 239 261 547 180 229 549 611 680 0 19
object009 283 301 580 187 307 593 698 746 19 0
