0 168 198 317 149 252 207 400 210 298
168 0 154 304 342 320 401 524 149 313
198 154 0 205 311 328 417 523 206 275
317 304 205 0 476 472 484 624 368 186
149 342 311 476 0 178 178 352 416 449
252 320 328 472 178 0 160 266 443 515
207 401 417 484 178 160 0 229 483 456
400 524 523 624 352 266 229 0 644 712
210 149 206 368 416 443 483 644 0 393
298 313 275 186 449 515 456 712 393 0
