     10
object000 0 257 255 154 211 567 484 477 332 258
object001 257 0 252 220 115 506 490 443 290 233
object002 255 252 0 201 160 501 424 474 304 187
object003 154 220 201 0 168 453 467 463 278 233
object004 211 115 160 168 0 432 383 435 211 159
object005 567 506 501 453 432 0 490 96 530 510
object006 484 490 424 467 383 490 0 446 525 464
object007 477 443 474 463 435 96 446 0 525 463
object008 332 290 304 278 211 530 525 525 0 247
object009 258 233 187 233 159 510 464 463 247 0
