0 181 243 199 411 469 490 439 445 174
181 0 240 350 408 466 487 436 442 325
243 240 0 412 302 360 381 330 336 387
199 350 412 0 580 638 659 608 614 123
411 408 302 580 0 166 187 302 308 555
469 466 360 638 166 0 111 360 366 613
490 487 381 659 187 111 0 381 387 634
439 436 330 608 302 360 381 0 210 583
445 442 336 614 308 366 387 210 0 589
174 325 387 123 555 613 634 583 589 0
