0 297 282 598 361 314 383 409 458 395
297 0 389 705 468 171 490 516 565 502
282 389 0 516 235 406 301 327 332 269
598 705 516 0 595 722 429 455 692 629
361 468 235 595 0 485 380 406 237 174
314 171 406 722 485 0 507 533 582 519
383 490 301 429 380 507 0 46 477 414
409 516 327 455 406 533 46 0 503 440
458 565 332 692 237 582 477 503 0 93
395 502 269 629 174 519 414 440 93 0
