     10
object000 0 345 397 122 370 292 375 370 335 354
object001 345 0 229 260 559 446 232 245 475 544
object002 397 229 0 308 606 495 187 202 513 607
object003 122 260 308 0 281 187 290 335 256 294
object004 370 559 606 281 0 481 572 607 254 316
object005 292 446 495 187 481 0 474 480 435 428
object006 375 232 187 290 572 474 0 70 521 571
object007 370 245 202 335 607 480 70 0 563 603
object008 335 475 513 256 254 435 521 563 0 60
object009 354 544 607 294 316 428 571 603 60 0
