0 304 473 158 282 390 413 491 405 341
304 0 411 296 122 328 351 429 343 181
473 411 0 465 389 339 188 440 354 448
158 296 465 0 274 382 405 483 397 333
282 122 389 274 0 306 329 407 321 141
390 328 339 382 306 0 279 263 29 365
413 351 188 405 329 279 0 380 294 388
491 429 440 483 407 263 380 0 278 466
405 343 354 397 321 29 294 278 0 380
341 181 448 333 141 365 388 466 380 0
