     10
object000 0 237 286 311 393 466 300 392 239 237
object001 237 0 372 432 266 494 354 323 358 321
object002 286 372 0 499 532 576 420 534 405 444
object003 311 432 499 0 547 162 363 575 280 406
object004 393 266 532 547 0 661 509 5 492 556
object005 466 494 576 162 661 0 376 686 381 604
object006 300 354 420 363 509 376 0 504 80 378
object007 392 323 534 575 5 686 504 0 455 508
object008 239 358 405 280 492 381 80 455 0 386
object009 237 321 444 406 556 604 378 508 386 0
