(object009:119.24445,(((((object007:17.20563,object006:46.79437):66.54728,
object005:70.99830):74.57630,object003:80.30018):52.93264,
object001:57.26859):17.88409,(object004:239.09760,(object008:118.13171,
object002:150.86829):110.06339):45.71211):71.88339,object000:77.75555);
