0 133 212 213 377 496 458 456 455 153
133 0 264 340 401 421 520 391 452 332
212 264 0 394 319 364 361 306 311 435
213 340 394 0 577 645 660 568 621 126
377 401 319 577 0 179 226 289 304 516
496 421 364 645 179 0 81 380 346 628
458 520 361 660 226 81 0 352 376 668
456 391 306 568 289 380 352 0 202 574
455 452 311 621 304 346 376 202 0 607
153 332 435 126 516 628 668 574 607 0
