(object004:118.68925,((((object008:129.35851,object007:152.64149):24.62688,
object006:74.58892):127.87845,((object009:63.84092,object003:87.15908):73.03964,
object001:22.41275):70.83344):61.76468,(object005:15.28945,
object002:87.71055):104.85857):42.78976,object000:10.31075);
