     10
object000 0 125 147 221 241 240 235 363 361 439
object001 125 0 316 136 423 370 409 516 538 568
object002 147 316 0 324 280 123 307 415 437 485
object003 221 136 324 0 368 364 413 566 579 610
object004 241 423 280 368 0 331 215 314 292 353
object005 240 370 123 364 331 0 410 465 453 565
object006 235 409 307 413 215 410 0 221 220 163
object007 363 516 415 566 314 465 221 0 212 357
object008 361 538 437 579 292 453 220 212 0 416
object009 439 568 485 610 353 565 163 357 416 0
