     10
object000 0 478 475 542 473 433 355 571 579 518
object001 478 0 153 211 25 390 563 298 493 502
object002 475 153 0 76 137 377 551 266 531 497
object003 542 211 76 0 184 411 581 282 491 533
object004 473 25 137 184 0 349 552 255 482 503
object005 433 390 377 411 349 0 513 364 151 199
object006 355 563 551 581 552 513 0 622 666 605
object007 571 298 266 282 255 364 622 0 534 494
object008 579 493 531 491 482 151 666 534 0 337
object009 518 502 497 533 503 199 605 494 337 0
