     10
object000 0 321 298 375 213 332 202 375 514 470
object001 321 0 195 221 177 220 284 179 393 198
object002 298 195 0 121 166 57 236 265 392 288
object003 375 221 121 0 200 77 313 280 455 352
object004 213 177 166 200 0 105 207 198 382 271
object005 332 220 57 77 105 0 298 245 481 347
object006 202 284 236 313 207 298 0 367 508 417
object007 375 179 265 280 198 245 367 0 431 126
object008 514 393 392 455 382 481 508 431 0 433
object009 470 198 288 352 271 347 417 126 433 0
