((((object008:94.89890,object007:9.10110):84.56683,(object009:85.98543,
object004:33.01457):93.74590):25.12760,(object006:4.83884,
object003:86.16116):83.90472):117.08230,((object005:77.76882,
object001:66.23118):13.27007,object002:105.79958):29.18361,object000:73.23146);
