(object004:39.18430,((object008:120.59950,(((object006:0.00000,
object001:78.16998):74.74415,(object009:52.86933,object005:140.13067):73.49092):7.39616,
object007:268.31398):34.41070):37.98410,(object003:13.28127,
object002:0.00000):25.51538):50.74758,object000:16.81570);
