0 510 267 211 318 672 218 114 499 634
510 0 527 471 522 292 478 506 201 254
267 527 0 178 335 689 185 263 516 651
211 471 178 0 279 633 47 207 460 595
318 522 335 279 0 684 286 314 511 646
672 292 689 633 684 0 640 668 363 198
218 478 185 47 286 640 0 214 467 602
114 506 263 207 314 668 214 0 495 630
499 201 516 460 511 363 467 495 0 325
634 254 651 595 646 198 602 630 325 0
