     10
object000 0 248 288 245 269 399 283 311 210 240
object001 248 0 270 159 250 338 167 265 351 139
object002 288 270 0 279 232 101 330 370 449 260
object003 245 159 279 0 223 334 107 128 293 221
object004 269 250 232 223 0 193 314 382 369 197
object005 399 338 101 334 193 0 376 421 419 229
object006 283 167 330 107 314 376 0 132 384 214
object007 311 265 370 128 382 421 132 0 445 270
object008 210 351 449 293 369 419 384 445 0 303
object009 240 139 260 221 197 229 214 270 303 0
