0 238 296 288 420 403 138 806 166 788
238 0 64 332 188 171 342 678 210 660
296 64 0 390 164 147 400 736 268 718
288 332 390 0 514 497 392 900 212 882
420 188 164 514 0 115 524 860 392 842
403 171 147 497 115 0 507 843 375 825
138 342 400 392 524 507 0 910 270 892
806 678 736 900 860 843 910 0 778 140
166 210 268 212 392 375 270 778 0 760
788 660 718 882 842 825 892 140 760 0
