0 461 364 325 392 432 382 457 441 370
461 0 535 158 563 191 553 628 612 541
364 535 0 399 322 506 166 241 173 300
325 158 399 0 427 129 417 492 476 405
392 563 322 427 0 534 340 415 399 98
432 191 506 129 534 0 524 599 583 512
382 553 166 417 340 524 0 91 243 318
457 628 241 492 415 599 91 0 318 393
441 612 173 476 399 583 243 318 0 377
370 541 300 405 98 512 318 393 377 0
