     10
object000 0 497 363 276 402 427 371 455 428 374
object001 497 0 530 223 549 178 578 596 583 504
object002 363 530 0 399 321 507 151 247 119 269
object003 276 223 399 0 391 77 376 526 443 386
object004 402 549 321 391 0 519 343 411 362 110
object005 427 178 507 77 519 0 503 601 542 464
object006 371 578 151 376 343 503 0 83 235 322
object007 455 596 247 526 411 601 83 0 338 372
object008 428 583 119 443 362 542 235 338 0 386
object009 374 504 269 386 110 464 322 372 386 0
