     10
object000 0 294 263 744 762 492 471 512 434 428
object001 294 0 215 668 689 485 437 385 337 351
object002 263 215 0 491 555 322 347 234 188 270
object003 744 668 491 0 159 539 826 420 500 548
object004 762 689 555 159 0 451 766 442 501 524
object005 492 485 322 539 451 0 577 82 252 362
object006 471 437 347 826 766 577 0 559 502 570
object007 512 385 234 420 442 82 559 0 249 294
object008 434 337 188 500 501 252 502 249 0 192
object009 428 351 270 548 524 362 570 294 192 0
