0 644 635 376 903 807 663 349 375 510
644 0 453 500 433 337 481 473 499 328
635 453 0 491 712 616 98 464 490 131
376 500 491 0 759 663 519 121 177 366
903 433 712 759 0 418 740 732 758 587
807 337 616 663 418 0 644 636 662 491
663 481 98 519 740 644 0 492 518 159
349 473 464 121 732 636 492 0 150 339
375 499 490 177 758 662 518 150 0 365
510 328 131 366 587 491 159 339 365 0
