0 219 230 338 129 166 342 414 440 323
219 0 332 183 326 257 289 411 392 159
230 332 0 493 397 103 483 661 468 485
338 183 493 0 419 472 414 545 525 151
129 326 397 419 0 309 405 495 455 442
166 257 103 472 309 0 385 504 463 378
342 289 483 414 405 385 0 243 237 409
414 411 661 545 495 504 243 0 282 493
440 392 468 525 455 463 237 282 0 496
323 159 485 151 442 378 409 493 496 0
