     10
object000 0 295 456 161 311 365 648 254 337 473
object001 295 0 360 295 59 413 549 277 334 470
object002 456 360 0 442 430 383 657 369 104 365
object003 161 295 442 0 305 412 577 246 344 453
object004 311 59 430 305 0 390 604 289 281 457
object005 365 413 383 412 390 0 483 333 329 488
object006 648 549 657 577 604 483 0 561 574 700
object007 254 277 369 246 289 333 561 0 264 419
object008 337 334 104 344 281 329 574 264 0 251
object009 473 470 365 453 457 488 700 419 251 0
