     10
object000 0 262 376 425 408 511 505 415 615 290
object001 262 0 248 264 303 351 375 254 442 358
object002 376 248 0 285 259 168 198 227 254 452
object003 425 264 285 0 160 369 441 78 495 465
object004 408 303 259 160 0 380 486 160 471 437
object005 511 351 168 369 380 0 310 368 385 528
object006 505 375 198 441 486 310 0 415 171 550
object007 415 254 227 78 160 368 415 0 462 489
object008 615 442 254 495 471 385 171 462 0 699
object009 290 358 452 465 437 528 550 489 699 0
