0 427 185 243 144 466 434 632 364 496
427 0 300 358 403 219 181 497 321 249
185 300 0 60 161 339 307 505 237 369
243 358 60 0 219 397 365 563 295 427
144 403 161 219 0 442 410 608 340 472
466 219 339 397 442 0 226 536 360 212
434 181 307 365 410 226 0 504 328 256
632 497 505 563 608 536 504 0 526 566
364 321 237 295 340 360 328 526 0 390
496 249 369 427 472 212 256 566 390 0
