     10
object000 0 404 278 350 491 344 283 242 219 123
object001 404 0 516 506 653 198 440 478 516 354
object002 278 516 0 183 557 457 228 349 -3 237
object003 350 506 183 0 680 482 322 332 176 269
object004 491 653 557 680 0 612 485 569 589 382
object005 344 198 457 482 612 0 417 430 458 269
object006 283 440 228 322 485 417 0 309 207 173
object007 242 478 349 332 569 430 309 0 310 159
object008 219 516 -3 176 589 458 207 310 0 211
object009 123 354 237 269 382 269 173 159 211 0
