     10
object000 0 329 109 92 56 368 259 439 218 244
object001 329 0 313 308 308 349 75 417 291 280
object002 109 313 0 13 106 301 140 369 173 225
object003 92 308 13 0 159 367 234 393 212 272
object004 56 308 106 159 0 353 246 403 264 293
object005 368 349 301 367 353 0 290 520 400 193
object006 259 75 140 234 246 290 0 335 244 206
object007 439 417 369 393 403 520 335 0 408 418
object008 218 291 173 212 264 400 244 408 0 299
object009 244 280 225 272 293 193 206 418 299 0
