     10
object000 0 247 343 412 262 277 439 385 409 259
object001 247 0 331 383 364 356 458 393 440 177
object002 343 331 0 500 430 30 557 516 496 342
object003 412 383 500 0 557 555 680 579 627 300
object004 262 364 430 557 0 371 511 465 461 406
object005 277 356 30 555 371 0 515 485 471 343
object006 439 458 557 680 511 515 0 268 289 504
object007 385 393 516 579 465 485 268 0 188 394
object008 409 440 496 627 461 471 289 188 0 407
object009 259 177 342 300 406 343 504 394 407 0
