     10
object000 0 350 257 191 280 428 586 686 618 291
object001 350 0 360 385 275 357 292 422 342 320
object002 257 360 0 250 201 413 481 608 560 246
object003 191 385 250 0 263 488 561 630 582 352
object004 280 275 201 263 0 351 439 554 500 104
object005 428 357 413 488 351 0 556 659 574 380
object006 586 292 481 561 439 556 0 397 331 502
object007 686 422 608 630 554 659 397 0 379 588
object008 618 342 560 582 500 574 331 379 0 513
object009 291 320 246 352 104 380 502 588 513 0
