0 277 241 135 242 246 499 361 310 137
277 0 56 390 315 329 582 444 393 220
241 56 0 354 279 293 546 408 357 184
135 390 354 0 355 359 612 474 423 250
242 315 279 355 0 294 547 409 358 185
246 329 293 359 294 0 507 369 318 119
499 582 546 612 547 507 0 324 273 398
361 444 408 474 409 369 324 0 57 260
310 393 357 423 358 318 273 57 0 209
137 220 184 250 185 119 398 260 209 0
