(object004:181.80040,((((object008:101.93799,object007:86.06201):16.99536,
object006:167.31251):161.42991,((object009:58.12853,object003:241.87147):35.25896,
object001:87.52948):50.38198):8.51690,(object005:5.00305,
object002:24.99695):182.22975):24.35249,object000:80.19960);
