     10
object000 0 116 276 267 251 268 355 356 246 314
object001 116 0 403 356 357 307 498 495 238 388
object002 276 403 0 279 303 299 194 173 479 372
object003 267 356 279 0 12 72 401 373 423 136
object004 251 357 303 12 0 90 392 380 435 139
object005 268 307 299 72 90 0 425 383 464 82
object006 355 498 194 401 392 425 0 86 590 462
object007 356 495 173 373 380 383 86 0 577 467
object008 246 238 479 423 435 464 590 577 0 519
object009 314 388 372 136 139 82 462 467 519 0
