     10
object000 0 224 169 379 130 295 261 529 243 252
object001 224 0 25 342 212 340 201 571 331 234
object002 169 25 0 355 216 313 96 516 293 207
object003 379 342 355 0 454 297 417 349 502 234
object004 130 212 216 454 0 350 281 530 314 314
object005 295 340 313 297 350 0 385 475 426 135
object006 261 201 96 417 281 385 0 628 365 282
object007 529 571 516 349 530 475 628 0 623 385
object008 243 331 293 502 314 426 365 623 0 315
object009 252 234 207 234 314 135 282 385 315 0
