0 256 331 386 298 318 176 304 320 342
256 0 311 366 278 138 256 124 400 322
331 311 0 107 105 373 331 359 475 149
386 366 107 0 160 428 386 414 530 204
298 278 105 160 0 340 298 326 442 90
318 138 373 428 340 0 318 96 462 384
176 256 331 386 298 318 0 304 168 342
304 124 359 414 326 96 304 0 448 370
320 400 475 530 442 462 168 448 0 486
342 322 149 204 90 384 342 370 486 0
