(object003:67.93901,(((object009:87.69954,object004:24.30046):14.49575,
object001:73.55592):65.49196,((object007:173.12422,(object008:63.19276,
object005:41.80724):24.32011):49.53557,(object006:70.11574,
object002:128.88426):85.31908):75.47465):114.57115,object000:78.06099);
