0 186 396 304 97 515 449 387 367 441
186 0 395 246 195 504 486 394 386 346
396 395 0 287 440 600 529 469 381 88
304 246 287 0 257 463 443 168 141 316
97 195 440 257 0 537 515 493 389 407
515 504 600 463 537 0 120 621 573 562
449 486 529 443 515 120 0 620 473 538
387 394 469 168 493 621 620 0 59 454
367 386 381 141 389 573 473 59 0 407
441 346 88 316 407 562 538 454 407 0
