0 218 347 331 284 251 316 388 367 269
218 0 289 273 226 113 258 330 309 131
347 289 0 198 141 322 173 133 224 340
331 273 198 0 135 306 167 239 218 324
284 226 141 135 0 259 38 182 89 277
251 113 322 306 259 0 291 363 342 110
316 258 173 167 38 291 0 214 97 309
388 330 133 239 182 363 214 0 265 381
367 309 224 218 89 342 97 265 0 360
269 131 340 324 277 110 309 381 360 0
