     10
object000 0 249 313 239 278 353 194 321 199 211
object001 249 0 189 156 244 377 445 542 370 372
object002 313 189 0 226 369 394 476 561 392 542
object003 239 156 226 0 108 154 393 493 374 316
object004 278 244 369 108 0 87 450 519 422 459
object005 353 377 394 154 87 0 564 681 477 482
object006 194 445 476 393 450 564 0 475 412 174
object007 321 542 561 493 519 681 475 0 518 424
object008 199 370 392 374 422 477 412 518 0 389
object009 211 372 542 316 459 482 174 424 389 0
