0 199 228 427 305 211 456 234 407 346
199 0 209 443 283 215 366 258 367 400
228 209 0 311 142 137 302 179 262 215
427 443 311 0 304 349 128 281 477 546
305 283 142 304 0 162 294 116 329 327
211 215 137 349 162 0 370 231 356 337
456 366 302 128 294 370 0 246 482 455
234 258 179 281 116 231 246 0 306 243
407 367 262 477 329 356 482 306 0 302
346 400 215 546 327 337 455 243 302 0
