     10
object000 0 176 423 272 472 333 421 400 395 411
object001 176 0 415 136 473 288 299 258 326 338
object002 423 415 0 508 66 130 703 672 471 714
object003 272 136 508 0 546 373 226 272 485 312
object004 472 473 66 546 0 240 745 738 474 738
object005 333 288 130 373 240 0 569 553 368 603
object006 421 299 703 226 745 569 0 166 642 273
object007 400 258 672 272 738 553 166 0 622 278
object008 395 326 471 485 474 368 642 622 0 689
object009 411 338 714 312 738 603 273 278 689 0
