0 221 342 203 433 477 292 506 308 528
221 0 253 292 320 364 203 393 219 415
342 253 0 413 465 509 322 538 338 560
203 292 413 0 504 548 363 577 379 599
433 320 465 504 0 110 415 261 431 283
477 364 509 548 110 0 459 305 475 327
292 203 322 363 415 459 0 488 108 510
506 393 538 577 261 305 488 0 504 242
308 219 338 379 431 475 108 504 0 526
528 415 560 599 283 327 510 242 526 0
