0 317 376 566 579 401 560 568 329 483
317 0 313 335 348 338 329 337 106 252
376 313 0 562 575 297 556 564 325 479
566 335 562 0 365 587 478 8 355 401
579 348 575 365 0 600 491 367 368 414
401 338 297 587 600 0 581 589 350 504
560 329 556 478 491 581 0 480 349 99
568 337 564 8 367 589 480 0 357 403
329 106 325 355 368 350 349 357 0 272
483 252 479 401 414 504 99 403 272 0
