0 199 246 296 273 312 138 127 367 405
199 0 197 247 224 263 323 312 318 356
246 197 0 272 249 288 370 359 215 253
296 247 272 0 103 174 420 409 393 431
273 224 249 103 0 151 397 386 370 408
312 263 288 174 151 0 436 425 409 447
138 323 370 420 397 436 0 87 491 529
127 312 359 409 386 425 87 0 480 518
367 318 215 393 370 409 491 480 0 136
405 356 253 431 408 447 529 518 136 0
