(object004:53.93318,(object001:81.58338,((object006:38.69660,
object005:81.30340):274.17564,(((object008:8.91947,object007:50.08053):112.26322,
object003:13.96499):71.65059,(object009:44.15026,object002:43.84974):169.07592):18.31506):65.86463):60.46116,object000:43.06682);
