0 235 315 434 171 410 352 290 571 558
235 0 277 470 68 436 425 368 642 595
315 277 0 522 223 532 504 481 716 654
434 470 522 0 416 267 546 438 513 285
171 68 223 416 0 381 377 318 563 488
410 436 532 267 381 0 430 320 331 374
352 425 504 546 377 430 0 292 620 616
290 368 481 438 318 320 292 0 631 511
571 642 716 513 563 331 620 631 0 560
558 595 654 285 488 374 616 511 560 0
