0 469 304 290 156 496 441 729 325 483
469 0 435 421 469 227 166 536 312 214
304 435 0 118 304 462 407 695 291 449
290 421 118 0 290 448 393 681 277 435
156 469 304 290 0 496 441 729 325 483
496 227 462 448 496 0 199 563 339 221
441 166 407 393 441 199 0 508 284 186
729 536 695 681 729 563 508 0 572 550
325 312 291 277 325 339 284 572 0 326
483 214 449 435 483 221 186 550 326 0
