0 166 171 251 242 562 381 280 341 415
166 0 131 307 298 618 437 336 397 471
171 131 0 312 303 623 442 341 402 476
251 307 312 0 217 537 356 161 222 296
242 298 303 217 0 340 159 246 307 381
562 618 623 537 340 0 319 566 627 701
381 437 442 356 159 319 0 385 446 520
280 336 341 161 246 566 385 0 187 291
341 397 402 222 307 627 446 187 0 352
415 471 476 296 381 701 520 291 352 0
