0 277 367 265 283 231 352 298 342 393
277 0 254 402 420 368 239 185 229 280
367 254 0 492 510 458 299 245 289 340
265 402 492 0 294 140 477 423 467 518
283 420 510 294 0 260 495 441 485 536
231 368 458 140 260 0 443 389 433 484
352 239 299 477 495 443 0 132 176 257
298 185 245 423 441 389 132 0 102 203
342 229 289 467 485 433 176 102 0 247
393 280 340 518 536 484 257 203 247 0
