     10
object000 0 626 663 394 898 767 640 329 346 528
object001 626 0 510 499 431 344 487 499 492 355
object002 663 510 0 471 722 617 90 483 559 101
object003 394 499 471 0 775 643 544 133 171 369
object004 898 431 722 775 0 430 759 753 743 564
object005 767 344 617 643 430 0 665 629 648 426
object006 640 487 90 544 759 665 0 530 551 167
object007 329 499 483 133 753 629 530 0 135 341
object008 346 492 559 171 743 648 551 135 0 405
object009 528 355 101 369 564 426 167 341 405 0
