     10
object000 0 141 502 266 531 257 247 310 317 374
object001 141 0 570 282 599 378 391 259 269 333
object002 502 570 0 741 86 316 512 635 681 713
object003 266 282 741 0 682 472 460 261 238 372
object004 531 599 86 682 0 340 523 661 718 758
object005 257 378 316 472 340 0 268 387 445 508
object006 247 391 512 460 523 268 0 470 443 487
object007 310 259 635 261 661 387 470 0 76 147
object008 317 269 681 238 718 445 443 76 0 217
object009 374 333 713 372 758 508 487 147 217 0
