     10
object000 0 471 294 250 186 515 410 706 328 468
object001 471 0 427 441 489 269 203 547 333 228
object002 294 427 0 122 326 439 425 668 288 449
object003 250 441 122 0 277 447 411 688 290 389
object004 186 489 326 277 0 505 408 701 311 492
object005 515 269 439 447 505 0 211 557 349 217
object006 410 203 425 411 408 211 0 473 288 215
object007 706 547 668 688 701 557 473 0 580 536
object008 328 333 288 290 311 349 288 580 0 328
object009 468 228 449 389 492 217 215 536 328 0
