     10
object000 0 117 194 239 184 387 378 559 488 496
object001 117 0 216 301 209 419 412 585 522 591
object002 194 216 0 172 146 448 403 517 499 505
object003 239 301 172 0 75 421 406 576 521 528
object004 184 209 146 75 0 390 330 534 435 497
object005 387 419 448 421 390 0 217 264 352 328
object006 378 412 403 406 330 217 0 360 195 238
object007 559 585 517 576 534 264 360 0 486 518
object008 488 522 499 521 435 352 195 486 0 184
object009 496 591 505 528 497 328 238 518 184 0
