0 218 271 357 108 194 306 428 390 320
218 0 377 195 320 300 306 428 390 158
271 377 0 516 373 87 465 587 549 479
357 195 516 0 459 439 445 567 529 105
108 320 373 459 0 296 408 530 492 422
194 300 87 439 296 0 388 510 472 402
306 306 465 445 408 388 0 252 214 408
428 428 587 567 530 510 252 0 264 530
390 390 549 529 492 472 214 264 0 492
320 158 479 105 422 402 408 530 492 0
