0 283 376 418 394 504 528 387 604 205
283 0 251 293 269 379 403 262 479 330
376 251 0 270 246 166 190 239 266 423
418 293 270 0 178 398 422 47 498 465
394 269 246 178 0 374 398 147 474 441
504 379 166 398 374 0 296 367 372 551
528 403 190 422 398 296 0 391 206 575
387 262 239 47 147 367 391 0 467 434
604 479 266 498 474 372 206 467 0 651
205 330 423 465 441 551 575 434 651 0
