0 188 167 315 282 230 372 345 313 361
188 0 183 482 466 143 505 435 65 492
167 183 0 402 419 32 475 478 225 506
315 482 402 0 340 535 386 326 548 139
282 466 419 340 0 440 238 141 549 362
230 143 32 535 440 0 559 498 279 514
372 505 475 386 238 559 0 260 579 435
345 435 478 326 141 498 260 0 586 342
313 65 225 548 549 279 579 586 0 595
361 492 506 139 362 514 435 342 595 0
