0 178 205 370 367 194 290 333 419 394
178 0 177 386 383 166 306 349 435 410
205 177 0 413 410 123 333 376 462 437
370 386 413 0 339 402 96 305 391 366
367 383 410 339 0 399 259 234 320 141
194 166 123 402 399 0 322 365 451 426
290 306 333 96 259 322 0 225 311 286
333 349 376 305 234 365 225 0 116 261
419 435 462 391 320 451 311 116 0 347
394 410 437 366 141 426 286 261 347 0
