0 263 278 142 203 554 498 508 328 274
263 0 227 211 76 503 447 457 277 223
278 227 0 226 167 496 440 450 278 180
142 211 226 0 151 502 446 456 276 222
203 76 167 151 0 443 387 397 217 163
554 503 496 502 443 0 514 114 554 492
498 447 440 446 387 514 0 468 498 436
508 457 450 456 397 114 468 0 508 446
328 277 278 276 217 554 498 508 0 274
274 223 180 222 163 492 436 446 274 0
