((object005:88.43179,(object006:110.71739,(object007:144.49800,
object004:76.50200):104.35546):4.56864):170.10898,((object008:54.36944,
object001:0.00000):57.00948,((object009:151.31857,object003:30.68143):70.79794,
object002:37.06609):83.71321):66.40511,object000:79.13739);
