0 73 496 36 336 374 431 555 390 561
73 0 445 108 340 334 390 523 350 529
496 445 0 464 512 538 227 700 402 645
36 108 464 0 348 331 379 550 372 540
336 340 512 348 0 85 413 523 395 432
374 334 538 331 85 0 521 540 439 506
431 390 227 379 413 521 0 665 336 640
555 523 700 550 523 540 665 0 655 194
390 350 402 372 395 439 336 655 0 555
561 529 645 540 432 506 640 194 555 0
