     10
object000 0 201 198 400 502 473 670 567 266 277
object001 201 0 363 479 604 585 798 752 446 306
object002 198 363 0 441 548 493 689 656 204 410
object003 400 479 441 0 479 473 614 550 483 595
object004 502 604 548 479 0 434 573 524 555 724
object005 473 585 493 473 434 0 402 294 614 707
object006 670 798 689 614 573 402 0 190 765 864
object007 567 752 656 550 524 294 190 0 758 838
object008 266 446 204 483 555 614 765 758 0 524
object009 277 306 410 595 724 707 864 838 524 0
