0 384 479 687 90 628 454 146 449 318
384 0 205 368 342 286 310 450 142 350
479 205 0 474 411 391 381 481 195 368
687 368 474 0 544 81 544 723 341 549
90 342 411 544 0 535 346 135 353 216
628 286 391 81 535 0 482 638 203 501
454 310 381 544 346 482 0 521 319 355
146 450 481 723 135 638 521 0 482 305
449 142 195 341 353 203 319 482 0 362
318 350 368 549 216 501 355 305 362 0
