(object008:59.09273,((((object006:81.68613,object005:13.31387):5.04935,
object004:162.51118):19.02851,(object007:147.99248,((object009:99.17339,
object003:182.82661):173.32711,object001:7.50190):116.14374):90.69592):23.87297,
object002:16.57039):336.13751,object000:10.90727);
