     10
object000 0 189 251 287 100 319 154 369 428 522
object001 189 0 268 276 101 233 187 311 333 371
object002 251 268 0 101 181 177 205 422 436 531
object003 287 276 101 0 157 130 181 470 414 498
object004 100 101 181 157 0 254 103 353 325 421
object005 319 233 177 130 254 0 227 439 510 594
object006 154 187 205 181 103 227 0 362 365 488
object007 369 311 422 470 353 439 362 0 358 279
object008 428 333 436 414 325 510 365 358 0 471
object009 522 371 531 498 421 594 488 279 471 0
