     10
object000 0 603 357 952 581 409 459 602 70 849
object001 603 0 244 362 431 243 331 270 638 281
object002 357 244 0 601 204 83 141 289 421 525
object003 952 362 601 0 756 570 688 644 959 282
object004 581 431 204 756 0 181 249 425 639 669
object005 409 243 83 570 181 0 95 257 419 513
object006 459 331 141 688 249 95 0 357 543 603
object007 602 270 289 644 425 257 357 0 689 527
object008 70 638 421 959 639 419 543 689 0 864
object009 849 281 525 282 669 513 603 527 864 0
