     10
object000 0 286 245 275 272 367 289 341 293 250
object001 286 0 242 332 385 350 333 446 160 335
object002 245 242 0 346 352 255 301 379 294 396
object003 275 332 346 0 207 475 211 327 467 159
object004 272 385 352 207 0 481 223 307 374 268
object005 367 350 255 475 481 0 448 590 416 485
object006 289 333 301 211 223 448 0 202 379 222
object007 341 446 379 327 307 590 202 0 489 329
object008 293 160 294 467 374 416 379 489 0 417
object009 250 335 396 159 268 485 222 329 417 0
