0 191 416 415 452 410 276 499 369 436
191 0 337 336 373 331 197 420 290 357
416 337 0 355 392 174 230 439 125 376
415 336 355 0 43 349 229 218 308 155
452 373 392 43 0 386 266 255 345 192
410 331 174 349 386 0 224 433 127 370
276 197 230 229 266 224 0 313 183 250
499 420 439 218 255 433 313 0 392 169
369 290 125 308 345 127 183 392 0 329
436 357 376 155 192 370 250 169 329 0
