     10
object000 0 205 290 432 436 414 423 458 537 287
object001 205 0 226 382 415 268 371 360 427 129
object002 290 226 0 196 217 485 253 125 282 340
object003 432 382 196 0 391 525 374 342 439 426
object004 436 415 217 391 0 607 121 328 190 505
object005 414 268 485 525 607 0 594 563 690 167
object006 423 371 253 374 121 594 0 352 112 507
object007 458 360 125 342 328 563 352 0 407 474
object008 537 427 282 439 190 690 112 407 0 562
object009 287 129 340 426 505 167 507 474 562 0
