     10
object000 0 238 342 313 295 251 303 402 331 252
object001 238 0 299 290 212 144 278 319 310 107
object002 342 299 0 218 161 326 202 118 219 342
object003 313 290 218 0 126 355 180 259 258 330
object004 295 212 161 126 0 249 32 193 100 286
object005 251 144 326 355 249 0 317 374 347 147
object006 303 278 202 180 32 317 0 261 97 335
object007 402 319 118 259 193 374 261 0 263 390
object008 331 310 219 258 100 347 97 263 0 389
object009 252 107 342 330 286 147 335 390 389 0
