     10
object000 0 433 161 245 121 495 425 612 347 447
object001 433 0 294 295 415 262 152 499 296 234
object002 161 294 0 69 171 332 325 469 211 398
object003 245 295 69 0 212 397 394 590 312 442
object004 121 415 171 212 0 447 425 567 310 467
object005 495 262 332 397 447 0 217 559 376 217
object006 425 152 325 394 425 217 0 507 363 265
object007 612 499 469 590 567 559 507 0 543 582
object008 347 296 211 312 310 376 363 543 0 400
object009 447 234 398 442 467 217 265 582 400 0
