0 363 613 632 390 373 540 584 458 428
363 0 480 459 257 200 383 451 301 255
613 480 0 749 315 490 657 69 575 545
632 459 749 0 526 403 652 720 570 458
390 257 315 526 0 267 434 286 352 322
373 200 490 403 267 0 393 461 311 127
540 383 657 652 434 393 0 628 294 448
584 451 69 720 286 461 628 0 546 516
458 301 575 570 352 311 294 546 0 366
428 255 545 458 322 127 448 516 366 0
