0 266 326 207 288 341 210 303 220 184
266 0 204 219 300 353 450 543 370 424
326 204 0 279 360 413 510 603 430 484
207 219 279 0 147 200 391 484 311 365
288 300 360 147 0 65 472 565 392 446
341 353 413 200 65 0 525 618 445 499
210 450 510 391 472 525 0 475 404 172
303 543 603 484 565 618 475 0 497 449
220 370 430 311 392 445 404 497 0 378
184 424 484 365 446 499 172 449 378 0
