0 411 431 400 393 383 514 456 375 386
411 0 186 353 346 428 215 501 420 431
431 186 0 373 366 448 289 521 440 451
400 353 373 0 101 417 456 490 409 420
393 346 366 101 0 410 449 483 402 413
383 428 448 417 410 0 531 331 250 143
514 215 289 456 449 531 0 604 523 534
456 501 521 490 483 331 604 0 211 334
375 420 440 409 402 250 523 211 0 253
386 431 451 420 413 143 534 334 253 0
