(object009:148.63082,((((object008:70.72970,object005:52.27030):162.48898,
object004:159.11291):106.00484,(object006:130.40137,(object007:148.24886,
object001:9.75114):66.17571):5.86390):104.38250,(object003:0.90086,
object002:92.09914):90.87541):59.10855,object000:24.36918);
