(object004:94.74363,((object008:150.08274,(object001:92.92829,
object002:134.07171):39.49455):1.81664,((object009:56.87928,
object005:35.12072):41.68937,((object006:48.97395,object007:88.02605):25.50480,
object003:145.04979):59.98122):89.17834):50.41015,object000:102.25637);
