(((object008:68.03019,object007:160.96981):32.82261,(object009:68.84763,
object005:78.15237):62.05094):91.57020,((object004:51.93234,
object003:43.06766):118.79785,((object006:128.77672,object001:32.22328):55.40208,
object002:113.27847):97.01090):26.62360,object000:192.09547);
