((object003:90.36721,object001:45.63279):93.15640,((((object008:108.17401,
object007:103.82599):56.89402,(object009:164.83436,object006:0.00000):56.85322):59.05147,
object004:86.85589):92.00401,(object005:95.36075,object002:27.63925):73.96888):50.91490,object000:0.00000);
