     10
object000 0 443 514 187 473 320 379 667 474 709
object001 443 0 154 577 562 362 440 749 343 757
object002 514 154 0 638 599 403 477 869 375 820
object003 187 577 638 0 596 416 490 764 625 779
object004 473 562 599 596 0 242 100 464 580 501
object005 320 362 403 416 242 0 106 436 444 446
object006 379 440 477 490 100 106 0 302 493 392
object007 667 749 869 764 464 436 302 0 840 156
object008 474 343 375 625 580 444 493 840 0 861
object009 709 757 820 779 501 446 392 156 861 0
