     10
object000 0 285 488 285 413 564 348 299 170 331
object001 285 0 457 174 359 573 192 154 289 335
object002 488 457 0 465 212 217 551 513 483 191
object003 285 174 465 0 392 580 210 178 301 373
object004 413 359 212 392 0 289 458 411 427 111
object005 564 573 217 580 289 0 623 599 542 350
object006 348 192 551 210 458 623 0 144 350 471
object007 299 154 513 178 411 599 144 0 302 371
object008 170 289 483 301 427 542 350 302 0 352
object009 331 335 191 373 111 350 471 371 352 0
