     10
object000 0 446 384 412 438 595 253 519 455 210
object001 446 0 371 249 475 346 411 315 613 530
object002 384 371 0 451 553 552 427 568 572 512
object003 412 249 451 0 605 167 474 164 654 565
object004 438 475 553 605 0 717 309 684 265 555
object005 595 346 552 167 717 0 600 81 790 702
object006 253 411 427 474 309 600 0 591 390 411
object007 519 315 568 164 684 81 591 0 718 684
object008 455 613 572 654 265 790 390 718 0 624
object009 210 530 512 565 555 702 411 684 624 0
