     10
object000 0 371 439 389 389 417 538 432 423 427
object001 371 0 213 343 371 426 161 467 411 448
object002 439 213 0 368 352 502 277 513 457 456
object003 389 343 368 0 95 407 473 542 363 389
object004 389 371 352 95 0 418 462 492 398 429
object005 417 426 502 407 418 0 544 334 249 147
object006 538 161 277 473 462 544 0 550 495 563
object007 432 467 513 542 492 334 550 0 229 362
object008 423 411 457 363 398 249 495 229 0 213
object009 427 448 456 389 429 147 563 362 213 0
