     10
object000 0 350 210 239 329 431 479 472 466 323
object001 350 0 252 412 321 212 297 268 306 269
object002 210 252 0 271 214 256 375 409 444 230
object003 239 412 271 0 388 503 592 533 558 373
object004 329 321 214 388 0 344 386 403 394 124
object005 431 212 256 503 344 0 372 305 349 307
object006 479 297 375 592 386 372 0 361 343 387
object007 472 268 409 533 403 305 361 0 320 449
object008 466 306 444 558 394 349 343 320 0 406
object009 323 269 230 373 124 307 387 449 406 0
