     10
object000 0 360 376 396 262 499 211 377 498 428
object001 360 0 187 176 197 269 389 151 325 219
object002 376 187 0 100 210 167 347 177 363 251
object003 396 176 100 0 140 134 370 197 325 300
object004 262 197 210 140 0 270 248 132 354 219
object005 499 269 167 134 270 0 440 311 420 336
object006 211 389 347 370 248 440 0 381 495 448
object007 377 151 177 197 132 311 381 0 288 112
object008 498 325 363 325 354 420 495 288 0 333
object009 428 219 251 300 219 336 448 112 333 0
