((object008:24.66870,(object006:25.67731,(object007:31.07366,
object005:178.92634):39.53003):25.49623):98.60468,((object004:178.50283,
object001:44.49717):22.89904,((object009:116.10701,object003:24.89299):72.57333,
object002:124.84815):76.83719):87.76091,object000:354.35923);
