0 232 109 250 415 546 407 510 153 253
232 0 174 284 471 693 546 535 153 372
109 174 0 193 457 575 528 483 197 235
250 284 193 0 519 625 602 554 282 171
415 471 457 519 0 344 208 191 541 561
546 693 575 625 344 0 232 430 586 731
407 546 528 602 208 232 0 365 508 635
510 535 483 554 191 430 365 0 527 642
153 153 197 282 541 586 508 527 0 345
253 372 235 171 561 731 635 642 345 0
