     10
object000 0 235 310 436 282 336 208 323 318 384
object001 235 0 299 356 271 144 274 89 376 308
object002 310 299 0 73 85 370 266 416 469 191
object003 436 356 73 0 223 412 411 425 483 199
object004 282 271 85 223 0 334 303 357 457 38
object005 336 144 370 412 334 0 284 145 464 414
object006 208 274 266 411 303 284 0 310 129 346
object007 323 89 416 425 357 145 310 0 437 420
object008 318 376 469 483 457 464 129 437 0 461
object009 384 308 191 199 38 414 346 420 461 0
