     10
object000 0 246 274 179 455 557 311 428 535 173
object001 246 0 366 285 356 395 212 158 418 430
object002 274 366 0 93 535 581 427 532 654 376
object003 179 285 93 0 439 551 344 397 518 290
object004 455 356 535 439 0 369 411 498 398 573
object005 557 395 581 551 369 0 461 512 123 628
object006 311 212 427 344 411 461 0 331 475 438
object007 428 158 532 397 498 512 331 0 553 578
object008 535 418 654 518 398 123 475 553 0 642
object009 173 430 376 290 573 628 438 578 642 0
