0 406 166 190 239 385 293 340 266 210
406 0 447 250 510 91 512 527 511 429
166 447 0 275 188 449 210 261 184 156
190 250 275 0 337 232 385 390 430 318
239 510 188 337 0 507 317 303 285 68
385 91 449 232 507 0 509 499 522 410
293 512 210 385 317 509 0 229 318 273
340 527 261 390 303 499 229 0 361 282
266 511 184 430 285 522 318 361 0 235
210 429 156 318 68 410 273 282 235 0
