     10
object000 0 313 407 186 350 314 422 359 275 220
object001 313 0 260 437 262 250 355 264 338 434
object002 407 260 0 580 417 346 404 441 451 546
object003 186 437 580 0 563 506 515 543 416 214
object004 350 262 417 563 0 72 286 260 438 543
object005 314 250 346 506 72 0 206 233 408 456
object006 422 355 404 515 286 206 0 173 405 549
object007 359 264 441 543 260 233 173 0 421 576
object008 275 338 451 416 438 408 405 421 0 441
object009 220 434 546 214 543 456 549 576 441 0
