0 204 149 302 377 166 234 303 428 359
204 0 269 504 579 286 436 505 630 561
149 269 0 449 524 121 381 450 575 506
302 504 449 0 335 466 148 261 386 317
377 579 524 335 0 541 267 238 363 146
166 286 121 466 541 0 398 467 592 523
234 436 381 148 267 398 0 193 318 249
303 505 450 261 238 467 193 0 233 220
428 630 575 386 363 592 318 233 0 345
359 561 506 317 146 523 249 220 345 0
