     10
object000 0 410 183 206 435 303 363 345 311 211
object001 410 0 411 484 121 383 240 408 411 436
object002 183 411 0 183 405 333 349 364 350 197
object003 206 484 183 0 466 323 438 322 405 78
object004 435 121 405 466 0 408 233 409 422 436
object005 303 383 333 323 408 0 340 249 252 300
object006 363 240 349 438 233 340 0 314 403 410
object007 345 408 364 322 409 249 314 0 1 354
object008 311 411 350 405 422 252 403 1 0 349
object009 211 436 197 78 436 300 410 354 349 0
