     10
object000 0 389 399 476 452 398 310 341 240 436
object001 389 0 158 262 261 381 285 337 258 322
object002 399 158 0 223 314 382 318 344 235 231
object003 476 262 223 0 383 501 430 426 339 204
object004 452 261 314 383 0 486 377 453 299 380
object005 398 381 382 501 486 0 44 81 123 478
object006 310 285 318 430 377 44 0 60 85 422
object007 341 337 344 426 453 81 60 0 176 447
object008 240 258 235 339 299 123 85 176 0 399
object009 436 322 231 204 380 478 422 447 399 0
