     10
object000 0 352 191 205 96 463 361 500 260 520
object001 352 0 365 333 422 279 147 491 321 426
object002 191 365 0 105 280 390 353 482 302 514
object003 205 333 105 0 284 380 343 467 220 501
object004 96 422 280 284 0 443 390 464 272 587
object005 463 279 390 380 443 0 333 530 351 395
object006 361 147 353 343 390 333 0 465 313 407
object007 500 491 482 467 464 530 465 0 379 670
object008 260 321 302 220 272 351 313 379 0 397
object009 520 426 514 501 587 395 407 670 397 0
