0 411 67 361 276 351 120 522 322 539
411 0 442 290 401 212 429 405 412 393
67 442 0 509 408 439 37 636 367 545
361 290 509 0 452 290 500 327 445 339
276 401 408 452 0 340 382 513 67 574
351 212 439 290 340 0 452 438 393 429
120 429 37 500 382 452 0 668 416 660
522 405 636 327 513 438 668 0 550 215
322 412 367 445 67 393 416 550 0 570
539 393 545 339 574 429 660 215 570 0
