(object009:175.47483,((object006:94.11014,(object008:164.03472,
object004:100.96528):120.83781):52.33035,((((object007:33.41177,
object005:47.58823):94.14989,object003:30.95149):117.45506,
object001:88.33467):103.83713,object002:192.63472):69.37672):89.76741,object000:34.52517);
