     10
object000 0 269 275 167 240 268 497 410 342 154
object001 269 0 30 398 331 352 557 433 376 200
object002 275 30 0 353 267 287 522 443 324 210
object003 167 398 353 0 363 341 582 459 437 241
object004 240 331 267 363 0 307 579 467 380 198
object005 268 352 287 341 307 0 472 364 330 107
object006 497 557 522 582 579 472 0 340 274 421
object007 410 433 443 459 467 364 340 0 74 256
object008 342 376 324 437 380 330 274 74 0 219
object009 154 200 210 241 198 107 421 256 219 0
