0 500 643 140 186 606 473 305 662 357
500 0 380 566 434 286 421 671 321 466
643 380 0 707 493 496 498 756 529 550
140 566 707 0 200 605 505 151 640 400
186 434 493 200 0 465 340 369 537 219
606 286 496 605 465 0 428 771 148 503
473 421 498 505 340 428 0 569 496 321
305 671 756 151 369 771 569 0 831 509
662 321 529 640 537 148 496 831 0 556
357 466 550 400 219 503 321 509 556 0
