     10
object000 0 426 437 240 277 494 609 327 275 308
object001 426 0 288 386 481 314 438 566 499 498
object002 437 288 0 413 525 228 356 582 542 599
object003 240 386 413 0 373 450 549 343 361 338
object004 277 481 525 373 0 645 689 347 308 265
object005 494 314 228 450 645 0 180 660 610 618
object006 609 438 356 549 689 180 0 762 701 721
object007 327 566 582 343 347 660 762 0 245 287
object008 275 499 542 361 308 610 701 245 0 158
object009 308 498 599 338 265 618 721 287 158 0
