((object005:139.77546,object001:23.22454):12.72229,((object004:77.83634,
object003:140.16366):59.86835,(((object007:75.95839,(object009:45.20127,
object008:98.79873):105.84328):13.29187,object006:192.07429):64.30437,
object002:56.95469):148.55710):23.26942,object000:134.28303);
