0 499 487 527 492 442 381 512 575 534
499 0 146 186 51 391 574 289 524 483
487 146 0 90 139 379 562 277 512 471
527 186 90 0 179 419 602 317 552 511
492 51 139 179 0 384 567 282 517 476
442 391 379 419 384 0 517 404 163 202
381 574 562 602 567 517 0 587 650 609
512 289 277 317 282 404 587 0 537 496
575 524 512 552 517 163 650 537 0 335
534 483 471 511 476 202 609 496 335 0
