0 187 176 172 89 224 224 269 296 278 202 205 16 162 145 138 87 53 130
187 0 257 253 244 305 305 350 377 359 283 286 171 243 226 219 168 134 57
176 257 0 174 233 226 110 155 182 280 204 91 160 48 31 140 89 123 200
172 253 174 0 229 120 222 267 294 174 98 203 156 160 143 34 85 119 196
89 244 233 229 0 281 281 326 353 335 259 262 73 219 202 195 144 110 187
224 305 226 120 281 0 274 319 346 98 22 255 208 212 195 86 137 171 248
224 305 110 222 281 274 0 169 196 328 252 105 208 62 79 188 137 171 248
269 350 155 267 326 319 169 0 155 373 297 64 253 107 124 233 182 216 293
296 377 182 294 353 346 196 155 0 400 324 91 280 134 151 260 209 243 320
278 359 280 174 335 98 328 373 400 0 76 309 262 266 249 140 191 225 302
202 283 204 98 259 22 252 297 324 76 0 233 186 190 173 64 115 149 226
205 286 91 203 262 255 105 64 91 309 233 0 189 43 60 169 118 152 229
16 171 160 156 73 208 208 253 280 262 186 189 0 146 129 122 71 37 114
162 243 48 160 219 212 62 107 134 266 190 43 146 0 17 126 75 109 186
145 226 31 143 202 195 79 124 151 249 173 60 129 17 0 109 58 92 169
138 219 140 34 195 86 188 233 260 140 64 169 122 126 109 0 51 85 162
87 168 89 85 144 137 137 182 209 191 115 118 71 75 58 51 0 34 111
53 134 123 119 110 171 171 216 243 225 149 152 37 109 92 85 34 0 77
130 57 200 196 187 248 248 293 320 302 226 229 114 186 169 162 111 77 0
