0 356 328 334 306 316 196 363 305 300 269 264 199 119 96 227 186 318 227
356 0 492 152 470 480 314 527 263 258 87 222 157 237 260 391 350 482 391
328 492 0 470 262 272 332 55 441 436 405 400 335 255 232 183 142 10 101
334 152 470 0 448 458 292 505 241 236 65 200 135 215 238 369 328 460 369
306 470 262 448 0 168 310 297 419 414 383 378 313 233 210 79 120 252 161
316 480 272 458 168 0 320 307 429 424 393 388 323 243 220 89 130 262 171
196 314 332 292 310 320 0 367 263 258 227 222 157 77 100 231 190 322 231
363 527 55 505 297 307 367 0 476 471 440 435 370 290 267 218 177 45 136
305 263 441 241 419 429 263 476 0 77 176 41 106 186 209 340 299 431 340
300 258 436 236 414 424 258 471 77 0 171 36 101 181 204 335 294 426 335
269 87 405 65 383 393 227 440 176 171 0 135 70 150 173 304 263 395 304
264 222 400 200 378 388 222 435 41 36 135 0 65 145 168 299 258 390 299
199 157 335 135 313 323 157 370 106 101 70 65 0 80 103 234 193 325 234
119 237 255 215 233 243 77 290 186 181 150 145 80 0 23 154 113 245 154
96 260 232 238 210 220 100 267 209 204 173 168 103 23 0 131 90 222 131
227 391 183 369 79 89 231 218 340 335 304 299 234 154 131 0 41 173 82
186 350 142 328 120 130 190 177 299 294 263 258 193 113 90 41 0 132 41
318 482 10 460 252 262 322 45 431 426 395 390 325 245 222 173 132 0 91
227 391 101 369 161 171 231 136 340 335 304 299 234 154 131 82 41 91 0
