0 440 400 449 186 305 209 212 299 227 227 357 161 170 69 323 143 252 147
440 0 147 203 431 569 359 375 215 494 486 110 316 417 339 97 293 177 274
400 147 0 89 406 525 322 308 193 438 442 24 262 379 299 56 227 160 246
449 203 89 0 449 567 348 359 244 486 467 79 298 411 330 110 301 177 272
186 431 406 449 0 172 218 225 303 106 72 386 170 30 107 355 134 257 179
305 569 525 567 172 0 350 330 437 90 89 499 283 138 233 464 272 379 288
209 359 322 348 218 350 0 119 221 273 228 319 54 182 129 255 70 149 81
212 375 308 359 225 330 119 0 222 255 263 282 61 177 117 264 69 193 86
299 215 193 244 303 437 221 222 0 360 343 148 156 269 198 131 163 48 130
227 494 438 486 106 90 273 255 360 0 -2 407 199 66 137 382 198 302 211
227 486 442 467 72 89 228 263 343 -2 0 391 208 75 138 379 165 293 197
357 110 24 79 386 499 319 282 148 407 391 0 245 347 263 28 212 104 211
161 316 262 298 170 283 54 61 156 199 208 245 0 141 59 221 0 118 29
170 417 379 411 30 138 182 177 269 66 75 347 141 0 87 328 140 238 142
69 339 299 330 107 233 129 117 198 137 138 263 59 87 0 226 56 144 60
323 97 56 110 355 464 255 264 131 382 379 28 221 328 226 0 189 96 188
143 293 227 301 134 272 70 69 163 198 165 212 0 140 56 189 0 104 11
252 177 160 177 257 379 149 193 48 302 293 104 118 238 144 96 104 0 89
147 274 246 272 179 288 81 86 130 211 197 211 29 142 60 188 11 89 0
