0 207 121 177 190 286 179 334 185 215 112 266 170 160 137 63 85 115 192
207 0 202 258 227 323 216 371 72 252 193 303 207 47 174 144 122 152 229
121 202 0 74 185 281 174 329 180 210 9 261 165 155 132 58 80 110 187
177 258 74 0 241 337 230 385 236 266 65 317 221 211 188 114 136 166 243
190 227 185 241 0 136 95 184 205 175 176 116 20 180 53 127 105 75 152
286 323 281 337 136 0 191 88 301 271 272 20 116 276 149 223 201 171 248
179 216 174 230 95 191 0 239 194 164 165 171 75 169 42 116 94 64 141
334 371 329 385 184 88 239 0 349 319 320 68 164 324 197 271 249 219 296
185 72 180 236 205 301 194 349 0 230 171 281 185 25 152 122 100 130 207
215 252 210 266 175 271 164 319 230 0 201 251 155 205 122 152 130 100 23
112 193 9 65 176 272 165 320 171 201 0 252 156 146 123 49 71 101 178
266 303 261 317 116 20 171 68 281 251 252 0 96 256 129 203 181 151 228
170 207 165 221 20 116 75 164 185 155 156 96 0 160 33 107 85 55 132
160 47 155 211 180 276 169 324 25 205 146 256 160 0 127 97 75 105 182
137 174 132 188 53 149 42 197 152 122 123 129 33 127 0 74 52 22 99
63 144 58 114 127 223 116 271 122 152 49 203 107 97 74 0 22 52 129
85 122 80 136 105 201 94 249 100 130 71 181 85 75 52 22 0 30 107
115 152 110 166 75 171 64 219 130 100 101 151 55 105 22 52 30 0 77
192 229 187 243 152 248 141 296 207 23 178 228 132 182 99 129 107 77 0
