0 293 303 167 251 145 263 305 268 328 270 232 155 173 71 129 199 263 223
293 0 58 223 373 201 412 192 416 476 408 373 230 308 216 182 104 29 101
303 58 0 191 394 211 384 205 400 468 380 354 213 309 214 177 106 18 85
167 223 191 0 247 -2 251 204 259 306 260 220 8 141 57 34 104 185 129
251 373 394 247 0 232 55 393 187 149 70 43 251 88 169 212 272 362 290
145 201 211 -2 232 0 274 219 252 335 256 218 5 157 86 23 104 190 140
263 412 384 251 55 274 0 389 201 75 4 40 246 100 194 250 300 369 330
305 192 205 204 393 219 389 0 382 442 393 353 209 272 209 187 108 187 133
268 416 400 259 187 252 201 382 0 271 195 158 238 93 169 213 284 374 327
328 476 468 306 149 335 75 442 271 0 79 124 309 170 245 264 370 439 375
270 408 380 260 70 256 4 393 195 79 0 34 233 100 198 219 286 374 337
232 373 354 220 43 218 40 353 158 124 34 0 216 43 124 201 253 329 292
155 230 213 8 251 5 246 209 238 309 233 216 0 150 79 32 100 188 139
173 308 309 141 88 157 100 272 93 170 100 43 150 0 87 126 209 273 237
71 216 214 57 169 86 194 209 169 245 198 124 79 87 0 19 120 187 138
129 182 177 34 212 23 250 187 213 264 219 201 32 126 19 0 81 162 97
199 104 106 104 272 104 300 108 284 370 286 253 100 209 120 81 0 76 32
263 29 18 185 362 190 369 187 374 439 374 329 188 273 187 162 76 0 51
223 101 85 129 290 140 330 133 327 375 337 292 139 237 138 97 32 51 0
