0 139 155 217 180 219 335 85 390 102 146 314 200 79 163 39 110 21 62
139 0 277 213 269 173 288 204 344 214 244 257 160 191 97 154 38 122 84
155 277 0 364 26 347 467 161 518 119 2 425 335 95 286 99 218 154 181
217 213 364 0 374 160 263 328 328 305 340 250 138 289 73 254 163 215 186
180 269 26 374 0 366 454 180 535 117 3 437 339 93 300 131 225 151 196
219 173 347 160 366 0 144 292 211 284 345 97 24 251 80 239 135 191 182
335 288 467 263 454 144 0 412 148 405 454 35 130 380 185 346 222 320 274
85 204 161 328 180 292 412 0 477 119 165 366 273 89 193 60 163 84 117
390 344 518 328 535 211 148 477 0 462 513 82 189 448 250 398 286 372 343
102 214 119 305 117 284 405 119 462 0 105 395 283 31 211 68 172 108 128
146 244 2 340 3 345 454 165 513 105 0 425 335 81 289 122 218 148 143
314 257 425 250 437 97 35 366 82 395 425 0 99 335 151 305 212 280 244
200 160 335 138 339 24 130 273 189 283 335 99 0 248 33 201 118 189 148
79 191 95 289 93 251 380 89 448 31 81 335 248 0 186 47 133 55 95
163 97 286 73 300 80 185 193 250 211 289 151 33 186 0 162 66 134 103
39 154 99 254 131 239 346 60 398 68 122 305 201 47 162 0 122 26 63
110 38 218 163 225 135 222 163 286 172 218 212 118 133 66 122 0 94 27
21 122 154 215 151 191 320 84 372 108 148 280 189 55 134 26 94 0 35
62 84 181 186 196 182 274 117 343 128 143 244 148 95 103 63 27 35 0
