0 162 175 292 241 272 253 283 142 136 177 94 222 87 159 127 94 70 55
162 0 125 298 227 260 241 270 124 119 162 35 189 83 146 95 96 57 120
175 125 0 326 268 274 289 292 166 149 187 75 228 103 175 143 105 103 133
292 298 326 0 343 347 341 167 221 281 257 238 100 232 225 201 191 219 259
241 227 268 343 0 190 204 286 130 205 98 169 230 162 87 118 128 160 194
272 260 274 347 190 0 174 317 169 236 94 204 248 171 112 134 144 165 234
253 241 289 341 204 174 0 303 159 227 109 192 248 178 109 123 136 168 201
283 270 292 167 286 317 303 0 193 252 232 230 67 203 211 182 175 204 214
142 124 166 221 130 169 159 193 0 118 62 81 138 68 50 18 35 62 111
136 119 149 281 205 236 227 252 118 0 151 69 178 49 114 95 97 63 82
177 162 187 257 98 94 109 232 62 151 0 106 164 90 5 52 58 88 123
94 35 75 238 169 204 192 230 81 69 106 0 142 26 87 57 44 38 63
222 189 228 100 230 248 248 67 138 178 164 142 0 128 158 125 90 132 154
87 83 103 232 162 171 178 203 68 49 90 26 128 0 63 59 33 9 27
159 146 175 225 87 112 109 211 50 114 5 87 158 63 0 36 47 68 102
127 95 143 201 118 134 123 182 18 95 52 57 125 59 36 0 25 58 93
94 96 105 191 128 144 136 175 35 97 58 44 90 33 47 25 0 15 64
70 57 103 219 160 165 168 204 62 63 88 38 132 9 68 58 15 0 24
55 120 133 259 194 234 201 214 111 82 123 63 154 27 102 93 64 24 0
