0 196 178 536 231 373 397 487 453 500 167 429 438 371 84 341 132 261 207
196 0 28 602 268 424 447 547 493 537 26 495 491 431 110 390 191 321 259
178 28 0 558 252 382 440 514 471 538 15 470 475 389 111 373 177 288 228
536 602 558 0 468 378 268 127 221 276 549 237 104 151 471 188 391 294 350
231 268 252 468 0 281 310 429 358 426 240 370 364 288 160 270 76 170 140
373 424 382 378 281 0 234 352 284 336 384 291 285 224 268 175 199 89 176
397 447 440 268 310 234 0 221 184 247 438 177 181 116 332 64 255 150 190
487 547 514 127 429 352 221 0 184 226 529 182 53 120 409 157 328 245 275
453 493 471 221 358 284 184 184 0 53 461 1 145 79 364 109 287 194 224
500 537 538 276 426 336 247 226 53 0 520 55 191 110 413 145 350 243 295
167 26 15 549 240 384 438 529 461 520 0 469 463 416 110 379 171 279 212
429 495 470 237 370 291 177 182 1 55 469 0 113 69 372 102 297 205 245
438 491 475 104 364 285 181 53 145 191 463 113 0 79 350 120 292 186 264
371 431 389 151 288 224 116 120 79 110 416 69 79 0 295 41 229 138 172
84 110 111 471 160 268 332 409 364 413 110 372 350 295 0 273 67 172 143
341 390 373 188 270 175 64 157 109 145 379 102 120 41 273 0 192 97 151
132 191 177 391 76 199 255 328 287 350 171 297 292 229 67 192 0 103 51
261 321 288 294 170 89 150 245 194 243 279 205 186 138 172 97 103 0 61
207 259 228 350 140 176 190 275 224 295 212 245 264 172 143 151 51 61 0
