     19
object000 0 324 396 392 392 135 99 141 279 74 309 45 316 43 274 22 204 53 135
object001 324 0 178 85 181 416 353 422 181 291 89 331 6 324 58 309 118 266 195
object002 396 178 0 236 147 445 392 460 259 353 71 376 164 362 96 369 182 332 266
object003 392 85 236 0 225 462 407 469 220 340 151 367 67 376 97 373 167 343 258
object004 392 181 147 225 0 471 411 470 243 332 74 377 184 396 124 364 172 338 254
object005 135 416 445 462 471 0 115 191 352 150 394 84 411 77 377 112 293 141 219
object006 99 353 392 407 411 115 0 136 325 87 337 25 342 41 288 39 245 78 160
object007 141 422 460 469 470 191 136 0 351 133 390 91 414 103 353 103 299 133 206
object008 279 181 259 220 243 352 325 351 0 239 177 279 172 266 119 279 63 247 142
object009 74 291 353 340 332 150 87 133 239 0 269 63 299 61 235 36 176 -8 98
object010 309 89 71 151 74 394 337 390 177 269 0 312 91 290 41 291 102 275 184
object011 45 331 376 367 377 84 25 91 279 63 312 0 315 15 276 1 199 38 114
object012 316 6 164 67 184 411 342 414 172 299 91 315 0 322 56 298 126 286 174
object013 43 324 362 376 396 77 41 103 266 61 290 15 322 0 248 9 187 50 125
object014 274 58 96 97 124 377 288 353 119 235 41 276 56 248 0 226 65 224 144
object015 22 309 369 373 364 112 39 103 279 36 291 1 298 9 226 0 192 23 86
object016 204 118 182 167 172 293 245 299 63 176 102 199 126 187 65 192 0 165 96
object017 53 266 332 343 338 141 78 133 247 -8 275 38 286 50 224 23 165 0 78
object018 135 195 266 258 254 219 160 206 142 98 184 114 174 125 144 86 96 78 0
