0 155 323 284 294 237 210 312 218 350 274 231 276 141 140 130 85 186 155
155 0 308 157 279 112 195 185 113 223 147 104 261 14 15 25 70 171 140
323 308 0 437 65 390 161 465 371 503 427 384 47 294 293 283 238 137 168
284 157 437 0 408 241 324 134 242 172 96 53 390 143 144 154 199 300 269
294 279 65 408 0 361 132 436 342 474 398 355 18 265 264 254 209 108 139
237 112 390 241 361 0 277 269 195 307 231 188 343 98 97 107 152 253 222
210 195 161 324 132 277 0 352 258 390 314 271 114 181 180 170 125 24 55
312 185 465 134 436 269 352 0 270 114 38 81 418 171 172 182 227 328 297
218 113 371 242 342 195 258 270 0 308 232 189 324 99 98 88 133 234 203
350 223 503 172 474 307 390 114 308 0 76 119 456 209 210 220 265 366 335
274 147 427 96 398 231 314 38 232 76 0 43 380 133 134 144 189 290 259
231 104 384 53 355 188 271 81 189 119 43 0 337 90 91 101 146 247 216
276 261 47 390 18 343 114 418 324 456 380 337 0 247 246 236 191 90 121
141 14 294 143 265 98 181 171 99 209 133 90 247 0 1 11 56 157 126
140 15 293 144 264 97 180 172 98 210 134 91 246 1 0 10 55 156 125
130 25 283 154 254 107 170 182 88 220 144 101 236 11 10 0 45 146 115
85 70 238 199 209 152 125 227 133 265 189 146 191 56 55 45 0 101 70
186 171 137 300 108 253 24 328 234 366 290 247 90 157 156 146 101 0 31
155 140 168 269 139 222 55 297 203 335 259 216 121 126 125 115 70 31 0
