0 232 85 196 220 187 244 213 198 267 192 175 125 90 15 212 135 48 20
232 0 250 351 378 328 367 155 312 60 341 298 278 236 206 12 85 182 191
85 250 0 237 279 213 251 247 231 283 231 198 171 139 84 245 171 81 83
196 351 237 0 180 192 160 332 135 382 131 115 90 100 179 347 281 184 192
220 378 279 180 0 207 88 360 86 418 47 105 93 120 217 377 289 191 208
187 328 213 192 207 0 202 297 171 342 157 143 117 76 149 297 225 134 154
244 367 251 160 88 202 0 361 83 396 28 61 101 124 226 361 269 190 202
213 155 247 332 360 297 361 0 327 185 310 288 261 252 200 172 62 175 179
198 312 231 135 86 171 83 327 0 357 53 16 49 98 156 327 244 146 158
267 60 283 382 418 342 396 185 357 0 359 343 306 275 237 35 113 208 236
192 341 231 131 47 157 28 310 53 359 0 34 61 96 139 314 232 160 167
175 298 198 115 105 143 61 288 16 343 34 0 30 70 142 320 216 121 132
125 278 171 90 93 117 101 261 49 306 61 30 0 11 103 271 208 79 98
90 236 139 100 120 76 124 252 98 275 96 70 11 0 70 245 156 59 72
15 206 84 179 217 149 226 200 156 237 139 142 103 70 0 192 114 21 -11
212 12 245 347 377 297 361 172 327 35 314 320 271 245 192 0 85 174 162
135 85 171 281 289 225 269 62 244 113 232 216 208 156 114 85 0 91 102
48 182 81 184 191 134 190 175 146 208 160 121 79 59 21 174 91 0 5
20 191 83 192 208 154 202 179 158 236 167 132 98 72 -11 162 102 5 0
