0 174 240 116 358 308 366 376 308 415 365 328 22 292 220 225 165 114 155
174 0 186 246 304 254 312 322 254 361 311 274 152 238 166 171 111 60 19
240 186 0 312 268 218 276 286 98 325 275 238 218 202 130 15 75 126 167
116 246 312 0 430 380 438 448 380 487 437 400 94 364 292 297 237 186 227
358 304 268 430 0 226 140 150 336 189 139 102 336 66 138 253 193 244 285
308 254 218 380 226 0 234 244 286 283 233 196 286 160 88 203 143 194 235
366 312 276 438 140 234 0 86 344 125 75 38 344 74 146 261 201 252 293
376 322 286 448 150 244 86 0 354 61 11 48 354 84 156 271 211 262 303
308 254 98 380 336 286 344 354 0 393 343 306 286 270 198 83 143 194 235
415 361 325 487 189 283 125 61 393 0 50 87 393 123 195 310 250 301 342
365 311 275 437 139 233 75 11 343 50 0 37 343 73 145 260 200 251 292
328 274 238 400 102 196 38 48 306 87 37 0 306 36 108 223 163 214 255
22 152 218 94 336 286 344 354 286 393 343 306 0 270 198 203 143 92 133
292 238 202 364 66 160 74 84 270 123 73 36 270 0 72 187 127 178 219
220 166 130 292 138 88 146 156 198 195 145 108 198 72 0 115 55 106 147
225 171 15 297 253 203 261 271 83 310 260 223 203 187 115 0 60 111 152
165 111 75 237 193 143 201 211 143 250 200 163 143 127 55 60 0 51 92
114 60 126 186 244 194 252 262 194 301 251 214 92 178 106 111 51 0 41
155 19 167 227 285 235 293 303 235 342 292 255 133 219 147 152 92 41 0
