0 257 170 181 200 118 228 299 306 315 63 239 253 189 137 117 164 226 223
257 0 193 149 219 268 238 111 98 120 222 62 39 205 135 153 133 42 30
170 193 0 73 112 180 135 204 190 237 116 163 145 91 38 31 60 138 159
181 149 73 0 125 185 149 179 180 194 130 112 117 142 55 50 43 104 109
200 219 112 125 0 223 57 247 253 282 159 215 196 35 52 72 78 179 181
118 268 180 185 223 0 248 291 329 333 62 286 255 195 149 125 181 247 225
228 238 135 149 57 248 0 272 259 288 192 214 209 43 82 111 118 181 213
299 111 204 179 247 291 272 0 74 149 241 40 75 225 163 176 158 75 77
306 98 190 180 253 329 259 74 0 162 241 42 88 253 163 149 167 66 73
315 120 237 194 282 333 288 149 162 0 285 111 81 261 198 179 155 90 93
63 222 116 130 159 62 192 241 241 285 0 187 179 127 78 71 109 170 185
239 62 163 112 215 286 214 40 42 111 187 0 22 175 118 137 105 14 12
253 39 145 117 196 255 209 75 88 81 179 22 0 170 98 101 80 2 13
189 205 91 142 35 195 43 225 253 261 127 175 170 0 53 41 67 159 160
137 135 38 55 52 149 82 163 163 198 78 118 98 53 0 -5 32 104 101
117 153 31 50 72 125 111 176 149 179 71 137 101 41 -5 0 20 109 107
164 133 60 43 78 181 118 158 167 155 109 105 80 67 32 20 0 98 82
226 42 138 104 179 247 181 75 66 90 170 14 2 159 104 109 98 0 -11
223 30 159 109 181 225 213 77 73 93 185 12 13 160 101 107 82 -11 0
