0 226 467 192 372 330 485 471 128 542 87 438 451 162 285 365 275 179 260
226 0 335 94 240 198 353 339 180 410 139 306 319 64 153 233 143 47 128
467 335 0 335 289 247 76 208 421 279 380 29 188 305 202 102 192 288 207
192 94 335 0 240 198 353 339 146 410 105 306 319 30 153 233 143 47 128
372 240 289 240 0 132 307 293 326 364 285 260 273 210 87 187 97 193 112
330 198 247 198 132 0 265 251 284 322 243 218 231 168 45 145 55 151 70
485 353 76 353 307 265 0 226 439 297 398 47 206 323 220 120 210 306 225
471 339 208 339 293 251 226 0 425 111 384 179 20 309 206 106 196 292 211
128 180 421 146 326 284 439 425 0 496 41 392 405 116 239 319 229 133 214
542 410 279 410 364 322 297 111 496 0 455 250 91 380 277 177 267 363 282
87 139 380 105 285 243 398 384 41 455 0 351 364 75 198 278 188 92 173
438 306 29 306 260 218 47 179 392 250 351 0 159 276 173 73 163 259 178
451 319 188 319 273 231 206 20 405 91 364 159 0 289 186 86 176 272 191
162 64 305 30 210 168 323 309 116 380 75 276 289 0 123 203 113 17 98
285 153 202 153 87 45 220 206 239 277 198 173 186 123 0 100 10 106 25
365 233 102 233 187 145 120 106 319 177 278 73 86 203 100 0 90 186 105
275 143 192 143 97 55 210 196 229 267 188 163 176 113 10 90 0 96 15
179 47 288 47 193 151 306 292 133 363 92 259 272 17 106 186 96 0 81
260 128 207 128 112 70 225 211 214 282 173 178 191 98 25 105 15 81 0
