0 244 184 201 163 166 252 208 268 273 163 204 124 107 30 140 105 136 136
244 0 374 398 339 185 244 417 187 265 95 184 142 128 230 351 320 351 337
184 374 0 136 67 281 381 80 398 383 298 322 265 245 145 84 50 22 32
201 398 136 0 44 319 398 178 403 430 312 364 296 276 168 55 77 137 68
163 339 67 44 0 265 361 151 368 368 257 314 229 235 124 -4 31 71 28
166 185 281 319 265 0 202 350 193 212 101 139 71 51 143 272 238 274 253
252 244 381 398 361 202 0 430 227 146 131 59 129 158 243 352 336 358 359
208 417 80 178 151 350 430 0 435 462 331 377 310 288 201 125 108 58 99
268 187 398 403 368 193 227 435 0 270 72 194 111 161 240 370 340 360 348
273 265 383 430 368 212 146 462 270 0 163 94 133 182 246 384 327 389 363
163 95 298 312 257 101 131 331 72 163 0 104 10 34 132 252 236 269 251
204 184 322 364 314 139 59 377 194 94 104 0 72 82 173 294 268 312 296
124 142 265 296 229 71 129 310 111 133 10 72 0 11 130 232 209 257 224
107 128 245 276 235 51 158 288 161 182 34 82 11 0 93 227 184 211 195
30 230 145 168 124 143 243 201 240 246 132 173 130 93 0 124 123 146 107
140 351 84 55 -4 272 352 125 370 384 252 294 232 227 124 0 34 71 21
105 320 50 77 31 238 336 108 340 327 236 268 209 184 123 34 0 35 16
136 351 22 137 71 274 358 58 360 389 269 312 257 211 146 71 35 0 11
136 337 32 68 28 253 359 99 348 363 251 296 224 195 107 21 16 11 0
