0 348 83 255 348 477 407 136 471 483 81 112 326 424 407 342 296 217 142
348 0 293 173 14 215 179 275 198 236 271 237 17 194 150 99 33 124 182
83 293 0 196 286 416 345 83 391 435 3 61 261 363 375 315 236 167 99
255 173 196 0 170 317 257 161 279 300 177 162 147 271 245 174 123 32 108
348 14 286 170 0 225 168 262 198 228 263 231 17 178 150 70 33 127 192
477 215 416 317 225 0 215 380 100 132 401 351 201 107 71 138 157 265 335
407 179 345 257 168 215 0 334 174 204 369 318 148 157 137 64 137 189 258
136 275 83 161 262 380 334 0 371 401 54 30 235 342 321 274 211 126 78
471 198 391 279 198 100 174 371 0 90 381 347 184 34 44 110 155 253 306
483 236 435 300 228 132 204 401 90 0 413 386 236 49 57 149 211 264 318
81 271 3 177 263 401 369 54 381 413 0 62 249 372 337 275 242 126 98
112 237 61 162 231 351 318 30 347 386 62 0 196 329 305 233 200 111 48
326 17 261 147 17 201 148 235 184 236 249 196 0 158 135 81 31 104 144
424 194 363 271 178 107 157 342 34 49 372 329 158 0 18 74 131 216 291
407 150 375 245 150 71 137 321 44 57 337 305 135 18 0 61 109 198 252
342 99 315 174 70 138 64 274 110 149 275 233 81 74 61 0 44 126 190
296 33 236 123 33 157 137 211 155 211 242 200 31 131 109 44 0 83 131
217 124 167 32 127 265 189 126 253 264 126 111 104 216 198 126 83 0 70
142 182 99 108 192 335 258 78 306 318 98 48 144 291 252 190 131 70 0
