0 71 211 261 261 299 122 285 122 56 250 73 247 78 204 11 22 160 137
71 0 246 317 328 372 174 340 49 34 287 -10 303 8 254 71 88 217 177
211 246 0 124 109 156 267 128 263 243 123 231 107 248 77 166 168 33 61
261 317 124 0 84 79 324 140 358 323 84 315 6 317 52 249 223 102 146
261 328 109 84 0 136 316 67 327 290 12 312 88 294 51 224 206 89 146
299 372 156 79 136 0 370 177 394 350 131 360 70 353 96 309 260 148 193
122 174 267 324 316 370 0 353 221 172 336 186 322 183 278 123 105 211 203
285 340 128 140 67 177 353 0 376 355 51 332 122 344 109 269 255 127 176
122 49 263 358 327 394 221 376 0 44 334 38 337 46 281 103 120 254 198
56 34 243 323 290 350 172 355 44 0 281 27 290 0 246 68 82 211 164
250 287 123 84 12 131 336 51 334 281 0 282 78 285 45 246 199 70 110
73 -10 231 315 312 360 186 332 38 27 282 0 290 5 271 45 74 189 167
247 303 107 6 88 70 322 122 337 290 78 290 0 305 35 237 215 75 120
78 8 248 317 294 353 183 344 46 0 285 5 305 0 248 42 80 198 173
204 254 77 52 51 96 278 109 281 246 45 271 35 248 0 198 178 38 71
11 71 166 249 224 309 123 269 103 68 246 45 237 42 198 0 13 137 97
22 88 168 223 206 260 105 255 120 82 199 74 215 80 178 13 0 124 89
160 217 33 102 89 148 211 127 254 211 70 189 75 198 38 137 124 0 45
137 177 61 146 146 193 203 176 198 164 110 167 120 173 71 97 89 45 0
