0 349 392 317 290 219 265 217 275 285 200 270 176 73 207 330 134 248 166
349 0 109 523 507 288 477 292 481 119 393 492 383 271 246 37 230 89 184
392 109 0 601 581 366 558 335 555 144 463 539 432 353 332 95 268 164 240
317 523 601 0 88 426 272 385 254 463 187 81 169 262 355 505 327 446 356
290 507 581 88 0 396 234 398 253 480 156 51 162 252 384 502 326 432 358
219 288 366 426 396 0 351 64 359 221 270 340 262 142 4 257 84 216 108
265 477 558 272 234 351 0 330 173 394 69 168 96 182 308 435 264 385 297
217 292 335 385 398 64 330 0 340 219 276 363 232 140 36 264 73 199 100
275 481 555 254 253 359 173 340 0 427 85 213 128 215 333 424 281 405 317
285 119 144 463 480 221 394 219 427 0 341 416 314 212 193 67 142 10 105
200 393 463 187 156 270 69 276 85 341 0 112 22 121 253 359 202 313 215
270 492 539 81 51 340 168 363 213 416 112 0 111 203 323 462 267 386 292
176 383 432 169 162 262 96 232 128 314 22 111 0 96 225 346 177 294 197
73 271 353 262 252 142 182 140 215 212 121 203 96 0 122 233 63 199 111
207 246 332 355 384 4 308 36 333 193 253 323 225 122 0 221 57 168 73
330 37 95 505 502 257 435 264 424 67 359 462 346 233 221 0 166 56 146
134 230 268 327 326 84 264 73 281 142 202 267 177 63 57 166 0 120 16
248 89 164 446 432 216 385 199 405 10 313 386 294 199 168 56 120 0 80
166 184 240 356 358 108 297 100 317 105 215 292 197 111 73 146 16 80 0
