0 297 137 271 179 148 148 186 187 354 139 128 112 58 285 98 208 123 193
297 0 298 123 167 317 329 187 273 104 154 278 288 232 40 192 89 138 95
137 298 0 263 196 56 66 217 213 371 169 60 40 89 270 125 228 154 214
271 123 263 0 137 269 265 146 227 192 91 255 225 191 121 148 53 121 33
179 167 196 137 0 192 198 94 152 258 31 185 173 111 163 79 95 34 89
148 317 56 269 192 0 31 226 205 390 176 7 12 78 295 116 234 172 218
148 329 66 265 198 31 0 225 221 396 172 23 49 82 281 147 243 174 234
186 187 217 146 94 226 225 0 195 267 65 215 190 136 200 93 120 52 115
187 273 213 227 152 205 221 195 0 355 158 209 176 118 278 95 183 136 176
354 104 371 192 258 390 396 267 355 0 222 377 359 297 88 263 148 225 161
139 154 169 91 31 176 172 65 158 222 0 153 151 87 127 59 93 -7 62
128 278 60 255 185 7 23 215 209 377 153 0 6 65 288 113 207 156 212
112 288 40 225 173 12 49 190 176 359 151 6 0 56 251 83 196 127 201
58 232 89 191 111 78 82 136 118 297 87 65 56 0 217 44 142 91 138
285 40 270 121 163 295 281 200 278 88 127 288 251 217 0 199 80 146 55
98 192 125 148 79 116 147 93 95 263 59 113 83 44 199 0 108 42 94
208 89 228 53 95 234 243 120 183 148 93 207 196 142 80 108 0 72 2
123 138 154 121 34 172 174 52 136 225 -7 156 127 91 146 42 72 0 68
193 95 214 33 89 218 234 115 176 161 62 212 201 138 55 94 2 68 0
