0 351 352 333 148 108 189 243 273 195 94 283 142 74 48 253 97 209 173
351 0 196 164 405 355 326 352 217 438 323 120 291 343 299 85 252 142 169
352 196 0 115 437 381 335 368 262 439 353 63 291 344 313 134 261 180 154
333 164 115 0 404 338 323 344 218 401 347 39 264 320 283 78 218 146 128
148 405 437 404 0 132 256 292 355 170 95 353 209 88 99 297 169 269 253
108 355 381 338 132 0 213 250 313 122 31 307 176 43 63 286 130 214 212
189 326 335 323 256 213 0 140 252 283 175 247 40 166 133 214 106 185 185
243 352 368 344 292 250 140 0 308 317 243 278 84 217 196 268 127 219 221
273 217 262 218 355 313 252 308 0 369 301 169 218 273 232 131 174 95 103
195 438 439 401 170 122 283 317 369 0 104 374 225 98 139 343 188 288 293
94 323 353 347 95 31 175 243 301 104 0 264 146 16 46 236 108 176 187
283 120 63 39 353 307 247 278 169 374 264 0 200 261 232 46 180 95 107
142 291 291 264 209 176 40 84 218 225 146 200 0 150 86 196 54 104 131
74 343 344 320 88 43 166 217 273 98 16 261 150 0 20 218 87 172 179
48 299 313 283 99 63 133 196 232 139 46 232 86 20 0 193 54 155 136
253 85 134 78 297 286 214 268 131 343 236 46 196 218 193 0 108 46 72
97 252 261 218 169 130 106 127 174 188 108 180 54 87 54 108 0 87 62
209 142 180 146 269 214 185 219 95 288 176 95 104 172 155 46 87 0 6
173 169 154 128 253 212 185 221 103 293 187 107 131 179 136 72 62 6 0
