0 220 241 220 237 274 262 333 114 168 277 236 190 53 153 225 192 133 146
220 0 114 194 208 218 208 305 245 86 221 184 46 171 87 179 172 87 85
241 114 0 218 229 258 224 334 280 116 273 214 56 209 112 190 186 142 129
220 194 218 0 68 77 25 144 263 125 53 12 136 192 109 15 26 86 96
237 208 229 68 0 120 108 193 281 131 118 65 164 204 118 80 48 104 115
274 218 258 77 120 0 67 118 327 181 14 30 198 265 163 70 84 153 147
262 208 224 25 108 67 0 146 303 162 62 21 165 225 141 28 81 129 120
333 305 334 144 193 118 146 0 388 259 106 136 266 332 227 134 147 220 221
114 245 280 263 281 327 303 388 0 199 301 271 218 56 148 250 235 166 177
168 86 116 125 131 181 162 259 199 0 174 131 58 133 5 125 109 3 36
277 221 273 53 118 14 62 106 301 174 0 36 222 209 161 37 55 129 136
236 184 214 12 65 30 21 136 271 131 36 0 159 197 109 -1 25 108 89
190 46 56 136 164 198 165 266 218 58 222 159 0 126 47 131 132 68 38
53 171 209 192 204 265 225 332 56 133 209 197 126 0 103 190 151 87 116
153 87 112 109 118 163 141 227 148 5 161 109 47 103 0 99 91 2 22
225 179 190 15 80 70 28 134 250 125 37 -1 131 190 99 0 17 87 79
192 172 186 26 48 84 81 147 235 109 55 25 132 151 91 17 0 76 43
133 87 142 86 104 153 129 220 166 3 129 108 68 87 2 87 76 0 10
146 85 129 96 115 147 120 221 177 36 136 89 38 116 22 79 43 10 0
