0 142 433 127 396 362 376 255 349 265 362 79 296 247 265 127 209 278 289
142 0 326 159 284 276 277 159 210 160 238 78 175 156 139 33 98 146 174
433 326 0 441 320 85 304 191 344 297 79 361 218 184 297 309 243 187 151
127 159 441 0 404 378 386 280 326 286 371 67 282 266 279 136 201 255 277
396 284 320 404 0 270 192 127 292 249 247 321 89 113 241 249 197 129 160
362 276 85 378 270 0 247 115 305 241 32 307 161 108 235 251 163 135 100
376 277 304 386 192 247 0 123 291 243 228 323 89 107 249 248 161 143 184
255 159 191 280 127 115 123 0 176 139 117 193 32 4 113 133 49 3 52
349 210 344 326 292 305 291 176 0 57 269 239 207 161 54 179 131 166 189
265 160 297 286 249 241 243 139 57 0 217 196 141 101 2 127 62 117 155
362 238 79 371 247 32 228 117 269 217 0 286 154 102 218 233 150 101 85
79 78 361 67 321 307 323 193 239 196 286 0 214 191 182 66 115 195 221
296 175 218 282 89 161 89 32 207 141 154 214 0 36 160 187 81 48 83
247 156 184 266 113 108 107 4 161 101 102 191 36 0 112 132 62 19 34
265 139 297 279 241 235 249 113 54 2 218 182 160 112 0 134 82 97 150
127 33 309 136 249 251 248 133 179 127 233 66 187 132 134 0 79 138 156
209 98 243 201 197 163 161 49 131 62 150 115 81 62 82 79 0 48 89
278 146 187 255 129 135 143 3 166 117 101 195 48 19 97 138 48 0 37
289 174 151 277 160 100 184 52 189 155 85 221 83 34 150 156 89 37 0
