0 265 409 263 260 501 257 246 327 326 404 242 197 193 308 177 92 142 225
265 0 490 174 341 582 338 327 408 237 485 153 278 274 389 88 173 223 306
409 490 0 488 385 102 382 371 120 551 5 467 322 318 101 402 317 267 184
263 174 488 0 339 580 336 325 406 105 483 21 276 272 387 86 171 221 304
260 341 385 339 0 477 123 120 303 402 380 318 63 67 284 253 168 118 201
501 582 102 580 477 0 474 463 212 643 97 559 414 410 193 494 409 359 276
257 338 382 336 123 474 0 117 300 399 377 315 60 64 281 250 165 115 198
246 327 371 325 120 463 117 0 289 388 366 304 57 53 270 239 154 104 187
327 408 120 406 303 212 300 289 0 469 115 385 240 236 19 320 235 185 102
326 237 551 105 402 643 399 388 469 0 546 84 339 335 450 149 234 284 367
404 485 5 483 380 97 377 366 115 546 0 462 317 313 96 397 312 262 179
242 153 467 21 318 559 315 304 385 84 462 0 255 251 366 65 150 200 283
197 278 322 276 63 414 60 57 240 339 317 255 0 4 221 190 105 55 138
193 274 318 272 67 410 64 53 236 335 313 251 4 0 217 186 101 51 134
308 389 101 387 284 193 281 270 19 450 96 366 221 217 0 301 216 166 83
177 88 402 86 253 494 250 239 320 149 397 65 190 186 301 0 85 135 218
92 173 317 171 168 409 165 154 235 234 312 150 105 101 216 85 0 50 133
142 223 267 221 118 359 115 104 185 284 262 200 55 51 166 135 50 0 83
225 306 184 304 201 276 198 187 102 367 179 283 138 134 83 218 133 83 0
