((object014:0.00000,((object015:0.00000,object006:0.00000):2.08617,
(((object017:0.00000,(((object012:0.00000,object009:92.00132):2.35023,
object001:12.64986):42.76840,(object018:0.00000,(((object010:5.91261,
object008:70.08739):5.76094,object005:20.04416):23.43464,
(object011:0.00000,object002:92.97485):6.68039):34.38480):63.84926):4.55358):73.06184,
object016:0.00000):2.24657,(object013:5.41674,(object004:31.70045,
object003:40.29955):4.78285):48.31459):43.32751):12.56239):13.93205,
object007:77.57440,object000:33.42560);
