0 240 168 195 145 158 254 215 252 272 153 197 130 107 18 143 117 152 129
240 0 372 399 349 184 234 419 186 252 87 177 110 133 222 347 321 356 333
168 372 0 129 79 290 386 79 384 404 285 329 262 239 150 77 51 16 39
195 399 129 0 54 317 413 176 411 431 312 356 289 266 177 52 78 113 90
145 349 79 54 0 267 363 126 361 381 262 306 239 216 127 2 28 63 40
158 184 290 317 267 0 198 337 196 216 97 141 74 51 140 265 239 274 251
254 234 386 413 363 198 0 433 246 132 147 57 124 147 236 361 335 370 347
215 419 79 176 126 337 433 0 431 451 332 376 309 286 197 124 98 63 86
252 186 384 411 361 196 246 431 0 264 99 189 122 145 234 359 333 368 345
272 252 404 431 381 216 132 451 264 0 165 75 142 165 254 379 353 388 365
153 87 285 312 262 97 147 332 99 165 0 90 23 46 135 260 234 269 246
197 177 329 356 306 141 57 376 189 75 90 0 67 90 179 304 278 313 290
130 110 262 289 239 74 124 309 122 142 23 67 0 23 112 237 211 246 223
107 133 239 266 216 51 147 286 145 165 46 90 23 0 89 214 188 223 200
18 222 150 177 127 140 236 197 234 254 135 179 112 89 0 125 99 134 111
143 347 77 52 2 265 361 124 359 379 260 304 237 214 125 0 26 61 38
117 321 51 78 28 239 335 98 333 353 234 278 211 188 99 26 0 35 12
152 356 16 113 63 274 370 63 368 388 269 313 246 223 134 61 35 0 23
129 333 39 90 40 251 347 86 345 365 246 290 223 200 111 38 12 23 0
