0 137 174 146 120 176 19 251 132 232 41 122 13 -4 152 136 89 92 61
137 0 295 283 256 306 130 366 146 354 66 231 118 124 277 233 238 206 191
174 295 0 117 140 146 209 214 304 238 229 72 183 183 160 113 111 92 109
146 283 117 0 103 147 185 198 267 204 185 47 156 135 116 98 75 46 97
120 256 140 103 0 57 169 153 266 156 167 65 132 146 89 10 38 50 58
176 306 146 147 57 0 190 204 291 188 217 110 192 183 133 43 81 84 115
19 130 209 185 169 190 0 262 152 250 56 124 29 9 165 151 133 124 80
251 366 214 198 153 204 262 0 319 150 279 142 241 223 71 135 122 147 171
132 146 304 267 266 291 152 319 0 352 70 218 110 108 256 247 218 219 188
232 354 238 204 156 188 250 150 352 0 281 157 223 232 82 143 127 137 160
41 66 229 185 167 217 56 279 70 281 0 154 35 29 204 185 144 135 91
122 231 72 47 65 110 124 142 218 157 154 0 130 108 86 25 25 12 45
13 118 183 156 132 192 29 241 110 223 35 130 0 -14 167 120 115 98 47
-4 124 183 135 146 183 9 223 108 232 29 108 -14 0 144 132 115 87 60
152 277 160 116 89 133 165 71 256 82 204 86 167 144 0 72 45 66 95
136 233 113 98 10 43 151 135 247 143 185 25 120 132 72 0 36 39 64
89 238 111 75 38 81 133 122 218 127 144 25 115 115 45 36 0 19 36
92 206 92 46 50 84 124 147 219 137 135 12 98 87 66 39 19 0 39
61 191 109 97 58 115 80 171 188 160 91 45 47 60 95 64 36 39 0
