0 400 438 377 422 316 233 397 163 215 345 283 324 317 88 300 199 142 190
400 0 197 243 199 178 294 154 428 362 122 144 108 112 333 143 226 286 358
438 197 0 274 178 207 295 167 458 364 100 162 82 120 344 161 240 302 367
377 243 274 0 276 125 245 234 392 353 173 110 173 154 324 113 223 262 318
422 199 178 276 0 209 310 148 475 382 102 159 97 100 331 165 261 307 354
316 178 207 125 209 0 210 165 357 266 89 14 113 89 266 51 151 194 258
233 294 295 245 310 210 0 270 247 163 215 158 199 192 163 135 45 108 157
397 154 167 234 148 165 270 0 410 335 52 134 53 81 325 111 219 266 322
163 428 458 392 475 357 247 410 0 248 356 328 345 344 72 299 223 170 214
215 362 364 353 382 266 163 335 248 0 296 258 256 251 156 234 144 82 8
345 122 100 173 102 89 215 52 356 296 0 77 12 14 266 60 158 201 255
283 144 162 110 159 14 158 134 328 258 77 0 74 57 213 23 121 149 225
324 108 82 173 97 113 199 53 345 256 12 74 0 8 255 48 150 198 263
317 112 120 154 100 89 192 81 344 251 14 57 8 0 256 51 144 191 248
88 333 344 324 331 266 163 325 72 156 266 213 255 256 0 204 90 54 136
300 143 161 113 165 51 135 111 299 234 60 23 48 51 204 0 100 132 222
199 226 240 223 261 151 45 219 223 144 158 121 150 144 90 100 0 53 121
142 286 302 262 307 194 108 266 170 82 201 149 198 191 54 132 53 0 75
190 358 367 318 354 258 157 322 214 8 255 225 263 248 136 222 121 75 0
