0 293 185 272 287 290 297 374 246 347 303 228 217 212 198 156 177 161 98
293 0 164 160 262 274 260 272 151 274 206 136 129 179 164 140 91 121 201
185 164 0 157 119 167 117 274 132 243 189 133 123 65 48 6 87 51 98
272 160 157 0 236 225 228 164 31 138 90 16 25 176 141 136 69 106 150
287 262 119 236 0 148 187 352 224 318 287 210 226 58 95 88 177 142 204
290 274 167 225 148 0 189 361 228 328 293 225 226 75 103 109 177 144 215
297 260 117 228 187 189 0 355 214 332 294 203 197 126 109 112 175 130 184
374 272 274 164 352 361 355 0 152 131 76 142 144 303 276 260 187 225 277
246 151 132 31 224 228 214 152 0 128 82 6 2 165 129 114 64 88 158
347 274 243 138 318 328 332 131 128 0 47 115 112 268 228 210 173 189 265
303 206 189 90 287 293 294 76 82 47 0 83 66 225 191 175 114 153 210
228 136 133 16 210 225 203 142 6 115 83 0 7 138 116 114 46 87 130
217 129 123 25 226 226 197 144 2 112 66 7 0 139 127 99 47 72 135
212 179 65 176 58 75 126 303 165 268 225 138 139 0 34 35 111 65 124
198 164 48 141 95 103 109 276 129 228 191 116 127 34 0 34 61 31 107
156 140 6 136 88 109 112 260 114 210 175 114 99 35 34 0 57 21 72
177 91 87 69 177 177 175 187 64 173 114 46 47 111 61 57 0 35 103
161 121 51 106 142 144 130 225 88 189 153 87 72 65 31 21 35 0 75
98 201 98 150 204 215 184 277 158 265 210 130 135 124 107 72 103 75 0
