0 216 248 339 380 419 93 242 364 244 215 366 38 338 192 124 174 267 189
216 0 216 307 348 387 233 210 332 30 1 334 178 306 160 92 142 235 157
248 216 0 239 280 319 265 106 264 244 215 266 210 238 56 124 74 167 89
339 307 239 0 43 82 356 233 169 335 306 29 301 1 183 215 165 72 150
380 348 280 43 0 67 397 274 210 376 347 14 342 42 224 256 206 113 191
419 387 319 82 67 0 436 313 249 415 386 53 381 81 263 295 245 152 230
93 233 265 356 397 436 0 259 381 261 232 383 55 355 209 141 191 284 206
242 210 106 233 274 313 259 0 258 238 209 260 204 232 50 118 68 161 83
364 332 264 169 210 249 381 258 0 360 331 196 326 168 208 240 190 97 175
244 30 244 335 376 415 261 238 360 0 29 362 206 334 188 120 170 263 185
215 1 215 306 347 386 232 209 331 29 0 333 177 305 159 91 141 234 156
366 334 266 29 14 53 383 260 196 362 333 0 328 28 210 242 192 99 177
38 178 210 301 342 381 55 204 326 206 177 328 0 300 154 86 136 229 151
338 306 238 1 42 81 355 232 168 334 305 28 300 0 182 214 164 71 149
192 160 56 183 224 263 209 50 208 188 159 210 154 182 0 68 18 111 33
124 92 124 215 256 295 141 118 240 120 91 242 86 214 68 0 50 143 65
174 142 74 165 206 245 191 68 190 170 141 192 136 164 18 50 0 93 15
267 235 167 72 113 152 284 161 97 263 234 99 229 71 111 143 93 0 78
189 157 89 150 191 230 206 83 175 185 156 177 151 149 33 65 15 78 0
