0 178 233 122 361 298 366 380 301 427 361 349 17 284 240 215 165 107 153
178 0 190 242 284 235 285 314 245 354 316 283 147 239 164 160 107 77 9
233 190 0 321 264 218 261 300 103 356 276 244 202 207 116 4 70 115 175
122 242 321 0 420 386 440 446 396 490 433 400 94 360 292 304 245 190 224
361 284 264 420 0 227 139 158 340 176 154 97 340 57 145 263 190 236 284
298 235 218 386 227 0 230 252 286 292 217 196 296 146 80 215 145 184 237
366 285 261 440 139 230 0 93 364 140 67 43 352 85 154 272 206 257 281
380 314 300 446 158 252 93 0 358 54 14 37 329 94 153 278 215 249 298
301 245 103 396 340 286 364 358 0 397 336 305 283 255 206 97 141 200 247
427 354 356 490 176 292 140 54 397 0 64 64 381 126 189 291 253 305 347
361 316 276 433 154 217 67 14 336 64 0 23 340 72 153 267 196 260 298
349 283 244 400 97 196 43 37 305 64 23 0 303 26 92 217 140 225 249
17 147 202 94 340 296 352 329 283 381 340 303 0 260 209 202 141 110 131
284 239 207 360 57 146 85 94 255 126 72 26 260 0 57 183 138 168 232
240 164 116 292 145 80 154 153 206 189 153 92 209 57 0 110 61 102 129
215 160 4 304 263 215 272 278 97 291 267 217 202 183 110 0 36 105 156
165 107 70 245 190 145 206 215 141 253 196 140 141 138 61 36 0 92 74
107 77 115 190 236 184 257 249 200 305 260 225 110 168 102 105 92 0 34
153 9 175 224 284 237 281 298 247 347 298 249 131 232 129 156 74 34 0
