0 310 196 198 128 335 195 245 230 310 261 183 233 141 61 154 15 168 84
310 0 481 500 403 316 451 235 83 335 244 438 71 409 338 141 308 161 217
196 481 0 61 219 496 161 425 397 484 411 21 388 86 124 320 189 336 252
198 500 61 0 210 503 162 413 395 499 429 29 386 69 159 335 185 323 274
128 403 219 210 0 402 200 347 335 396 330 190 311 149 76 255 102 254 179
335 316 496 503 402 0 489 261 261 143 76 456 230 406 347 179 322 165 237
195 451 161 162 200 489 0 435 412 482 411 117 394 61 145 318 181 315 244
245 235 425 413 347 261 435 0 171 248 196 387 165 332 269 93 230 106 168
230 83 397 395 335 261 412 171 0 231 180 380 9 332 244 80 231 88 152
310 335 484 499 396 143 482 248 231 0 75 447 237 406 334 159 293 158 223
261 244 411 429 330 76 411 196 180 75 0 381 168 337 277 101 225 91 173
183 438 21 29 190 456 117 387 380 447 381 0 356 47 120 284 146 286 220
233 71 388 386 311 230 394 165 9 237 168 356 0 331 225 69 210 68 140
141 409 86 69 149 406 61 332 332 406 337 47 331 0 67 253 124 244 187
61 338 124 159 76 347 145 269 244 334 277 120 225 67 0 185 41 153 136
154 141 320 335 255 179 318 93 80 159 101 284 69 253 185 0 149 -3 74
15 308 189 185 102 322 181 230 231 293 225 146 210 124 41 149 0 133 90
168 161 336 323 254 165 315 106 88 158 91 286 68 244 153 -3 133 0 42
84 217 252 274 179 237 244 168 152 223 173 220 140 187 136 74 90 42 0
