0 154 285 104 150 113 144 197 303 206 137 130 86 244 97 57 60 79 146
154 0 319 64 190 147 178 237 337 100 177 24 120 278 57 97 94 113 180
285 319 0 269 321 240 271 368 100 371 308 295 213 41 262 228 225 206 139
104 64 269 0 140 97 128 187 287 116 127 40 70 228 7 47 44 63 130
150 190 321 140 0 149 180 73 339 242 13 166 122 280 133 93 96 115 182
113 147 240 97 149 0 85 196 258 199 136 123 27 199 90 56 53 34 101
144 178 271 128 180 85 0 227 289 230 167 154 58 230 121 87 84 65 132
197 237 368 187 73 196 227 0 386 289 60 213 169 327 180 140 143 162 229
303 337 100 287 339 258 289 386 0 389 326 313 231 59 280 246 243 224 157
206 100 371 116 242 199 230 289 389 0 229 76 172 330 109 149 146 165 232
137 177 308 127 13 136 167 60 326 229 0 153 109 267 120 80 83 102 169
130 24 295 40 166 123 154 213 313 76 153 0 96 254 33 73 70 89 156
86 120 213 70 122 27 58 169 231 172 109 96 0 172 63 29 26 7 74
244 278 41 228 280 199 230 327 59 330 267 254 172 0 221 187 184 165 98
97 57 262 7 133 90 121 180 280 109 120 33 63 221 0 40 37 56 123
57 97 228 47 93 56 87 140 246 149 80 73 29 187 40 0 3 22 89
60 94 225 44 96 53 84 143 243 146 83 70 26 184 37 3 0 19 86
79 113 206 63 115 34 65 162 224 165 102 89 7 165 56 22 19 0 67
146 180 139 130 182 101 132 229 157 232 169 156 74 98 123 89 86 67 0
