0 234 167 200 108 135 232 218 149 218 93 192 87 33 183 60 148 84 126
234 0 255 127 230 307 431 383 294 105 216 362 276 203 56 198 75 157 110
167 255 0 216 71 213 364 338 205 264 63 280 192 127 211 116 182 91 150
200 127 216 0 167 251 357 324 240 114 138 301 217 166 63 146 22 123 61
108 230 71 167 0 168 299 265 179 216 11 256 125 84 171 73 105 47 95
135 307 213 251 168 0 182 149 221 290 161 151 44 84 258 121 220 124 189
232 431 364 357 299 182 0 53 317 404 307 56 164 206 360 224 326 250 293
218 383 338 324 265 149 53 0 271 377 264 14 120 168 341 178 287 221 261
149 294 205 240 179 221 317 271 0 261 156 272 170 122 246 112 202 139 166
218 105 264 114 216 290 404 377 261 0 197 367 258 211 45 171 95 176 109
93 216 63 138 11 161 307 264 156 197 0 232 126 81 160 66 118 25 118
192 362 280 301 256 151 56 14 272 367 232 0 108 160 302 170 259 208 245
87 276 192 217 125 44 164 120 170 258 126 108 0 66 202 58 177 101 152
33 203 127 166 84 84 206 168 122 211 81 160 66 0 156 17 121 46 101
183 56 211 63 171 258 360 341 246 45 160 302 202 156 0 145 32 109 69
60 198 116 146 73 121 224 178 112 171 66 170 58 17 145 0 105 12 62
148 75 182 22 105 220 326 287 202 95 118 259 177 121 32 105 0 93 29
84 157 91 123 47 124 250 221 139 176 25 208 101 46 109 12 93 0 55
126 110 150 61 95 189 293 261 166 109 118 245 152 101 69 62 29 55 0
