0 393 328 271 275 326 396 233 322 126 332 288 203 269 266 184 92 88 -5
393 0 336 430 136 121 387 381 349 376 329 105 379 247 134 213 287 324 386
328 336 0 350 225 258 50 310 156 315 -2 232 300 81 205 129 225 269 320
271 430 350 0 286 344 401 69 369 237 369 308 51 281 280 232 153 184 236
275 136 225 286 0 64 252 264 221 266 208 50 219 123 6 92 158 218 254
326 121 258 344 64 0 309 328 263 288 249 13 281 189 55 117 201 237 307
396 387 50 401 252 309 0 356 197 360 43 299 350 137 242 184 275 298 380
233 381 310 69 264 328 356 0 325 216 312 299 28 253 264 201 134 149 221
322 349 156 369 221 263 197 325 0 317 145 235 296 77 212 130 243 264 333
126 376 315 237 266 288 360 216 317 0 302 266 184 241 249 185 77 57 110
332 329 -2 369 208 249 43 312 145 302 0 234 306 56 181 127 218 245 316
288 105 232 308 50 13 299 299 235 266 234 0 267 175 29 109 205 225 297
203 379 300 51 219 281 350 28 296 184 306 267 0 222 228 173 67 134 212
269 247 81 281 123 189 137 253 77 241 56 175 222 0 131 61 138 181 248
266 134 205 280 6 55 242 264 212 249 181 29 228 131 0 62 153 200 269
184 213 129 232 92 117 184 201 130 185 127 109 173 61 62 0 93 104 195
92 287 225 153 158 201 275 134 243 77 218 205 67 138 153 93 0 36 97
88 324 269 184 218 237 298 149 264 57 245 225 134 181 200 104 36 0 63
-5 386 320 236 254 307 380 221 333 110 316 297 212 248 269 195 97 63 0
