0 276 194 181 229 74 238 86 301 161 148 133 251 69 41 152 11 102 73
276 0 140 443 481 341 302 327 50 227 392 190 7 328 279 106 255 178 173
194 140 0 351 383 264 207 251 162 162 307 98 119 236 199 43 174 79 98
181 443 351 0 120 152 382 132 449 327 55 272 416 120 132 313 174 258 248
229 481 383 120 0 224 430 187 493 379 95 341 479 148 214 366 207 311 295
74 341 264 152 224 0 290 77 356 229 137 175 308 49 17 227 71 175 139
238 302 207 382 430 290 0 309 294 121 337 110 273 285 260 160 199 118 139
86 327 251 132 187 77 309 0 353 235 76 182 288 33 46 212 77 145 130
301 50 162 449 493 356 294 353 0 250 431 216 44 318 320 134 273 192 205
161 227 162 327 379 229 121 235 250 0 291 23 213 208 195 118 171 60 90
148 392 307 55 95 137 337 76 431 291 0 262 369 79 99 270 113 214 203
133 190 98 272 341 175 110 182 216 23 262 0 158 193 171 76 121 20 30
251 7 119 416 479 308 273 288 44 213 369 158 0 311 277 108 245 143 183
69 328 236 120 148 49 285 33 318 208 79 193 311 0 3 208 44 160 122
41 279 199 132 214 17 260 46 320 195 99 171 277 3 0 179 12 129 109
152 106 43 313 366 227 160 212 134 118 270 76 108 208 179 0 147 48 89
11 255 174 174 207 71 199 77 273 171 113 121 245 44 12 147 0 99 73
102 178 79 258 311 175 118 145 192 60 214 20 143 160 129 48 99 0 0
73 173 98 248 295 139 139 130 205 90 203 30 183 122 109 89 73 0 0
