0 195 206 197 182 299 205 139 266 230 194 161 147 192 125 116 124 74 82
195 0 164 218 211 248 217 151 189 238 135 101 157 199 49 125 120 90 105
206 164 0 285 247 232 240 199 181 269 112 69 208 222 93 174 162 134 138
197 218 285 0 199 347 169 115 284 227 246 180 105 195 166 96 102 129 139
182 211 247 199 0 307 178 88 263 49 217 173 103 2 134 79 88 95 119
299 248 232 347 307 0 311 260 130 345 89 126 262 298 178 253 237 211 221
205 217 240 169 178 311 0 51 266 203 211 173 40 151 126 61 73 95 101
139 151 199 115 88 260 51 0 218 135 146 106 -3 108 69 33 15 54 57
266 189 181 284 263 130 266 218 0 293 47 93 195 275 118 202 180 183 163
230 238 269 227 49 345 203 135 293 0 259 198 167 41 171 118 98 131 152
194 135 112 246 217 89 211 146 47 259 0 48 139 217 73 137 136 115 127
161 101 69 180 173 126 173 106 93 198 48 0 108 167 16 99 86 57 58
147 157 208 105 103 262 40 -3 195 167 139 108 0 118 70 15 36 62 67
192 199 222 195 2 298 151 108 275 41 217 167 118 0 125 94 78 105 123
125 49 93 166 134 178 126 69 118 171 73 16 70 125 0 57 57 23 46
116 125 174 96 79 253 61 33 202 118 137 99 15 94 57 0 7 28 42
124 120 162 102 88 237 73 15 180 98 136 86 36 78 57 7 0 29 27
74 90 134 129 95 211 95 54 183 131 115 57 62 105 23 28 29 0 10
82 105 138 139 119 221 101 57 163 152 127 58 67 123 46 42 27 10 0
