0 105 174 184 162 253 196 146 255 166 158 180 140 90 11 98 52 64 76
105 0 257 267 245 336 279 229 338 249 241 263 223 173 94 181 135 147 159
174 257 0 162 232 231 90 192 149 236 52 158 34 160 163 76 122 110 122
184 267 162 0 242 77 184 202 243 246 146 4 128 170 173 86 132 120 132
162 245 232 242 0 311 254 204 313 148 216 238 198 72 151 156 110 122 134
253 336 231 77 311 0 253 271 312 315 215 73 197 239 242 155 201 189 201
196 279 90 184 254 253 0 214 135 258 38 180 56 182 185 98 144 132 144
146 229 192 202 204 271 214 0 273 208 176 198 158 132 135 116 94 82 70
255 338 149 243 313 312 135 273 0 317 97 239 115 241 244 157 203 191 203
166 249 236 246 148 315 258 208 317 0 220 242 202 76 155 160 114 126 138
158 241 52 146 216 215 38 176 97 220 0 142 18 144 147 60 106 94 106
180 263 158 4 238 73 180 198 239 242 142 0 124 166 169 82 128 116 128
140 223 34 128 198 197 56 158 115 202 18 124 0 126 129 42 88 76 88
90 173 160 170 72 239 182 132 241 76 144 166 126 0 79 84 38 50 62
11 94 163 173 151 242 185 135 244 155 147 169 129 79 0 87 41 53 65
98 181 76 86 156 155 98 116 157 160 60 82 42 84 87 0 46 34 46
52 135 122 132 110 201 144 94 203 114 106 128 88 38 41 46 0 12 24
64 147 110 120 122 189 132 82 191 126 94 116 76 50 53 34 12 0 12
76 159 122 132 134 201 144 70 203 138 106 128 88 62 65 46 24 12 0
