0 193 268 229 291 198 127 291 197 106 179 239 166 129 170 88 132 69 82
193 0 108 44 197 210 157 203 208 116 11 150 187 146 11 131 48 98 104
268 108 0 148 269 269 231 250 300 200 119 202 248 212 77 202 118 183 174
229 44 148 0 253 262 205 239 262 171 45 194 236 177 79 171 74 171 148
291 197 269 253 0 322 240 102 315 235 188 47 300 251 187 214 150 216 207
198 210 269 262 322 0 77 291 45 108 212 256 34 59 182 83 142 113 122
127 157 231 205 240 77 0 244 57 44 142 204 27 0 142 37 115 33 90
291 203 250 239 102 291 244 0 294 213 196 67 256 262 159 220 143 201 207
197 208 300 262 315 45 57 294 0 90 216 243 27 37 201 81 161 107 117
106 116 200 171 235 108 44 213 90 0 117 182 69 37 101 -8 84 26 37
179 11 119 45 188 212 142 196 216 117 0 134 182 149 2 109 43 89 109
239 150 202 194 47 256 204 67 243 182 134 0 229 189 135 182 90 157 161
166 187 248 236 300 34 27 256 27 69 182 229 0 32 157 41 144 66 87
129 146 212 177 251 59 0 262 37 37 149 189 32 0 132 20 98 51 63
170 11 77 79 187 182 142 159 201 101 2 135 157 132 0 106 23 85 96
88 131 202 171 214 83 37 220 81 -8 109 182 41 20 106 0 78 26 22
132 48 118 74 150 142 115 143 161 84 43 90 144 98 23 78 0 56 58
69 98 183 171 216 113 33 201 107 26 89 157 66 51 85 26 56 0 23
82 104 174 148 207 122 90 207 117 37 109 161 87 63 96 22 58 23 0
