0 344 108 161 101 394 316 63 247 217 291 43 263 64 232 52 220 82 184
344 0 301 403 365 198 149 307 140 166 125 313 98 286 95 294 149 287 181
108 301 0 133 106 331 299 48 188 163 242 57 216 40 191 31 166 19 111
161 403 133 0 168 413 364 98 302 261 325 91 294 87 280 96 252 114 212
101 365 106 168 0 397 331 76 239 232 332 72 259 50 235 86 209 81 180
394 198 331 413 397 0 78 318 176 180 75 328 99 342 128 311 168 304 196
316 149 299 364 331 78 0 272 103 111 23 257 51 275 120 263 142 246 163
63 307 48 98 76 318 272 0 186 170 248 -20 228 6 165 17 156 31 142
247 140 188 302 239 176 103 186 0 43 89 199 43 209 9 183 34 175 91
217 166 163 261 232 180 111 170 43 0 107 163 83 159 24 162 9 137 39
291 125 242 325 332 75 23 248 89 107 0 243 35 249 75 243 89 219 134
43 313 57 91 72 328 257 -20 199 163 243 0 200 -9 184 -12 167 21 125
263 98 216 294 259 99 51 228 43 83 35 200 0 211 25 205 55 196 92
64 286 40 87 50 342 275 6 209 159 249 -9 211 0 195 -3 166 44 112
232 95 191 280 235 128 120 165 9 24 75 184 25 195 0 200 22 164 90
52 294 31 96 86 311 263 17 183 162 243 -12 205 -3 200 0 154 9 98
220 149 166 252 209 168 142 156 34 9 89 167 55 166 22 154 0 127 36
82 287 19 114 81 304 246 31 175 137 219 21 196 44 164 9 127 0 87
184 181 111 212 180 196 163 142 91 39 134 125 92 112 90 98 36 87 0
