0 131 161 236 171 220 338 103 391 109 156 300 204 81 144 47 90 17 48
131 0 258 187 268 171 289 200 342 206 253 251 155 178 95 144 41 114 83
161 258 0 363 20 347 465 170 518 108 5 427 331 80 271 114 217 144 175
236 187 363 0 373 168 286 305 339 311 358 248 152 283 92 249 146 219 188
171 268 20 373 0 357 475 180 528 118 15 437 341 90 281 124 227 154 185
220 171 347 168 357 0 150 289 203 295 342 112 16 267 76 233 130 203 172
338 289 465 286 475 150 0 407 129 413 460 38 134 385 194 351 248 321 290
103 200 170 305 180 289 407 0 460 118 165 369 273 90 213 56 159 86 117
391 342 518 339 528 203 129 460 0 466 513 91 187 438 247 404 301 374 343
109 206 108 311 118 295 413 118 466 0 103 375 279 28 219 62 165 92 123
156 253 5 358 15 342 460 165 513 103 0 422 326 75 266 109 212 139 170
300 251 427 248 437 112 38 369 91 375 422 0 96 347 156 313 210 283 252
204 155 331 152 341 16 134 273 187 279 326 96 0 251 60 217 114 187 156
81 178 80 283 90 267 385 90 438 28 75 347 251 0 191 34 137 64 95
144 95 271 92 281 76 194 213 247 219 266 156 60 191 0 157 54 127 96
47 144 114 249 124 233 351 56 404 62 109 313 217 34 157 0 103 30 61
90 41 217 146 227 130 248 159 301 165 212 210 114 137 54 103 0 73 42
17 114 144 219 154 203 321 86 374 92 139 283 187 64 127 30 73 0 31
48 83 175 188 185 172 290 117 343 123 170 252 156 95 96 61 42 31 0
