0 227 244 459 517 378 57 203 317 162 147 422 49 167 122 344 157 267 173
227 0 227 442 500 361 186 186 300 95 80 405 178 150 105 327 140 250 156
244 227 0 389 447 308 203 113 247 162 147 352 195 77 122 274 87 197 103
459 442 389 0 132 149 418 348 242 377 362 37 410 312 337 115 302 192 286
517 500 447 132 0 207 476 406 300 435 420 95 468 370 395 173 360 250 344
378 361 308 149 207 0 337 267 161 296 281 112 329 231 256 34 221 111 205
57 186 203 418 476 337 0 162 276 121 106 381 8 126 81 303 116 226 132
203 186 113 348 406 267 162 0 206 121 106 311 154 36 81 233 46 156 62
317 300 247 242 300 161 276 206 0 235 220 205 268 170 195 127 160 50 144
162 95 162 377 435 296 121 121 235 0 15 340 113 85 40 262 75 185 91
147 80 147 362 420 281 106 106 220 15 0 325 98 70 25 247 60 170 76
422 405 352 37 95 112 381 311 205 340 325 0 373 275 300 78 265 155 249
49 178 195 410 468 329 8 154 268 113 98 373 0 118 73 295 108 218 124
167 150 77 312 370 231 126 36 170 85 70 275 118 0 45 197 10 120 26
122 105 122 337 395 256 81 81 195 40 25 300 73 45 0 222 35 145 51
344 327 274 115 173 34 303 233 127 262 247 78 295 197 222 0 187 77 171
157 140 87 302 360 221 116 46 160 75 60 265 108 10 35 187 0 110 16
267 250 197 192 250 111 226 156 50 185 170 155 218 120 145 77 110 0 94
173 156 103 286 344 205 132 62 144 91 76 249 124 26 51 171 16 94 0
