0 223 100 294 338 372 347 444 292 380 356 60 320 292 297 152 279 210 267
223 0 203 213 257 291 266 363 211 299 275 163 239 211 216 71 198 129 186
100 203 0 274 318 352 327 424 272 360 336 40 300 272 277 132 259 190 247
294 213 274 0 74 108 57 180 166 116 92 234 56 2 33 142 15 84 27
338 257 318 74 0 116 127 188 210 124 100 278 64 72 41 186 59 128 71
372 291 352 108 116 0 161 176 244 112 88 312 52 106 75 220 93 162 105
347 266 327 57 127 161 0 233 219 169 145 287 109 55 86 195 68 137 80
444 363 424 180 188 176 233 0 316 112 88 384 124 178 147 292 165 234 177
292 211 272 166 210 244 219 316 0 252 228 232 192 164 169 140 151 82 139
380 299 360 116 124 112 169 112 252 0 24 320 60 114 83 228 101 170 113
356 275 336 92 100 88 145 88 228 24 0 296 36 90 59 204 77 146 89
60 163 40 234 278 312 287 384 232 320 296 0 260 232 237 92 219 150 207
320 239 300 56 64 52 109 124 192 60 36 260 0 54 23 168 41 110 53
292 211 272 2 72 106 55 178 164 114 90 232 54 0 31 140 13 82 25
297 216 277 33 41 75 86 147 169 83 59 237 23 31 0 145 18 87 30
152 71 132 142 186 220 195 292 140 228 204 92 168 140 145 0 127 58 115
279 198 259 15 59 93 68 165 151 101 77 219 41 13 18 127 0 69 12
210 129 190 84 128 162 137 234 82 170 146 150 110 82 87 58 69 0 57
267 186 247 27 71 105 80 177 139 113 89 207 53 25 30 115 12 57 0
