0 342 85 258 334 473 420 133 456 486 70 108 320 429 409 344 294 212 151
342 0 287 176 36 227 174 259 210 240 272 234 22 183 163 98 48 130 191
85 287 0 203 279 418 365 78 401 431 15 53 265 374 354 289 239 157 96
258 176 203 0 168 307 254 175 290 320 188 150 154 263 243 178 128 46 107
334 36 279 168 0 219 166 251 202 232 264 226 14 175 155 90 40 122 183
473 227 418 307 219 0 205 390 111 141 403 365 205 84 64 129 179 261 322
420 174 365 254 166 205 0 337 188 218 350 312 152 161 141 76 126 208 269
133 259 78 175 251 390 337 0 373 403 63 25 237 346 326 261 211 129 68
456 210 401 290 202 111 188 373 0 84 386 348 188 27 47 112 162 244 305
486 240 431 320 232 141 218 403 84 0 416 378 218 57 77 142 192 274 335
70 272 15 188 264 403 350 63 386 416 0 38 250 359 339 274 224 142 81
108 234 53 150 226 365 312 25 348 378 38 0 212 321 301 236 186 104 43
320 22 265 154 14 205 152 237 188 218 250 212 0 161 141 76 26 108 169
429 183 374 263 175 84 161 346 27 57 359 321 161 0 20 85 135 217 278
409 163 354 243 155 64 141 326 47 77 339 301 141 20 0 65 115 197 258
344 98 289 178 90 129 76 261 112 142 274 236 76 85 65 0 50 132 193
294 48 239 128 40 179 126 211 162 192 224 186 26 135 115 50 0 82 143
212 130 157 46 122 261 208 129 244 274 142 104 108 217 197 132 82 0 61
151 191 96 107 183 322 269 68 305 335 81 43 169 278 258 193 143 61 0
