0 305 295 158 252 155 267 288 259 330 265 223 153 164 82 121 191 272 222
305 0 56 221 393 218 408 211 400 471 406 364 216 305 223 184 114 33 83
295 56 0 211 383 208 398 201 390 461 396 354 206 295 213 174 104 23 73
158 221 211 0 246 7 261 204 253 324 259 217 5 158 76 37 107 188 138
252 393 383 246 0 243 73 376 183 136 71 29 241 88 170 209 279 360 310
155 218 208 7 243 0 258 201 250 321 256 214 2 155 73 34 104 185 135
267 408 398 261 73 258 0 391 198 67 2 44 256 103 185 224 294 375 325
288 211 201 204 376 201 391 0 383 454 389 347 199 288 206 167 97 178 128
259 400 390 253 183 250 198 383 0 261 196 154 248 95 177 216 286 367 317
330 471 461 324 136 321 67 454 261 0 65 107 319 166 248 287 357 438 388
265 406 396 259 71 256 2 389 196 65 0 42 254 101 183 222 292 373 323
223 364 354 217 29 214 44 347 154 107 42 0 212 59 141 180 250 331 281
153 216 206 5 241 2 256 199 248 319 254 212 0 153 71 32 102 183 133
164 305 295 158 88 155 103 288 95 166 101 59 153 0 82 121 191 272 222
82 223 213 76 170 73 185 206 177 248 183 141 71 82 0 39 109 190 140
121 184 174 37 209 34 224 167 216 287 222 180 32 121 39 0 70 151 101
191 114 104 107 279 104 294 97 286 357 292 250 102 191 109 70 0 81 31
272 33 23 188 360 185 375 178 367 438 373 331 183 272 190 151 81 0 50
222 83 73 138 310 135 325 128 317 388 323 281 133 222 140 101 31 50 0
