0 235 206 378 320 131 377 387 215 347 59 318 289 302 266 200 191 119 80
235 0 41 231 173 248 230 240 212 200 176 171 142 155 119 35 44 116 155
206 41 0 202 144 219 201 211 183 171 147 142 113 126 90 6 15 87 126
378 231 202 0 166 391 177 233 355 193 319 164 89 148 112 196 187 259 298
320 173 144 166 0 333 165 103 297 63 261 34 77 18 54 138 129 201 240
131 248 219 391 333 0 390 400 228 360 72 331 302 315 279 213 204 132 93
377 230 201 177 165 390 0 232 354 192 318 163 88 147 111 195 186 258 297
387 240 211 233 103 400 232 0 364 98 328 69 144 85 121 205 196 268 307
215 212 183 355 297 228 354 364 0 324 156 295 266 279 243 177 168 96 135
347 200 171 193 63 360 192 98 324 0 288 29 104 45 81 165 156 228 267
59 176 147 319 261 72 318 328 156 288 0 259 230 243 207 141 132 60 21
318 171 142 164 34 331 163 69 295 29 259 0 75 16 52 136 127 199 238
289 142 113 89 77 302 88 144 266 104 230 75 0 59 23 107 98 170 209
302 155 126 148 18 315 147 85 279 45 243 16 59 0 36 120 111 183 222
266 119 90 112 54 279 111 121 243 81 207 52 23 36 0 84 75 147 186
200 35 6 196 138 213 195 205 177 165 141 136 107 120 84 0 9 81 120
191 44 15 187 129 204 186 196 168 156 132 127 98 111 75 9 0 72 111
119 116 87 259 201 132 258 268 96 228 60 199 170 183 147 81 72 0 39
80 155 126 298 240 93 297 307 135 267 21 238 209 222 186 120 111 39 0
