0 371 136 275 208 145 318 475 417 337 61 398 333 324 54 275 204 159 158
371 0 427 228 308 426 135 188 162 34 350 155 32 45 319 72 152 226 206
136 427 0 312 267 153 389 514 491 398 84 463 390 372 92 329 256 176 224
275 228 312 0 239 323 190 347 308 197 262 280 216 187 202 157 57 105 88
208 308 267 239 0 283 294 403 359 303 209 364 292 253 174 219 150 104 95
145 426 153 323 283 0 412 538 483 395 88 457 393 398 115 344 249 197 214
318 135 389 190 294 412 0 247 191 100 317 181 116 105 303 58 154 184 179
475 188 514 347 403 538 247 0 93 167 447 59 177 153 433 174 261 329 295
417 162 491 308 359 483 191 93 0 132 400 10 131 103 368 137 222 270 254
337 34 398 197 303 395 100 167 132 0 317 134 11 24 290 57 149 233 160
61 350 84 262 209 88 317 447 400 317 0 376 308 304 3 268 172 117 153
398 155 463 280 364 457 181 59 10 134 376 0 113 93 375 123 223 276 241
333 32 390 216 292 393 116 177 131 11 308 113 0 22 286 60 152 204 173
324 45 372 187 253 398 105 153 103 24 304 93 22 0 268 43 128 170 141
54 319 92 202 174 115 303 433 368 290 3 375 286 268 0 244 165 118 115
275 72 329 157 219 344 58 174 137 57 268 123 60 43 244 0 91 152 114
204 152 256 57 150 249 154 261 222 149 172 223 152 128 165 91 0 47 25
159 226 176 105 104 197 184 329 270 233 117 276 204 170 118 152 47 0 21
158 206 224 88 95 214 179 295 254 160 153 241 173 141 115 114 25 21 0
