0 231 115 172 194 271 178 312 179 214 103 266 171 168 138 37 75 114 195
231 0 201 260 225 324 217 357 67 237 201 306 193 48 205 138 114 144 236
115 201 0 77 183 281 171 315 166 213 20 264 181 158 129 58 73 108 181
172 260 77 0 253 332 214 386 235 273 63 325 219 206 188 124 123 152 238
194 225 183 253 0 127 103 192 187 166 178 125 13 179 60 124 107 73 164
271 324 281 332 127 0 209 83 315 272 279 26 123 264 130 221 194 166 248
178 217 171 214 103 209 0 246 179 177 161 175 65 169 33 114 102 46 133
312 357 315 386 192 83 246 0 357 307 316 74 170 336 190 265 244 230 281
179 67 166 235 187 315 179 357 0 209 170 281 181 27 140 120 119 120 211
214 237 213 273 166 272 177 307 209 0 212 238 166 203 106 155 144 103 5
103 201 20 63 178 279 161 316 170 212 0 227 153 157 111 29 64 102 194
266 306 264 325 125 26 175 74 281 238 227 0 100 265 126 204 172 150 236
171 193 181 219 13 123 65 170 181 166 153 100 0 152 13 121 93 73 127
168 48 158 206 179 264 169 336 27 203 157 265 152 0 132 83 58 106 187
138 205 129 188 60 130 33 190 140 106 111 126 13 132 0 80 48 37 97
37 138 58 124 124 221 114 265 120 155 29 204 121 83 80 0 13 41 109
75 114 73 123 107 194 102 244 119 144 64 172 93 58 48 13 0 32 114
114 144 108 152 73 166 46 230 120 103 102 150 73 106 37 41 32 0 71
195 236 181 238 164 248 133 281 211 5 194 236 127 187 97 109 114 71 0
