0 286 438 494 288 261 389 234 142 411
286 0 464 585 347 90 517 439 91 394
438 464 0 103 421 528 147 229 429 471
494 585 103 0 544 526 228 298 529 521
288 347 421 544 0 375 399 269 234 52
261 90 528 526 375 0 542 443 163 379
389 517 147 228 399 542 0 258 448 405
234 439 229 298 269 443 258 0 317 294
142 91 429 529 234 163 448 317 0 300
411 394 471 521 52 379 405 294 300 0
