0 101 266 387 245 452 147 401 273 191
101 0 291 412 270 477 82 426 298 216
266 291 0 227 289 292 337 241 317 223
387 412 227 0 410 77 458 180 438 344
245 270 289 410 0 475 316 424 82 214
452 477 292 77 475 0 523 245 503 409
147 82 337 458 316 523 0 472 344 262
401 426 241 180 424 245 472 0 452 358
273 298 317 438 82 503 344 452 0 242
191 216 223 344 214 409 262 358 242 0
