0 249 391 103 159 447 414 140 383 155
249 0 171 268 195 277 273 303 285 199
391 171 0 233 270 268 321 307 299 279
103 268 233 0 184 352 397 120 344 111
159 195 270 184 0 310 391 193 315 164
447 277 268 352 310 0 154 463 236 385
414 273 321 397 391 154 0 423 216 396
140 303 307 120 193 463 423 0 430 32
383 285 299 344 315 236 216 430 0 437
155 199 279 111 164 385 396 32 437 0
