0 340 201 225 314 179 363 411 305 278
340 0 374 54 55 293 259 327 265 338
201 374 0 282 276 309 334 344 315 483
225 54 282 0 29 164 321 201 335 303
314 55 276 29 0 330 387 375 319 320
179 293 309 164 330 0 171 65 92 154
363 259 334 321 387 171 0 262 97 282
411 327 344 201 375 65 262 0 91 216
305 265 315 335 319 92 97 91 0 111
278 338 483 303 320 154 282 216 111 0
