0 252 190 164 261 240 153 145 133 266
252 0 232 246 179 322 235 227 215 184
190 232 0 184 241 260 173 165 153 246
164 246 184 0 255 186 99 91 45 260
261 179 241 255 0 331 244 236 224 87
240 322 260 186 331 0 105 145 155 336
153 235 173 99 244 105 0 58 68 249
145 227 165 91 236 145 58 0 60 241
133 215 153 45 224 155 68 60 0 229
266 184 246 260 87 336 249 241 229 0
