0 360 184 323 372 413 366 101 326 398
360 0 312 227 148 389 342 383 302 374
184 312 0 275 324 365 318 207 278 350
323 227 275 0 239 352 305 346 265 337
372 148 324 239 0 401 354 395 314 386
413 389 365 352 401 0 67 436 203 275
366 342 318 305 354 67 0 389 156 228
101 383 207 346 395 436 389 0 349 421
326 302 278 265 314 203 156 349 0 78
398 374 350 337 386 275 228 421 78 0
