0 321 88 356 278 326 363 410 433 252
321 0 329 79 229 49 342 389 412 119
88 329 0 364 286 334 371 418 441 260
356 79 364 0 264 72 377 424 447 154
278 229 286 264 0 234 299 346 369 160
326 49 334 72 234 0 347 394 417 124
363 342 371 377 299 347 0 237 260 273
410 389 418 424 346 394 237 0 149 320
433 412 441 447 369 417 260 149 0 343
252 119 260 154 160 124 273 320 343 0
