0 234 205 172 275 200 209 33 115 421
234 0 379 264 424 336 371 189 232 462
205 379 0 155 264 294 329 246 134 282
172 264 155 0 383 350 109 208 167 159
275 424 264 383 0 142 404 215 272 508
200 336 294 350 142 0 367 259 144 502
209 371 329 109 404 367 0 312 273 154
33 189 246 208 215 259 312 0 3 401
115 232 134 167 272 144 273 3 0 312
421 462 282 159 508 502 154 401 312 0
