0 226 253 215 249 268 273 304 226 285
226 0 253 215 183 268 273 304 226 219
253 253 0 134 276 187 192 223 145 312
215 215 134 0 238 137 142 173 61 274
249 183 276 238 0 291 296 327 249 68
268 268 187 137 291 0 51 118 148 327
273 273 192 142 296 51 0 123 153 332
304 304 223 173 327 118 123 0 184 363
226 226 145 61 249 148 153 184 0 285
285 219 312 274 68 327 332 363 285 0
