0 133 91 2 352 304 185 256 156 223
133 0 202 257 464 425 446 305 149 372
91 202 0 120 392 403 240 295 123 188
2 257 120 0 566 354 273 208 135 235
352 464 392 566 0 196 564 240 324 540
304 425 403 354 196 0 383 149 279 548
185 446 240 273 564 383 0 458 407 80
256 305 295 208 240 149 458 0 156 498
156 149 123 135 324 279 407 156 0 364
223 372 188 235 540 548 80 498 364 0
