0 292 310 352 264 381 308 316 318 313
292 0 281 325 307 349 236 195 416 408
310 281 0 38 118 395 214 134 253 490
352 325 38 0 184 625 249 125 318 466
264 307 118 184 0 409 163 57 168 542
381 349 395 625 409 0 664 454 514 143
308 236 214 249 163 664 0 45 138 547
316 195 134 125 57 454 45 0 126 432
318 416 253 318 168 514 138 126 0 485
313 408 490 466 542 143 547 432 485 0
