0 220 292 399 205 124 355 242 73 276
220 0 364 471 117 194 427 314 253 348
292 364 0 163 349 268 119 198 325 150
399 471 163 0 456 375 94 305 432 257
205 117 349 456 0 179 412 299 238 333
124 194 268 375 179 0 331 218 157 252
355 427 119 94 412 331 0 261 388 213
242 314 198 305 299 218 261 0 275 182
73 253 325 432 238 157 388 275 0 309
276 348 150 257 333 252 213 182 309 0
