0 257 61 214 182 304 297 93 317 302
257 0 268 175 241 179 172 200 278 263
61 268 0 225 193 315 308 104 328 313
214 175 225 0 198 222 215 157 169 154
182 241 193 198 0 288 281 125 301 286
304 179 315 222 288 0 37 247 325 310
297 172 308 215 281 37 0 240 318 303
93 200 104 157 125 247 240 0 260 245
317 278 328 169 301 325 318 260 0 163
302 263 313 154 286 310 303 245 163 0
