0 196 151 406 396 247 309 369 301 261
196 0 123 368 197 225 241 183 215 66
151 123 0 455 351 383 290 308 177 165
406 368 455 0 88 289 270 344 451 332
396 197 351 88 0 167 233 143 277 200
247 225 383 289 167 0 60 35 190 204
309 241 290 270 233 60 0 -19 224 197
369 183 308 344 143 35 -19 0 272 250
301 215 177 451 277 190 224 272 0 120
261 66 165 332 200 204 197 250 120 0
