0 381 224 205 192 197 365 227 235 151
381 0 483 412 323 404 148 434 442 410
224 483 0 307 294 299 467 329 337 107
205 412 307 0 223 20 396 70 96 234
192 323 294 223 0 215 307 245 253 221
197 404 299 20 215 0 388 62 88 226
365 148 467 396 307 388 0 418 426 394
227 434 329 70 245 62 418 0 118 256
235 442 337 96 253 88 426 118 0 264
151 410 107 234 221 226 394 256 264 0
