0 151 258 303 320 185 399 374 403 207
151 0 191 236 253 152 332 307 336 174
258 191 0 141 224 259 303 278 307 281
303 236 141 0 269 304 348 323 352 326
320 253 224 269 0 321 239 214 243 343
185 152 259 304 321 0 400 375 404 96
399 332 303 348 239 400 0 93 134 422
374 307 278 323 214 375 93 0 109 397
403 336 307 352 243 404 134 109 0 426
207 174 281 326 343 96 422 397 426 0
