0 265 76 262 320 330 287 281 275 258
265 0 223 231 289 299 78 250 156 227
76 223 0 220 278 288 245 239 233 216
262 231 220 0 60 252 253 203 241 180
320 289 278 60 0 310 311 261 299 238
330 299 288 252 310 0 321 201 309 120
287 78 245 253 311 321 0 272 178 249
281 250 239 203 261 201 272 0 260 129
275 156 233 241 299 309 178 260 0 237
258 227 216 180 238 120 249 129 237 0
