0 263 256 282 230 155 318 119 235 151
263 0 79 325 273 328 141 266 278 324
256 79 0 318 266 321 92 259 271 317
282 325 318 0 138 347 380 285 207 343
230 273 266 138 0 295 328 233 155 291
155 328 321 347 295 0 383 184 300 194
318 141 92 380 328 383 0 321 333 379
119 266 259 285 233 184 321 0 238 180
235 278 271 207 155 300 333 238 0 296
151 324 317 343 291 194 379 180 296 0
