0 281 192 177 275 364 412 246 30 228
281 0 306 131 427 550 448 151 303 383
192 306 0 239 124 258 270 312 187 124
177 131 239 0 357 422 397 9 162 398
275 427 124 357 0 63 148 521 333 256
364 550 258 422 63 0 242 372 339 257
412 448 270 397 148 242 0 453 329 310
246 151 312 9 521 372 453 0 233 430
30 303 187 162 333 339 329 233 0 231
228 383 124 398 256 257 310 430 231 0
