0 261 220 170 136 404 287 350 240 167
261 0 279 128 95 490 446 285 97 256
220 279 0 348 501 97 142 147 326 269
170 128 348 0 76 463 402 410 239 292
136 95 501 76 0 479 368 452 157 317
404 490 97 463 479 0 165 157 380 231
287 446 142 402 368 165 0 16 356 269
350 285 147 410 452 157 16 0 338 313
240 97 326 239 157 380 356 338 0 308
167 256 269 292 317 231 269 313 308 0
