0 225 314 75 453 434 309 145 333 363
225 0 424 126 477 447 304 189 418 532
314 424 0 313 438 437 386 237 95 432
75 126 313 0 491 294 251 164 353 464
453 477 438 491 0 233 131 306 546 131
434 447 437 294 233 0 56 255 493 92
309 304 386 251 131 56 0 130 437 75
145 189 237 164 306 255 130 0 346 231
333 418 95 353 546 493 437 346 0 510
363 532 432 464 131 92 75 231 510 0
