0 404 254 378 416 385 306 77 335 488
404 0 311 170 140 409 445 428 407 487
254 311 0 363 296 392 254 264 301 401
378 170 363 0 239 301 242 407 245 426
416 140 296 239 0 437 359 351 346 364
385 409 392 301 437 0 117 407 124 343
306 445 254 242 359 117 0 399 187 157
77 428 264 407 351 407 399 0 326 386
335 407 301 245 346 124 187 326 0 119
488 487 401 426 364 343 157 386 119 0
