0 256 230 248 243 364 393 306 264 286
256 0 302 320 153 436 465 378 336 196
230 302 0 188 289 304 333 246 204 332
248 320 188 0 307 150 179 92 38 350
243 153 289 307 0 423 452 365 323 105
364 436 304 150 423 0 111 164 166 466
393 465 333 179 452 111 0 193 195 495
306 378 246 92 365 164 193 0 108 408
264 336 204 38 323 166 195 108 0 366
286 196 332 350 105 466 495 408 366 0
