0 38 138 282 231 65 309 309 350 149
38 0 159 140 122 76 346 328 286 169
138 159 0 58 134 167 300 171 233 187
282 140 58 0 197 177 312 361 250 210
231 122 134 197 0 230 199 226 249 239
65 76 167 177 230 0 498 433 260 -64
309 346 300 312 199 498 0 107 55 478
309 328 171 361 226 433 107 0 86 360
350 286 233 250 249 260 55 86 0 365
149 169 187 210 239 -64 478 360 365 0
