0 254 181 191 312 420 393 240 84 286
254 0 285 115 416 524 497 164 262 390
181 285 0 222 147 255 228 271 189 121
191 115 222 0 353 461 434 73 199 327
312 416 147 353 0 138 111 402 320 196
420 524 255 461 138 0 137 510 428 304
393 497 228 434 111 137 0 483 401 277
240 164 271 73 402 510 483 0 248 376
84 262 189 199 320 428 401 248 0 294
286 390 121 327 196 304 277 376 294 0
