0 328 512 127 390 331 389 294 422 141
328 0 305 309 290 151 85 242 4 275
512 305 0 475 283 108 389 83 342 442
127 309 475 0 337 340 268 381 370 232
390 290 283 337 0 92 400 130 286 411
331 151 108 340 92 0 249 162 201 391
389 85 389 268 400 249 0 226 157 383
294 242 83 381 130 162 226 0 255 383
422 4 342 370 286 201 157 255 0 503
141 275 442 232 411 391 383 383 503 0
