0 208 292 425 166 449 162 364 174 208
208 0 215 445 296 461 34 501 294 232
292 215 0 243 374 313 388 309 389 182
425 445 243 0 463 28 424 189 468 347
166 296 374 463 0 505 347 523 29 258
449 461 313 28 505 0 499 239 424 355
162 34 388 424 347 499 0 508 298 313
364 501 309 189 523 239 508 0 505 411
174 294 389 468 29 424 298 505 0 230
208 232 182 347 258 355 313 411 230 0
