0 226 389 431 495 547 483 525 356 145
226 0 357 399 463 515 451 493 324 249
389 357 0 122 158 238 146 216 139 412
431 399 122 0 228 164 216 142 181 454
495 463 158 228 0 344 186 322 245 518
547 515 238 164 344 0 332 96 297 570
483 451 146 216 186 332 0 310 233 506
525 493 216 142 322 96 310 0 275 548
356 324 139 181 245 297 233 275 0 379
145 249 412 454 518 570 506 548 379 0
