0 252 476 538 335 251 467 320 168 344
252 0 522 584 381 131 513 366 126 390
476 522 0 90 425 521 205 256 438 434
538 584 90 0 487 583 267 318 500 496
335 381 425 487 0 380 416 269 297 99
251 131 521 583 380 0 512 365 125 389
467 513 205 267 416 512 0 247 429 425
320 366 256 318 269 365 247 0 282 278
168 126 438 500 297 125 429 282 0 306
344 390 434 496 99 389 425 278 306 0
