0 460 364 227 365 426 468 301 517 97
460 0 460 373 227 280 217 352 68 337
364 460 0 313 223 197 344 68 347 311
227 373 313 0 160 274 254 192 248 125
365 227 223 160 0 236 191 130 285 272
426 280 197 274 236 0 277 74 359 357
468 217 344 254 191 277 0 264 175 353
301 352 68 192 130 74 264 0 309 273
517 68 347 248 285 359 175 309 0 392
97 337 311 125 272 357 353 273 392 0
