0 303 290 431 412 406 336 124 136 341
303 0 141 195 174 106 130 152 238 41
290 141 0 223 249 227 211 134 252 191
431 195 223 0 229 212 183 237 352 294
412 174 249 229 0 281 130 202 341 179
406 106 227 212 281 0 117 151 298 -24
336 130 211 183 130 117 0 184 283 87
124 152 134 237 202 151 184 0 268 171
136 238 252 352 341 298 283 268 0 236
341 41 191 294 179 -24 87 171 236 0
