0 294 182 310 279 274 327 249 123 316
294 0 142 246 239 234 125 209 247 252
182 142 0 158 121 116 175 91 135 164
310 246 158 0 255 250 279 225 263 158
279 239 121 255 0 103 272 172 232 261
274 234 116 250 103 0 267 167 227 256
327 125 175 279 272 267 0 242 280 285
249 209 91 225 172 167 242 0 202 231
123 247 135 263 232 227 280 202 0 269
316 252 164 158 261 256 285 231 269 0
