0 262 204 322 341 384 66 233 175 320
262 0 280 230 249 226 302 189 251 162
204 280 0 340 359 402 244 251 39 338
322 230 340 0 113 352 362 249 311 288
341 249 359 113 0 371 381 268 330 307
384 226 402 352 371 0 424 311 373 88
66 302 244 362 381 424 0 273 215 360
233 189 251 249 268 311 273 0 222 247
175 251 39 311 330 373 215 222 0 309
320 162 338 288 307 88 360 247 309 0
