0 176 94 398 269 194 108 181 480 441
176 0 130 341 199 225 374 220 393 385
94 130 0 253 251 138 323 78 388 407
398 341 253 0 165 277 347 285 61 175
269 199 251 165 0 148 263 196 214 219
194 225 138 277 148 0 341 249 363 418
108 374 323 347 263 341 0 72 494 485
181 220 78 285 196 249 72 0 398 434
480 393 388 61 214 363 494 398 0 64
441 385 407 175 219 418 485 434 64 0
