0 172 435 452 500 494 466 382 279 94
172 0 365 393 468 394 445 401 166 261
435 365 0 102 135 168 248 199 259 511
452 393 102 0 56 62 222 253 176 488
500 468 135 56 0 126 230 278 222 602
494 394 168 62 126 0 279 299 312 533
466 445 248 222 230 279 0 16 225 501
382 401 199 253 278 299 16 0 232 462
279 166 259 176 222 312 225 232 0 205
94 261 511 488 602 533 501 462 205 0
