0 319 470 460 273 397 237 338 416 75
319 0 159 149 134 258 218 155 277 256
470 159 0 154 285 409 369 306 428 407
460 149 154 0 275 399 359 296 418 397
273 134 285 275 0 182 172 153 201 210
397 258 409 399 182 0 296 277 139 334
237 218 369 359 172 296 0 237 315 174
338 155 306 296 153 277 237 0 296 275
416 277 428 418 201 139 315 296 0 353
75 256 407 397 210 334 174 275 353 0
