0 55 52 309 336 309 373 322 170 370
55 0 55 294 321 294 358 307 155 355
52 55 0 309 336 309 373 322 170 370
309 294 309 0 175 92 212 105 167 209
336 321 336 175 0 175 139 188 194 154
309 294 309 92 175 0 212 69 167 209
373 358 373 212 139 212 0 225 231 191
322 307 322 105 188 69 225 0 180 222
170 155 170 167 194 167 231 180 0 228
370 355 370 209 154 209 191 222 228 0
