0 337 532 483 358 448 365 275 338 95
337 0 309 113 114 169 31 221 73 324
532 309 0 62 96 260 219 410 315 547
483 113 62 0 307 288 155 350 267 504
358 114 96 307 0 156 94 271 92 401
448 169 260 288 156 0 171 291 262 465
365 31 219 155 94 171 0 249 170 362
275 221 410 350 271 291 249 0 279 104
338 73 315 267 92 262 170 279 0 353
95 324 547 504 401 465 362 104 353 0
