0 160 62 220 428 297 282 212 352 461
160 0 262 200 367 327 271 71 328 368
62 262 0 250 406 209 314 54 377 367
220 200 250 0 212 78 101 107 22 330
428 367 406 212 0 414 250 322 256 -21
297 327 209 78 414 0 201 280 118 281
282 271 314 101 250 201 0 372 198 213
212 71 54 107 322 280 372 0 377 305
352 328 377 22 256 118 198 377 0 346
461 368 367 330 -21 281 213 305 346 0
