0 338 60 208 307 509 254 424 217 311
338 0 458 288 291 174 374 104 414 213
60 458 0 218 366 516 401 514 220 449
208 288 218 0 206 471 188 422 100 373
307 291 366 206 0 303 314 363 237 156
509 174 516 471 303 0 575 169 355 408
254 374 401 188 314 575 0 538 141 418
424 104 514 422 363 169 538 0 379 468
217 414 220 100 237 355 141 379 0 444
311 213 449 373 156 408 418 468 444 0
