0 189 229 276 301 306 349 103 413 38
189 0 173 49 261 261 344 251 265 258
229 173 0 224 33 293 265 227 326 280
276 49 224 0 348 379 349 247 372 306
301 261 33 348 0 309 265 383 340 310
306 261 293 379 309 0 274 420 259 213
349 344 265 349 265 274 0 455 74 454
103 251 227 247 383 420 455 0 400 41
413 265 326 372 340 259 74 400 0 393
38 258 280 306 310 213 454 41 393 0
