0 266 274 400 247 247 139 93 317 113
266 0 110 434 281 281 145 219 351 257
274 110 0 442 289 289 153 227 359 265
400 434 442 0 255 205 307 353 109 391
247 281 289 255 0 102 154 200 172 238
247 281 289 205 102 0 154 200 122 238
139 145 153 307 154 154 0 92 224 130
93 219 227 353 200 200 92 0 270 84
317 351 359 109 172 122 224 270 0 308
113 257 265 391 238 238 130 84 308 0
