0 314 218 246 320 258 322 350 299 320
314 0 356 88 16 246 310 338 287 308
218 356 0 288 362 300 364 392 341 362
246 88 288 0 94 178 242 270 219 240
320 16 362 94 0 252 316 344 293 314
258 246 300 178 252 0 92 120 93 114
322 310 364 242 316 92 0 152 157 178
350 338 392 270 344 120 152 0 185 206
299 287 341 219 293 93 157 185 0 103
320 308 362 240 314 114 178 206 103 0
