0 501 417 488 531 233 439 357 46 514
501 0 204 275 132 462 190 306 459 301
417 204 0 105 234 378 142 222 375 131
488 275 105 0 305 449 213 293 446 160
531 132 234 305 0 492 220 336 489 331
233 462 378 449 492 0 400 318 191 475
439 190 142 213 220 400 0 244 397 239
357 306 222 293 336 318 244 0 315 319
46 459 375 446 489 191 397 315 0 472
514 301 131 160 331 475 239 319 472 0
