0 320 319 248 265 251 334 336 386 362
320 0 161 242 423 409 328 330 380 356
319 161 0 241 422 408 327 329 379 355
248 242 241 0 351 337 90 100 150 126
265 423 422 351 0 110 437 439 489 465
251 409 408 337 110 0 423 425 475 451
334 328 327 90 437 423 0 186 236 212
336 330 329 100 439 425 186 0 170 146
386 380 379 150 489 475 236 170 0 102
362 356 355 126 465 451 212 146 102 0
