0 345 326 207 300 343 275 253 285 258
345 0 141 216 503 546 478 456 488 139
326 141 0 197 484 527 459 437 469 120
207 216 197 0 365 408 340 318 350 129
300 503 484 365 0 335 267 123 277 416
343 546 527 408 335 0 92 288 166 459
275 478 459 340 267 92 0 220 98 391
253 456 437 318 123 288 220 0 230 369
285 488 469 350 277 166 98 230 0 401
258 139 120 129 416 459 391 369 401 0
