0 404 167 358 385 383 125 147 98 201
404 0 299 292 14 304 285 255 329 238
167 299 0 301 383 416 237 8 92 260
358 292 301 0 222 141 435 329 472 495
385 14 383 222 0 242 282 246 374 304
383 304 416 141 242 0 304 325 394 437
125 285 237 435 282 304 0 200 166 133
147 255 8 329 246 325 200 0 271 75
98 329 92 472 374 394 166 271 0 200
201 238 260 495 304 437 133 75 200 0
