0 305 249 287 71 120 322 134 285 123
305 0 282 118 227 335 304 281 386 325
249 282 0 367 295 376 216 266 141 368
287 118 367 0 331 276 376 302 338 303
71 227 295 331 0 171 271 51 426 190
120 335 376 276 171 0 407 93 419 155
322 304 216 376 271 407 0 303 159 365
134 281 266 302 51 93 303 0 484 125
285 386 141 338 426 419 159 484 0 372
123 325 368 303 190 155 365 125 372 0
