0 247 220 393 291 248 292 411 143 211
247 0 106 546 132 428 199 517 315 190
220 106 0 443 152 354 257 512 146 93
393 546 443 0 475 198 535 224 372 434
291 132 152 475 0 416 48 661 228 100
248 428 354 198 416 0 383 140 231 343
292 199 257 535 48 383 0 593 249 157
411 517 512 224 661 140 593 0 428 569
143 315 146 372 228 231 249 428 0 237
211 190 93 434 100 343 157 569 237 0
