0 152 275 181 180 372 325 341 147 201
152 0 333 153 152 430 383 399 121 259
275 333 0 362 361 99 170 186 328 198
181 153 362 0 7 459 412 428 150 288
180 152 361 7 0 458 411 427 149 287
372 430 99 459 458 0 267 283 425 295
325 383 170 412 411 267 0 74 378 248
341 399 186 428 427 283 74 0 394 264
147 121 328 150 149 425 378 394 0 254
201 259 198 288 287 295 248 264 254 0
