0 24 46 330 307 326 367 334 197 342
24 0 69 260 325 358 391 299 108 360
46 69 0 247 318 355 371 242 97 355
330 260 247 0 227 150 227 207 184 256
307 325 318 227 0 167 154 147 233 135
326 358 355 150 167 0 251 86 162 207
367 391 371 227 154 251 0 273 190 186
334 299 242 207 147 86 273 0 135 274
197 108 97 184 233 162 190 135 0 209
342 360 355 256 135 207 186 274 209 0
