0 201 256 475 441 511 322 268 509 597
201 0 265 299 475 393 295 202 456 464
256 265 0 495 558 603 483 298 501 534
475 299 495 0 359 286 259 208 184 272
441 475 558 359 0 429 95 416 430 187
511 393 603 286 429 0 248 380 125 489
322 295 483 259 95 248 0 254 238 168
268 202 298 208 416 380 254 0 278 383
509 456 501 184 430 125 238 278 0 452
597 464 534 272 187 489 168 383 452 0
