0 253 234 151 257 184 141 76 204 286
253 0 319 287 185 328 257 315 220 157
234 319 0 174 236 179 199 200 158 271
151 287 174 0 264 155 42 65 63 238
257 185 236 264 0 386 238 218 183 56
184 328 179 155 386 0 52 104 166 377
141 257 199 42 238 52 0 35 95 355
76 315 200 65 218 104 35 0 38 252
204 220 158 63 183 166 95 38 0 199
286 157 271 238 56 377 355 252 199 0
