0 467 104 230 339 400 432 291 200 301
467 0 328 116 228 144 68 188 258 251
104 328 0 181 309 440 383 405 236 208
230 116 181 0 126 191 177 159 93 198
339 228 309 126 0 212 206 153 224 243
400 144 440 191 212 0 83 325 244 302
432 68 383 177 206 83 0 215 283 294
291 188 405 159 153 325 215 0 193 186
200 258 236 93 224 244 283 193 0 169
301 251 208 198 243 302 294 186 169 0
