0 216 151 256 319 406 82 363 51 346
216 0 85 130 193 280 248 237 167 220
151 85 0 125 188 275 183 232 102 215
256 130 125 0 97 164 288 121 207 100
319 193 188 97 0 247 351 204 270 187
406 280 275 164 247 0 438 79 357 254
82 248 183 288 351 438 0 395 83 378
363 237 232 121 204 79 395 0 314 211
51 167 102 207 270 357 83 314 0 297
346 220 215 100 187 254 378 211 297 0
