0 169 222 200 299 364 440 429 365 220
169 0 231 209 308 373 449 438 374 57
222 231 0 138 117 182 258 247 183 282
200 209 138 0 215 280 356 345 281 260
299 308 117 215 0 137 213 202 90 359
364 373 182 280 137 0 194 183 203 424
440 449 258 356 213 194 0 99 279 500
429 438 247 345 202 183 99 0 268 489
365 374 183 281 90 203 279 268 0 425
220 57 282 260 359 424 500 489 425 0
