0 445 139 421 231 365 239 315 441 392
445 0 438 520 330 464 382 204 540 141
139 438 0 414 224 358 232 308 434 385
421 520 414 0 220 220 358 390 100 467
231 330 224 220 0 164 168 200 240 277
365 464 358 220 164 0 302 334 240 411
239 382 232 358 168 302 0 252 378 329
315 204 308 390 200 334 252 0 410 151
441 540 434 100 240 240 378 410 0 487
392 141 385 467 277 411 329 151 487 0
