0 154 208 135 150 232 81 192 225 255
154 0 259 184 273 219 249 326 199 373
208 259 0 302 239 388 293 465 418 372
135 184 302 0 244 281 51 300 174 185
150 273 239 244 0 103 300 466 303 334
232 219 388 281 103 0 265 474 415 501
81 249 293 51 300 265 0 162 143 166
192 326 465 300 466 474 162 0 140 111
225 199 418 174 303 415 143 140 0 90
255 373 372 185 334 501 166 111 90 0
