0 333 222 366 310 321 258 415 149 442
333 0 305 190 129 378 171 180 446 237
222 305 0 379 367 409 370 366 66 545
366 190 379 0 382 121 174 375 348 390
310 129 367 382 0 255 277 261 370 243
321 378 409 121 255 0 167 420 338 425
258 171 370 174 277 167 0 299 293 260
415 180 366 375 261 420 299 0 379 20
149 446 66 348 370 338 293 379 0 456
442 237 545 390 243 425 260 20 456 0
