     10
object000 0 280 397 299 420 264 360 393 531 534
object001 280 0 428 142 431 207 351 486 656 607
object002 397 428 0 460 122 483 220 450 369 418
object003 299 142 460 0 514 192 576 600 547 712
object004 420 431 122 514 0 590 369 488 463 586
object005 264 207 483 192 590 0 460 612 688 677
object006 360 351 220 576 369 460 0 58 295 178
object007 393 486 450 600 488 612 58 0 384 440
object008 531 656 369 547 463 688 295 384 0 241
object009 534 607 418 712 586 677 178 440 241 0
