     10
object000 0 255 278 310 325 331 311 262 268 363
object001 255 0 446 206 484 506 386 306 308 424
object002 278 446 0 640 244 456 252 232 574 435
object003 310 206 640 0 675 508 565 414 442 610
object004 325 484 244 675 0 475 336 219 577 406
object005 331 506 456 508 475 0 162 126 440 312
object006 311 386 252 565 336 162 0 165 459 207
object007 262 306 232 414 219 126 165 0 403 245
object008 268 308 574 442 577 440 459 403 0 547
object009 363 424 435 610 406 312 207 245 547 0
