     10
object000 0 284 241 201 225 228 315 277 414 466
object001 284 0 477 466 499 392 565 304 436 290
object002 241 477 0 116 297 60 387 454 484 568
object003 201 466 116 0 170 188 314 385 531 650
object004 225 499 297 170 0 227 369 481 623 574
object005 228 392 60 188 227 0 398 465 571 605
object006 315 565 387 314 369 398 0 551 651 777
object007 277 304 454 385 481 465 551 0 337 425
object008 414 436 484 531 623 571 651 337 0 265
object009 466 290 568 650 574 605 777 425 265 0
