0 250 283 188 355 298 349 379 400 359
250 0 271 310 343 286 337 367 192 151
283 271 0 343 300 163 294 324 421 380
188 310 343 0 415 358 409 439 460 419
355 343 300 415 0 315 232 262 493 452
298 286 163 358 315 0 309 339 436 395
349 337 294 409 232 309 0 156 487 446
379 367 324 439 262 339 156 0 517 476
400 192 421 460 493 436 487 517 0 199
359 151 380 419 452 395 446 476 199 0
