     10
object000 0 173 66 316 208 235 243 327 271 198
object001 173 0 281 151 410 456 271 291 430 267
object002 66 281 0 210 71 243 104 371 105 252
object003 316 151 210 0 360 443 356 343 510 550
object004 208 410 71 360 0 412 179 425 256 260
object005 235 456 243 443 412 0 316 574 140 270
object006 243 271 104 356 179 316 0 340 194 288
object007 327 291 371 343 425 574 340 0 564 539
object008 271 430 105 510 256 140 194 564 0 215
object009 198 267 252 550 260 270 288 539 215 0
