0 332 226 334 501 409 460 526 216 351
332 0 404 333 312 398 269 271 359 330
226 404 0 340 521 552 593 668 438 368
334 333 340 0 550 152 458 458 154 63
501 312 521 550 0 551 102 141 527 564
409 398 552 152 551 0 548 695 310 272
460 269 593 458 102 548 0 136 488 590
526 271 668 458 141 695 136 0 565 583
216 359 438 154 527 310 488 565 0 81
351 330 368 63 564 272 590 583 81 0
