     10
object000 0 256 159 167 385 266 458 430 346 381
object001 256 0 308 269 262 248 327 276 182 153
object002 159 308 0 488 198 170 316 281 439 377
object003 167 269 488 0 389 276 369 478 489 367
object004 385 262 198 389 0 275 249 244 547 444
object005 266 248 170 276 275 0 271 388 380 388
object006 458 327 316 369 249 271 0 134 543 431
object007 430 276 281 478 244 388 134 0 604 452
object008 346 182 439 489 547 380 543 604 0 132
object009 381 153 377 367 444 388 431 452 132 0
