(object003:109.94822,(((((object007:72.79189,object006:61.20811):83.77271,
object004:95.55468):61.30232,((object009:45.52758,object008:86.47242):95.52643,
object001:6.99991):106.51806):13.30599,object005:102.44755):11.25723,
object002:65.30393):63.14611,object000:57.05178);
