     10
object000 0 154 124 293 352 254 293 292 312 254
object001 154 0 222 150 550 370 344 413 338 342
object002 124 222 0 417 373 372 399 322 371 286
object003 293 150 417 0 598 591 435 561 323 527
object004 352 550 373 598 0 339 406 300 683 332
object005 254 370 372 591 339 0 190 329 578 287
object006 293 344 399 435 406 190 0 252 574 282
object007 292 413 322 561 300 329 252 0 558 167
object008 312 338 371 323 683 578 574 558 0 516
object009 254 342 286 527 332 287 282 167 516 0
