0 256 377 260 351 396 196 381 213 173
256 0 485 30 459 504 352 489 133 329
377 485 0 489 336 195 473 180 442 450
260 30 489 0 463 508 356 493 137 333
351 459 336 463 0 355 447 340 416 424
396 504 195 508 355 0 492 111 461 469
196 352 473 356 447 492 0 477 309 55
381 489 180 493 340 111 477 0 446 454
213 133 442 137 416 461 309 446 0 286
173 329 450 333 424 469 55 454 286 0
