0 406 172 146 476 439 301 295 258 316
406 0 444 433 628 561 508 561 402 523
172 444 0 103 555 533 238 209 354 201
146 433 103 0 505 504 183 180 359 173
476 628 555 505 0 212 645 646 224 646
439 561 533 504 212 0 609 571 161 594
301 508 238 183 645 609 0 65 425 193
295 561 209 180 646 571 65 0 455 190
258 402 354 359 224 161 425 455 0 446
316 523 201 173 646 594 193 190 446 0
