0 139 433 320 266 412 349 460 417 287
139 0 436 300 299 421 344 475 463 233
433 436 0 472 306 188 152 400 431 410
320 300 472 0 384 447 397 496 489 73
266 299 306 384 0 292 239 191 209 272
412 421 188 447 292 0 114 392 408 402
349 344 152 397 239 114 0 341 332 365
460 475 400 496 191 392 341 0 161 395
417 463 431 489 209 408 332 161 0 467
287 233 410 73 272 402 365 395 467 0
