0 240 185 250 199 245 252 365 252 233
240 0 277 228 219 453 92 573 230 325
185 277 0 287 236 398 289 518 289 170
250 228 287 0 229 463 240 583 144 335
199 219 236 229 0 412 231 532 231 284
245 453 398 463 412 0 465 220 465 446
252 92 289 240 231 465 0 585 242 337
365 573 518 583 532 220 585 0 585 566
252 230 289 144 231 465 242 585 0 337
233 325 170 335 284 446 337 566 337 0
