0 335 338 270 393 304 301 106 259 311
335 0 307 435 508 419 466 273 374 476
338 307 0 438 511 422 469 276 377 479
270 435 438 0 493 404 163 208 359 231
393 508 511 493 0 129 524 331 246 534
304 419 422 404 129 0 435 242 157 445
301 466 469 163 524 435 0 239 390 262
106 273 276 208 331 242 239 0 197 249
259 374 377 359 246 157 390 197 0 400
311 476 479 231 534 445 262 249 400 0
