0 102 251 128 315 268 135 300 124 152
102 0 289 30 353 306 233 338 114 250
251 289 0 315 244 113 382 145 311 399
128 30 315 0 379 332 259 364 140 276
315 353 244 379 0 261 446 293 375 463
268 306 113 332 261 0 399 54 328 416
135 233 382 259 446 399 0 431 255 41
300 338 145 364 293 54 431 0 360 448
124 114 311 140 375 328 255 360 0 272
152 250 399 276 463 416 41 448 272 0
