0 250 328 202 343 177 364 232 101 155 112 312 45 221 215 200 232 111 286
250 0 100 290 258 298 71 246 344 311 308 92 152 10 212 144 113 35 233
328 100 0 222 282 297 46 230 304 305 209 52 105 62 217 205 173 105 118
202 290 222 0 273 278 325 195 320 303 241 188 161 200 -28 139 154 177 251
343 258 282 273 0 404 334 264 288 346 284 260 340 237 196 235 152 112 99
177 298 297 278 404 0 281 262 260 200 165 293 71 164 162 93 221 132 266
364 71 46 325 334 281 0 365 295 365 276 137 255 82 223 226 111 84 215
232 246 230 195 264 262 365 0 312 203 194 239 215 282 117 178 120 148 237
101 344 304 320 288 260 295 312 0 208 99 247 90 230 279 134 193 161 328
155 311 305 303 346 200 365 203 208 0 298 198 205 235 244 76 104 262 265
112 308 209 241 284 165 276 194 99 298 0 288 36 192 171 72 119 225 283
312 92 52 188 260 293 137 239 247 198 288 0 225 56 163 223 97 79 178
45 152 105 161 340 71 255 215 90 205 36 225 0 208 14 8 77 19 188
221 10 62 200 237 164 82 282 230 235 192 56 208 0 146 71 48 12 91
215 212 217 -28 196 162 223 117 279 244 171 163 14 146 0 57 31 2 180
200 144 205 139 235 93 226 178 134 76 72 223 8 71 57 0 98 80 186
232 113 173 154 152 221 111 120 193 104 119 97 77 48 31 98 0 -11 85
111 35 105 177 112 132 84 148 161 262 225 79 19 12 2 80 -11 0 63
286 233 118 251 99 266 215 237 328 265 283 178 188 91 180 186 85 63 0
