0 347 156 205 326 404 325 75 263 59 90 256 117 23 173 163 156 269 353
347 0 318 280 348 286 362 234 100 339 291 288 283 123 241 -33 239 215 199
156 318 0 133 399 372 164 118 290 199 71 333 48 30 54 239 121 200 199
205 280 133 0 274 255 220 49 264 114 29 269 47 116 -23 156 29 138 193
326 348 399 274 0 122 79 243 291 232 274 0 240 194 98 263 161 102 89
404 286 372 255 122 0 238 114 306 229 326 -4 175 286 277 336 251 183 154
325 362 164 220 79 238 0 207 285 273 278 201 238 244 205 311 132 91 101
75 234 118 49 243 114 207 0 167 169 46 226 174 100 6 106 153 108 87
263 100 290 264 291 306 285 167 0 200 215 299 181 246 200 51 134 299 205
59 339 199 114 232 229 273 169 200 0 114 231 50 -41 85 146 139 145 238
90 291 71 29 274 326 278 46 215 114 0 82 44 9 -69 156 -53 90 117
256 288 333 269 0 -4 201 226 299 231 82 0 215 122 238 147 204 52 84
117 283 48 47 240 175 238 174 181 50 44 215 0 -21 77 168 11 126 196
23 123 30 116 194 286 244 100 246 -41 9 122 -21 0 -22 239 9 147 161
173 241 54 -23 98 277 205 6 200 85 -69 238 77 -22 0 140 -45 111 227
163 -33 239 156 263 336 311 106 51 146 156 147 168 239 140 0 51 226 138
156 239 121 29 161 251 132 153 134 139 -53 204 11 9 -45 51 0 144 156
269 215 200 138 102 183 91 108 299 145 90 52 126 147 111 226 144 0 -7
353 199 199 193 89 154 101 87 205 238 117 84 196 161 227 138 156 -7 0
