0 234 190 303 225 230 192 255 242 234 197 213 211 181 166 153 88 103 134
234 0 248 205 253 288 120 313 144 136 255 115 113 239 68 81 146 131 162
190 248 0 317 239 58 206 83 256 248 25 227 225 9 180 167 102 117 148
303 205 317 0 322 357 189 382 123 115 324 94 92 308 137 150 215 200 231
225 253 239 322 0 279 211 304 261 253 246 232 230 230 185 172 137 122 91
230 288 58 357 279 0 246 91 296 288 33 267 265 49 220 207 142 157 188
192 120 206 189 211 246 0 271 128 120 213 99 97 197 52 39 104 89 120
255 313 83 382 304 91 271 0 321 313 58 292 290 74 245 232 167 182 213
242 144 256 123 261 296 128 321 0 50 263 29 31 247 76 89 154 139 170
234 136 248 115 253 288 120 313 50 0 255 21 23 239 68 81 146 131 162
197 255 25 324 246 33 213 58 263 255 0 234 232 16 187 174 109 124 155
213 115 227 94 232 267 99 292 29 21 234 0 2 218 47 60 125 110 141
211 113 225 92 230 265 97 290 31 23 232 2 0 216 45 58 123 108 139
181 239 9 308 230 49 197 74 247 239 16 218 216 0 171 158 93 108 139
166 68 180 137 185 220 52 245 76 68 187 47 45 171 0 13 78 63 94
153 81 167 150 172 207 39 232 89 81 174 60 58 158 13 0 65 50 81
88 146 102 215 137 142 104 167 154 146 109 125 123 93 78 65 0 15 46
103 131 117 200 122 157 89 182 139 131 124 110 108 108 63 50 15 0 31
134 162 148 231 91 188 120 213 170 162 155 141 139 139 94 81 46 31 0
