0 352 403 144 382 350 316 472 507 350 69 399 354 306 388 345 282 200 208
352 0 226 246 180 122 18 380 267 165 206 272 117 -21 215 73 97 14 156
403 226 0 335 328 126 228 360 381 348 268 321 79 202 184 243 111 188 330
144 246 335 0 354 293 383 443 472 345 51 411 224 209 287 180 295 280 203
382 180 328 354 0 120 319 268 353 160 251 167 184 161 78 77 47 130 183
350 122 126 293 120 0 327 349 311 226 302 289 41 185 151 133 25 193 231
316 18 228 383 319 327 0 448 389 324 286 272 243 79 360 187 145 64 253
472 380 360 443 268 349 448 0 145 279 413 82 212 332 126 202 207 263 372
507 267 381 472 353 311 389 145 0 245 525 81 359 318 149 171 205 281 312
350 165 348 345 160 226 324 279 245 0 218 103 301 222 100 93 84 187 247
69 206 268 51 251 302 286 413 525 218 0 344 206 136 286 328 201 125 154
399 272 321 411 167 289 272 82 81 103 344 0 310 294 100 90 208 227 232
354 117 79 224 184 41 243 212 359 301 206 310 0 172 167 2 237 123 144
306 -21 202 209 161 185 79 332 318 222 136 294 172 0 25 138 95 84 140
388 215 184 287 78 151 360 126 149 100 286 100 167 25 0 145 63 261 264
345 73 243 180 77 133 187 202 171 93 328 90 2 138 145 0 88 64 136
282 97 111 295 47 25 145 207 205 84 201 208 237 95 63 88 0 11 24
200 14 188 280 130 193 64 263 281 187 125 227 123 84 261 64 11 0 -37
208 156 330 203 183 231 253 372 312 247 154 232 144 140 264 136 24 -37 0
