0 139 447 272 470 292 258 464 397 511 231 94 122 407 54 400 401 436 275
139 0 285 179 276 198 85 465 387 452 198 -10 85 384 81 400 350 232 217
447 285 0 223 -1 334 291 251 153 264 302 296 246 269 274 -24 243 156 158
272 179 223 0 294 182 229 388 393 394 193 225 85 367 23 379 316 212 255
470 276 -1 294 0 339 341 366 285 392 340 315 174 216 173 58 303 70 184
292 198 334 182 339 0 169 348 326 400 24 242 87 371 164 317 302 194 182
258 85 291 229 341 169 0 250 385 357 26 193 66 182 111 316 324 240 157
464 465 251 388 366 348 250 0 69 169 274 375 237 53 264 217 126 166 169
397 387 153 393 285 326 385 69 0 70 320 244 278 -6 246 218 118 90 119
511 452 264 394 392 400 357 169 70 0 344 305 315 83 283 291 106 252 241
231 198 302 193 340 24 26 274 320 344 0 198 -29 324 35 261 239 187 41
94 -10 296 225 315 242 193 375 244 305 198 0 76 359 169 300 270 227 68
122 85 246 85 174 87 66 237 278 315 -29 76 0 299 65 209 265 125 47
407 384 269 367 216 371 182 53 -6 83 324 359 299 0 196 305 45 93 172
54 81 274 23 173 164 111 264 246 283 35 169 65 196 0 179 305 212 107
400 400 -24 379 58 317 316 217 218 291 261 300 209 305 179 0 132 87 87
401 350 243 316 303 302 324 126 118 106 239 270 265 45 305 132 0 29 99
436 232 156 212 70 194 240 166 90 252 187 227 125 93 212 87 29 0 24
275 217 158 255 184 182 157 169 119 241 41 68 47 172 107 87 99 24 0
