0 107 320 212 312 234 239 234 205 134 180 76 151 230 158 83 195 285 211
107 0 279 -5 225 215 271 343 263 227 146 237 99 106 22 112 207 140 192
320 279 0 357 429 273 80 153 268 64 11 289 147 241 159 142 142 20 60
212 -5 357 0 82 335 429 362 311 286 334 243 121 1 61 214 303 216 192
312 225 429 82 0 346 436 433 369 423 426 354 208 166 118 98 467 383 285
234 215 273 335 346 0 337 323 179 334 341 149 155 227 119 20 297 277 198
239 271 80 429 436 337 0 54 312 85 120 319 268 338 323 256 84 68 165
234 343 153 362 433 323 54 0 338 52 124 233 274 328 305 321 38 125 137
205 263 268 311 369 179 312 338 0 335 304 136 101 241 330 149 352 238 305
134 227 64 286 423 334 85 52 335 0 79 217 146 228 180 193 143 93 81
180 146 11 334 426 341 120 124 304 79 0 193 175 247 256 162 50 -30 129
76 237 289 243 354 149 319 233 136 217 193 0 198 132 91 111 288 168 233
151 99 147 121 208 155 268 274 101 146 175 198 0 188 -13 42 162 105 80
230 106 241 1 166 227 338 328 241 228 247 132 188 0 37 147 263 264 248
158 22 159 61 118 119 323 305 330 180 256 91 -13 37 0 -19 233 263 135
83 112 142 214 98 20 256 321 149 193 162 111 42 147 -19 0 145 106 106
195 207 142 303 467 297 84 38 352 143 50 288 162 263 233 145 0 99 99
285 140 20 216 383 277 68 125 238 93 -30 168 105 264 263 106 99 0 -5
211 192 60 192 285 198 165 137 305 81 129 233 80 248 135 106 99 -5 0
