0 336 241 261 -10 415 287 44 282 230 413 253 106 -60 235 68 268 162 36
336 0 226 203 276 216 259 318 6 217 88 101 281 196 227 266 180 50 256
241 226 0 111 245 234 23 235 258 233 184 159 210 131 -23 195 23 141 129
261 203 111 0 285 258 70 287 256 236 256 110 256 170 -31 185 -7 31 227
-10 276 245 285 0 232 238 55 329 164 319 204 96 -37 352 28 268 184 123
415 216 234 258 232 0 303 501 109 349 19 115 320 412 241 343 244 199 342
287 259 23 70 238 303 0 259 250 328 265 217 197 262 82 316 68 106 152
44 318 235 287 55 501 259 0 235 47 296 302 -86 79 327 94 186 241 51
282 6 258 256 329 109 250 235 0 444 29 22 347 233 359 277 179 186 203
230 217 233 236 164 349 328 47 444 0 265 274 -79 131 230 157 257 148 98
413 88 184 256 319 19 265 296 29 265 0 16 307 301 217 268 174 157 219
253 101 159 110 204 115 217 302 22 274 16 0 237 256 120 146 -1 123 90
106 281 210 256 96 320 197 -86 347 -79 307 237 0 95 218 60 267 103 30
-60 196 131 170 -37 412 262 79 233 131 301 256 95 0 232 -41 192 193 95
235 227 -23 -31 352 241 82 327 359 230 217 120 218 232 0 117 -19 121 222
68 266 195 185 28 343 316 94 277 157 268 146 60 -41 117 0 73 188 4
268 180 23 -7 268 244 68 186 179 257 174 -1 267 192 -19 73 0 21 79
162 50 141 31 184 199 106 241 186 148 157 123 103 193 121 188 21 0 61
36 256 129 227 123 342 152 51 203 98 219 90 30 95 222 4 79 61 0
