0 258 297 33 169 264 207 289 206 97 183 178 206 139 58 156 87 245 133
258 0 282 267 161 251 265 126 319 232 297 205 163 133 245 -11 122 -23 130
297 282 0 236 237 115 170 318 144 88 116 68 77 -25 179 227 108 259 155
33 267 236 0 233 272 206 246 190 210 296 204 345 116 149 211 49 125 166
169 161 237 233 0 265 264 122 316 213 279 162 102 178 236 -36 67 89 10
264 251 115 272 265 0 151 401 94 192 -2 80 92 204 218 250 -38 296 90
207 265 170 206 264 151 0 346 193 153 265 155 111 178 175 245 98 227 154
289 126 318 246 122 401 346 0 365 390 311 225 273 274 298 224 200 74 181
206 319 144 190 316 94 193 365 0 188 -65 181 183 80 219 284 102 332 113
97 232 88 210 213 192 153 390 188 0 153 -96 50 59 200 217 93 176 163
183 297 116 296 279 -2 265 311 -65 153 0 158 -18 130 149 242 185 238 84
178 205 68 204 162 80 155 225 181 -96 158 0 -75 68 137 106 32 73 30
206 163 77 345 102 92 111 273 183 50 -18 -75 0 -28 76 142 93 217 81
139 133 -25 116 178 204 178 274 80 59 130 68 -28 0 199 141 44 128 -4
58 245 179 149 236 218 175 298 219 200 149 137 76 199 0 133 92 123 38
156 -11 227 211 -36 250 245 224 284 217 242 106 142 141 133 0 103 51 82
87 122 108 49 67 -38 98 200 102 93 185 32 93 44 92 103 0 68 -21
245 -23 259 125 89 296 227 74 332 176 238 73 217 128 123 51 68 0 38
133 130 155 166 10 90 154 181 113 163 84 30 81 -4 38 82 -21 38 0
