0 190 268 197 345 306 276 322 285 274 285 214 142 190 217 146 83 139 167
190 0 292 221 369 330 300 346 191 180 309 120 48 214 241 170 107 163 191
268 292 0 187 321 140 252 298 387 376 261 316 244 166 51 122 185 129 157
197 221 187 0 264 225 195 241 316 305 204 245 173 109 136 65 114 58 30
345 369 321 264 0 359 241 97 464 453 60 393 321 155 270 199 262 206 234
306 330 140 225 359 0 290 336 425 414 299 354 282 204 89 160 223 167 195
276 300 252 195 241 290 0 218 395 384 181 324 252 86 201 130 193 137 165
322 346 298 241 97 336 218 0 441 430 37 370 298 132 247 176 239 183 211
285 191 387 316 464 425 395 441 0 131 404 71 143 309 336 265 202 258 286
274 180 376 305 453 414 384 430 131 0 393 60 132 298 325 254 191 247 275
285 309 261 204 60 299 181 37 404 393 0 333 261 95 210 139 202 146 174
214 120 316 245 393 354 324 370 71 60 333 0 72 238 265 194 131 187 215
142 48 244 173 321 282 252 298 143 132 261 72 0 166 193 122 59 115 143
190 214 166 109 155 204 86 132 309 298 95 238 166 0 115 44 107 51 79
217 241 51 136 270 89 201 247 336 325 210 265 193 115 0 71 134 78 106
146 170 122 65 199 160 130 176 265 254 139 194 122 44 71 0 63 7 35
83 107 185 114 262 223 193 239 202 191 202 131 59 107 134 63 0 56 84
139 163 129 58 206 167 137 183 258 247 146 187 115 51 78 7 56 0 28
167 191 157 30 234 195 165 211 286 275 174 215 143 79 106 35 84 28 0
