0 465 333 41 286 309 248 412 315 430 200 392 318 392 66 50 53 262 138
465 0 229 460 614 136 391 86 543 235 490 77 297 87 434 429 336 161 305
333 229 0 435 395 158 352 259 519 32 445 255 57 149 370 311 286 47 190
41 460 435 0 315 421 219 411 311 390 287 408 476 259 214 97 122 324 253
286 614 395 315 0 396 178 449 96 515 108 476 396 389 127 272 87 330 279
309 136 158 421 396 0 408 140 425 204 343 190 169 -4 314 281 290 27 105
248 391 352 219 178 408 0 373 143 390 130 368 466 300 80 140 112 261 172
412 86 259 411 449 140 373 0 506 188 385 127 264 99 384 281 209 169 262
315 543 519 311 96 425 143 506 0 536 104 432 409 336 133 231 134 313 271
430 235 32 390 515 204 390 188 536 0 449 170 48 13 334 322 328 67 238
200 490 445 287 108 343 130 385 104 449 0 376 456 322 78 354 194 286 237
392 77 255 408 476 190 368 127 432 170 376 0 207 120 308 402 191 30 216
318 297 57 476 396 169 466 264 409 48 456 207 0 105 321 379 239 3 157
392 87 149 259 389 -4 300 99 336 13 322 120 105 0 313 155 158 6 79
66 434 370 214 127 314 80 384 133 334 78 308 321 313 0 90 91 209 105
50 429 311 97 272 281 140 281 231 322 354 402 379 155 90 0 51 104 123
53 336 286 122 87 290 112 209 134 328 194 191 239 158 91 51 0 211 91
262 161 47 324 330 27 261 169 313 67 286 30 3 6 209 104 211 0 97
138 305 190 253 279 105 172 262 271 238 237 216 157 79 105 123 91 97 0
