0 112 203 228 123 336 144 228 313 125 265 140 139 40 349 83 90 96 112
112 0 82 233 160 410 214 201 299 -11 277 296 293 123 205 110 130 85 -13
203 82 0 266 308 448 297 347 489 93 303 226 292 127 183 170 183 125 154
228 233 266 0 260 214 73 193 132 196 184 229 25 148 -9 287 202 263 216
123 160 308 260 0 383 224 70 318 222 344 -2 242 194 175 245 106 139 153
336 410 448 214 383 0 299 436 74 397 168 345 230 342 212 369 202 249 154
144 214 297 73 224 299 0 288 156 306 57 163 24 171 113 265 159 203 240
228 201 347 193 70 436 288 0 283 249 337 43 194 152 177 170 96 191 145
313 299 489 132 318 74 156 283 0 265 45 235 83 330 112 343 186 378 309
125 -11 93 196 222 397 306 249 265 0 264 102 173 65 264 32 72 -49 44
265 277 303 184 344 168 57 337 45 264 0 189 113 236 84 297 180 311 253
140 296 226 229 -2 345 163 43 235 102 189 0 192 55 157 191 76 71 62
139 293 292 25 242 230 24 194 83 173 113 192 0 196 12 185 196 213 228
40 123 127 148 194 342 171 152 330 65 236 55 196 0 185 3 102 7 -19
349 205 183 -9 175 212 113 177 112 264 84 157 12 185 0 182 112 149 174
83 110 170 287 245 369 265 170 343 32 297 191 185 3 182 0 190 37 5
90 130 183 202 106 202 159 96 186 72 180 76 196 102 112 190 0 31 59
96 85 125 263 139 249 203 191 378 -49 311 71 213 7 149 37 31 0 98
112 -13 154 216 153 154 240 145 309 44 253 62 228 -19 174 5 59 98 0
