0 180 196 293 268 152 481 390 201 304 319 202 113 352 162 195 426 293 206
180 0 266 275 237 289 434 364 214 227 227 244 159 138 4 36 291 231 154
196 266 0 312 245 409 231 243 326 131 63 309 247 260 219 175 192 37 143
293 275 312 0 51 312 354 370 390 286 285 244 251 24 149 133 256 249 279
268 237 245 51 0 263 265 412 286 431 206 242 248 56 27 41 357 175 212
152 289 409 312 263 0 412 366 105 374 300 49 55 242 198 91 382 319 166
481 434 231 354 265 412 0 204 389 393 183 370 373 312 249 345 142 251 278
390 364 243 370 412 366 204 0 452 219 233 319 322 304 274 327 56 143 319
201 214 326 390 286 105 389 452 0 271 306 82 141 270 186 100 295 180 78
304 227 131 286 431 374 393 219 271 0 40 285 291 406 148 143 151 98 236
319 227 63 285 206 300 183 233 306 40 0 281 339 121 103 83 74 24 149
202 244 309 244 242 49 370 319 82 285 281 0 4 222 157 37 338 145 233
113 159 247 251 248 55 373 322 141 291 339 4 0 209 74 152 316 283 57
352 138 260 24 56 242 312 304 270 406 121 222 209 0 96 42 324 234 208
162 4 219 149 27 198 249 274 186 148 103 157 74 96 0 9 275 119 67
195 36 175 133 41 91 345 327 100 143 83 37 152 42 9 0 86 31 7
426 291 192 256 357 382 142 56 295 151 74 338 316 324 275 86 0 59 95
293 231 37 249 175 319 251 143 180 98 24 145 283 234 119 31 59 0 34
206 154 143 279 212 166 278 319 78 236 149 233 57 208 67 7 95 34 0
