0 283 273 369 221 111 230 326 300 181 141 70 202 132 278 249 103 193 246
283 0 152 266 298 254 307 223 197 258 218 213 81 209 175 146 180 90 143
273 152 0 256 288 244 297 213 187 248 208 203 71 199 165 136 170 80 133
369 266 256 0 384 340 393 139 171 344 304 299 185 295 91 120 266 176 123
221 298 288 384 0 192 169 341 315 138 80 151 217 89 293 264 118 208 261
111 254 244 340 192 0 201 297 271 152 112 41 173 103 249 220 74 164 217
230 307 297 393 169 201 0 350 324 147 89 160 226 98 302 273 127 217 270
326 223 213 139 341 297 350 0 128 301 261 256 142 252 48 77 223 133 80
300 197 187 171 315 271 324 128 0 275 235 230 116 226 80 51 197 107 54
181 258 248 344 138 152 147 301 275 0 58 111 177 49 253 224 78 168 221
141 218 208 304 80 112 89 261 235 58 0 71 137 9 213 184 38 128 181
70 213 203 299 151 41 160 256 230 111 71 0 132 62 208 179 33 123 176
202 81 71 185 217 173 226 142 116 177 137 132 0 128 94 65 99 9 62
132 209 199 295 89 103 98 252 226 49 9 62 128 0 204 175 29 119 172
278 175 165 91 293 249 302 48 80 253 213 208 94 204 0 29 175 85 32
249 146 136 120 264 220 273 77 51 224 184 179 65 175 29 0 146 56 3
103 180 170 266 118 74 127 223 197 78 38 33 99 29 175 146 0 90 143
193 90 80 176 208 164 217 133 107 168 128 123 9 119 85 56 90 0 53
246 143 133 123 261 217 270 80 54 221 181 176 62 172 32 3 143 53 0
