0 338 84 338 325 296 332 233 328 370 287 307 252 240 304 80 215 151 200
338 0 262 246 233 130 190 269 162 94 121 31 86 98 212 258 123 187 138
84 262 0 262 249 220 256 157 252 294 211 231 176 164 228 4 139 75 124
338 246 262 0 55 204 240 269 236 278 195 215 160 148 34 258 123 187 138
325 233 249 55 0 191 227 256 223 265 182 202 147 135 21 245 110 174 125
296 130 220 204 191 0 148 227 50 162 9 99 44 56 170 216 81 145 96
332 190 256 240 227 148 0 263 180 222 139 159 104 92 206 252 117 181 132
233 269 157 269 256 227 263 0 259 301 218 238 183 171 235 153 146 82 131
328 162 252 236 223 50 180 259 0 194 41 131 76 88 202 248 113 177 128
370 94 294 278 265 162 222 301 194 0 153 63 118 130 244 290 155 219 170
287 121 211 195 182 9 139 218 41 153 0 90 35 47 161 207 72 136 87
307 31 231 215 202 99 159 238 131 63 90 0 55 67 181 227 92 156 107
252 86 176 160 147 44 104 183 76 118 35 55 0 12 126 172 37 101 52
240 98 164 148 135 56 92 171 88 130 47 67 12 0 114 160 25 89 40
304 212 228 34 21 170 206 235 202 244 161 181 126 114 0 224 89 153 104
80 258 4 258 245 216 252 153 248 290 207 227 172 160 224 0 135 71 120
215 123 139 123 110 81 117 146 113 155 72 92 37 25 89 135 0 64 15
151 187 75 187 174 145 181 82 177 219 136 156 101 89 153 71 64 0 49
200 138 124 138 125 96 132 131 128 170 87 107 52 40 104 120 15 49 0
