0 71 354 387 332 389 155 288 408 199 361 20 118 191 346 247 341 294 296
71 0 385 418 363 420 186 319 439 230 392 51 149 222 377 278 372 325 327
354 385 0 59 98 51 273 148 70 171 23 334 236 163 8 107 13 60 58
387 418 59 0 131 94 306 181 113 204 66 367 269 196 51 140 46 93 91
332 363 98 131 0 133 251 126 152 149 105 312 214 141 90 85 85 38 40
389 420 51 94 133 0 308 183 75 206 28 369 271 198 43 142 48 95 93
155 186 273 306 251 308 0 207 327 118 280 135 37 110 265 166 260 213 215
288 319 148 181 126 183 207 0 202 105 155 268 170 97 140 41 135 88 90
408 439 70 113 152 75 327 202 0 225 47 388 290 217 62 161 67 114 112
199 230 171 204 149 206 118 105 225 0 178 179 81 8 163 64 158 111 113
361 392 23 66 105 28 280 155 47 178 0 341 243 170 15 114 20 67 65
20 51 334 367 312 369 135 268 388 179 341 0 98 171 326 227 321 274 276
118 149 236 269 214 271 37 170 290 81 243 98 0 73 228 129 223 176 178
191 222 163 196 141 198 110 97 217 8 170 171 73 0 155 56 150 103 105
346 377 8 51 90 43 265 140 62 163 15 326 228 155 0 99 5 52 50
247 278 107 140 85 142 166 41 161 64 114 227 129 56 99 0 94 47 49
341 372 13 46 85 48 260 135 67 158 20 321 223 150 5 94 0 47 45
294 325 60 93 38 95 213 88 114 111 67 274 176 103 52 47 47 0 2
296 327 58 91 40 93 215 90 112 113 65 276 178 105 50 49 45 2 0
