0 280 278 288 345 201 339 294 78 196 28 261 102 245 209 113 165 197 278
280 0 68 238 231 255 97 244 302 272 252 19 178 35 159 167 115 83 164
278 68 0 236 229 253 127 242 300 270 250 49 176 33 157 165 113 81 162
288 238 236 0 303 263 297 164 310 280 260 219 186 203 79 175 123 155 236
345 231 229 303 0 320 290 309 367 337 317 212 243 196 224 232 180 148 67
201 255 253 263 320 0 314 269 223 193 173 236 99 220 184 88 140 172 253
339 97 127 297 290 314 0 303 361 331 311 78 237 94 218 226 174 142 223
294 244 242 164 309 269 303 0 316 286 266 225 192 209 85 181 129 161 242
78 302 300 310 367 223 361 316 0 218 50 283 124 267 231 135 187 219 300
196 272 270 280 337 193 331 286 218 0 168 253 94 237 201 105 157 189 270
28 252 250 260 317 173 311 266 50 168 0 233 74 217 181 85 137 169 250
261 19 49 219 212 236 78 225 283 253 233 0 159 16 140 148 96 64 145
102 178 176 186 243 99 237 192 124 94 74 159 0 143 107 11 63 95 176
245 35 33 203 196 220 94 209 267 237 217 16 143 0 124 132 80 48 129
209 159 157 79 224 184 218 85 231 201 181 140 107 124 0 96 44 76 157
113 167 165 175 232 88 226 181 135 105 85 148 11 132 96 0 52 84 165
165 115 113 123 180 140 174 129 187 157 137 96 63 80 44 52 0 32 113
197 83 81 155 148 172 142 161 219 189 169 64 95 48 76 84 32 0 81
278 164 162 236 67 253 223 242 300 270 250 145 176 129 157 165 113 81 0
