0 286 445 32 323 242 187 372 291 469 170 376 293 146 123 242 142 257 127
286 0 324 239 39 304 247 177 296 290 310 275 157 292 288 56 239 150 219
445 324 0 344 253 420 370 58 486 57 439 20 63 405 416 224 316 147 235
32 239 344 0 255 190 217 300 249 490 227 292 258 249 43 305 164 289 228
323 39 253 255 0 260 258 179 334 267 274 242 126 275 276 -18 283 47 165
242 304 420 190 260 0 31 375 38 420 -72 344 249 55 232 234 33 265 194
187 247 370 217 258 31 0 348 134 404 -8 310 317 55 98 294 96 262 21
372 177 58 300 179 375 348 0 336 94 298 127 18 310 374 47 199 6 230
291 296 486 249 334 38 134 336 0 367 86 386 352 69 179 329 61 227 307
469 290 57 490 267 420 404 94 367 0 435 70 94 373 413 196 339 197 233
170 310 439 227 274 -72 -8 298 86 435 0 353 364 -54 127 146 55 218 227
376 275 20 292 242 344 310 127 386 70 353 0 16 274 215 155 277 138 144
293 157 63 258 126 249 317 18 352 94 364 16 0 252 309 135 248 37 154
146 292 405 249 275 55 55 310 69 373 -54 274 252 0 117 252 60 197 58
123 288 416 43 276 232 98 374 179 413 127 215 309 117 0 254 148 302 132
242 56 224 305 -18 234 294 47 329 196 146 155 135 252 254 0 192 6 76
142 239 316 164 283 33 96 199 61 339 55 277 248 60 148 192 0 152 69
257 150 147 289 47 265 262 6 227 197 218 138 37 197 302 6 152 0 134
127 219 235 228 165 194 21 230 307 233 227 144 154 58 132 76 69 134 0
