0 375 317 161 214 259 361 240 156 221 133 302 256 151 213 199 106 81 104
375 0 266 324 191 208 132 453 319 434 296 73 205 364 162 176 269 294 271
317 266 0 266 133 64 252 395 261 376 238 193 61 306 104 118 211 236 213
161 324 266 0 163 208 310 239 51 220 28 251 205 150 162 148 55 80 57
214 191 133 163 0 75 177 292 158 273 135 118 72 203 29 15 108 133 110
259 208 64 208 75 0 194 337 203 318 180 135 3 248 46 60 153 178 155
361 132 252 310 177 194 0 439 305 420 282 59 191 350 148 162 255 280 257
240 453 395 239 292 337 439 0 234 159 211 380 334 89 291 277 184 159 182
156 319 261 51 158 203 305 234 0 215 23 246 200 145 157 143 50 75 52
221 434 376 220 273 318 420 159 215 0 192 361 315 70 272 258 165 140 163
133 296 238 28 135 180 282 211 23 192 0 223 177 122 134 120 27 52 29
302 73 193 251 118 135 59 380 246 361 223 0 132 291 89 103 196 221 198
256 205 61 205 72 3 191 334 200 315 177 132 0 245 43 57 150 175 152
151 364 306 150 203 248 350 89 145 70 122 291 245 0 202 188 95 70 93
213 162 104 162 29 46 148 291 157 272 134 89 43 202 0 14 107 132 109
199 176 118 148 15 60 162 277 143 258 120 103 57 188 14 0 93 118 95
106 269 211 55 108 153 255 184 50 165 27 196 150 95 107 93 0 25 2
81 294 236 80 133 178 280 159 75 140 52 221 175 70 132 118 25 0 23
104 271 213 57 110 155 257 182 52 163 29 198 152 93 109 95 2 23 0
