0 369 123 243 176 289 121 218 379 311 45 199 204 219 266 252 17 195 219
369 0 180 338 221 311 136 28 147 -44 232 268 86 112 43 -2 116 113 6
123 180 0 161 165 109 224 229 315 154 -92 126 204 137 170 238 86 56 132
243 338 161 0 80 322 207 262 435 278 25 -13 257 357 227 235 97 66 271
176 221 165 80 0 347 243 264 425 217 207 40 142 265 312 191 152 253 258
289 311 109 322 347 0 85 204 310 217 185 312 52 260 172 210 148 169 149
121 136 224 207 243 85 0 254 240 101 135 19 -6 140 66 112 56 69 71
218 28 229 262 264 204 254 0 236 101 138 175 196 10 117 80 133 117 131
379 147 315 435 425 310 240 236 0 50 333 355 216 112 111 179 279 197 102
311 -44 154 278 217 217 101 101 50 0 83 209 117 -25 -10 -21 238 10 182
45 232 -92 25 207 185 135 138 333 83 0 11 100 218 173 210 22 170 183
199 268 126 -13 40 312 19 175 355 209 11 0 276 185 271 230 49 154 212
204 86 204 257 142 52 -6 196 216 117 100 276 0 136 142 134 111 -28 2
219 112 137 357 265 260 140 10 112 -25 218 185 136 0 61 -13 219 126 125
266 43 170 227 312 172 66 117 111 -10 173 271 142 61 0 105 156 119 31
252 -2 238 235 191 210 112 80 179 -21 210 230 134 -13 105 0 88 17 99
17 116 86 97 152 148 56 133 279 238 22 49 111 219 156 88 0 48 75
195 113 56 66 253 169 69 117 197 10 170 154 -28 126 119 17 48 0 71
219 6 132 271 258 149 71 131 102 182 183 212 2 125 31 99 75 71 0
