0 151 272 277 282 255 170 182 115 223 127 147 50 22 73 194 94 207 112
151 0 422 408 214 70 368 44 271 261 288 275 222 113 203 10 136 58 29
272 422 0 184 424 447 288 365 217 303 209 57 172 248 212 346 304 227 174
277 408 184 0 464 435 172 294 225 229 283 56 68 142 161 338 334 252 247
282 214 424 464 0 176 381 128 350 225 324 296 205 176 245 45 101 172 197
255 70 447 435 176 0 315 161 364 362 349 340 167 237 267 46 75 60 124
170 368 288 172 381 315 0 272 223 21 65 265 159 125 58 262 202 179 166
182 44 365 294 128 161 272 0 266 279 307 242 165 183 158 181 6 24 50
115 271 217 225 350 364 223 266 0 278 323 -46 100 172 142 203 193 186 112
223 261 303 229 225 362 21 279 278 0 28 86 203 104 80 260 199 174 114
127 288 209 283 324 349 65 307 323 28 0 154 112 126 58 238 296 212 133
147 275 57 56 296 340 265 242 -46 86 154 0 78 29 128 270 171 191 102
50 222 172 68 205 167 159 165 100 203 112 78 0 -33 -23 250 132 185 5
22 113 248 142 176 237 125 183 172 104 126 29 -33 0 -59 261 63 112 19
73 203 212 161 245 267 58 158 142 80 58 128 -23 -59 0 172 89 71 -53
194 10 346 338 45 46 262 181 203 260 238 270 250 261 172 0 5 -7 111
94 136 304 334 101 75 202 6 193 199 296 171 132 63 89 5 0 6 26
207 58 227 252 172 60 179 24 186 174 212 191 185 112 71 -7 6 0 42
112 29 174 247 197 124 166 50 112 114 133 102 5 19 -53 111 26 42 0
