0 373 313 330 415 296 396 233 105 51 285 333 284 86 191 180 113 32 137
373 0 201 386 86 354 324 130 391 318 308 46 77 362 106 122 375 334 382
313 201 0 389 144 250 248 179 431 326 315 13 -34 320 8 256 224 146 237
330 386 389 0 384 288 405 232 270 175 302 365 272 179 220 305 137 122 94
415 86 144 384 0 386 381 219 483 336 369 76 -21 279 298 203 357 324 372
296 354 250 288 386 0 44 172 356 301 -3 204 245 332 227 113 209 168 339
396 324 248 405 381 44 0 144 320 214 23 232 280 266 179 96 214 255 260
233 130 179 232 219 172 144 0 299 157 217 173 89 194 -102 2 128 195 167
105 391 431 270 483 356 320 299 0 189 277 346 321 46 309 243 83 186 295
51 318 326 175 336 301 214 157 189 0 157 231 251 7 79 94 0 30 115
285 308 315 302 369 -3 23 217 277 157 0 225 208 190 139 16 108 213 205
333 46 13 365 76 204 232 173 346 231 225 0 -24 237 39 181 259 272 243
284 77 -34 272 -21 245 280 89 321 251 208 -24 0 273 41 39 200 213 223
86 362 320 179 279 332 266 194 46 7 190 237 273 0 253 152 32 74 216
191 106 8 220 298 227 179 -102 309 79 139 39 41 253 0 -15 120 58 119
180 122 256 305 203 113 96 2 243 94 16 181 39 152 -15 0 61 52 89
113 375 224 137 357 209 214 128 83 0 108 259 200 32 120 61 0 52 168
32 334 146 122 324 168 255 195 186 30 213 272 213 74 58 52 52 0 38
137 382 237 94 372 339 260 167 295 115 205 243 223 216 119 89 168 38 0
