0 173 410 257 187 106 338 261 201 129 176 69 236 142 298 283 70 119 258
173 0 25 348 324 222 230 250 147 212 270 298 69 200 125 345 171 100 141
410 25 0 245 381 162 273 174 246 296 204 236 113 168 107 107 176 165 190
257 348 245 0 334 339 368 134 212 357 286 216 234 283 79 97 274 120 161
187 324 381 334 0 132 34 380 332 147 78 204 101 39 271 266 94 159 229
106 222 162 339 132 0 197 229 247 195 137 -96 200 145 192 267 -5 241 217
338 230 273 368 34 197 0 332 242 139 61 91 248 41 279 240 154 269 267
261 250 174 134 380 229 332 0 118 335 373 231 96 324 105 109 185 68 18
201 147 246 212 332 247 242 118 0 240 204 178 37 199 84 -41 223 114 17
129 212 296 357 147 195 139 335 240 0 9 208 166 54 240 111 71 185 190
176 270 204 286 78 137 61 373 204 9 0 78 148 27 218 185 36 163 272
69 298 236 216 204 -96 91 231 178 208 78 0 83 -35 259 162 -9 111 263
236 69 113 234 101 200 248 96 37 166 148 83 0 87 159 128 98 72 87
142 200 168 283 39 145 41 324 199 54 27 -35 87 0 132 161 55 145 182
298 125 107 79 271 192 279 105 84 240 218 259 159 132 0 -32 269 109 27
283 345 107 97 266 267 240 109 -41 111 185 162 128 161 -32 0 127 -1 -58
70 171 176 274 94 -5 154 185 223 71 36 -9 98 55 269 127 0 137 179
119 100 165 120 159 241 269 68 114 185 163 111 72 145 109 -1 137 0 58
258 141 190 161 229 217 267 18 17 190 272 263 87 182 27 -58 179 58 0
