0 235 323 323 415 75 427 375 54 208 24 323 110 352 330 47 192 204 355
235 0 285 56 348 142 275 326 389 249 215 265 212 282 78 174 58 230 267
323 285 0 270 208 218 142 128 504 370 277 92 259 14 276 199 174 96 224
323 56 270 0 350 283 388 370 333 205 319 271 212 355 28 263 164 306 258
415 348 208 350 0 364 312 312 482 424 412 156 361 297 288 386 155 207 60
75 142 218 283 364 0 408 363 212 96 58 334 65 238 168 3 30 169 264
427 275 142 388 312 408 0 205 564 408 406 101 299 151 301 266 287 106 199
375 326 128 370 312 363 205 0 491 496 378 77 322 98 315 262 314 179 262
54 389 504 333 482 212 564 491 0 269 61 475 223 450 310 123 275 360 462
208 249 370 205 424 96 408 496 269 0 144 345 142 299 243 93 139 235 346
24 215 277 319 412 58 406 378 61 144 0 362 61 272 180 -9 187 277 317
323 265 92 271 156 334 101 77 475 345 362 0 283 96 232 295 298 63 107
110 212 259 212 361 65 299 322 223 142 61 283 0 234 138 -32 210 185 269
352 282 14 355 297 238 151 98 450 299 272 96 234 0 183 224 154 108 125
330 78 276 28 288 168 301 315 310 243 180 232 138 183 0 161 116 116 266
47 174 199 263 386 3 266 262 123 93 -9 295 -32 224 161 0 4 183 291
192 58 174 164 155 30 287 314 275 139 187 298 210 154 116 4 0 134 142
204 230 96 306 207 169 106 179 360 235 277 63 185 108 116 183 134 0 94
355 267 224 258 60 264 199 262 462 346 317 107 269 125 266 291 142 94 0
