0 249 458 373 323 311 252 414 277 55 304 -43 297 297 130 151 126 66 61
249 0 436 475 159 506 401 554 136 352 436 169 459 397 92 263 96 110 222
458 436 0 190 461 282 266 330 398 403 173 280 236 99 243 224 352 161 342
373 475 190 0 427 252 278 152 513 437 194 333 92 97 454 238 437 333 298
323 159 461 427 0 452 273 336 161 235 411 145 348 176 80 230 80 52 111
311 506 282 252 452 0 428 58 524 462 48 458 154 157 499 247 384 295 333
252 401 266 278 273 428 0 311 213 310 320 317 174 145 238 98 205 143 202
414 554 330 152 336 58 311 0 399 387 -49 378 84 133 347 206 358 320 281
277 136 398 513 161 524 213 399 0 250 402 229 316 229 91 221 51 148 99
55 352 403 437 235 462 310 387 250 0 418 11 266 265 262 99 139 135 89
304 436 173 194 411 48 320 -49 402 418 0 325 13 96 449 266 293 241 262
-43 169 280 333 145 458 317 378 229 11 325 0 286 297 276 137 114 11 104
297 459 236 92 348 154 174 84 316 266 13 286 0 33 279 149 313 211 195
297 397 99 97 176 157 145 133 229 265 96 297 33 0 290 53 177 189 118
130 92 243 454 80 499 238 347 91 262 449 276 279 290 0 170 62 102 138
151 263 224 238 230 247 98 206 221 99 266 137 149 53 170 0 91 142 116
126 96 352 437 80 384 205 358 51 139 293 114 313 177 62 91 0 150 25
66 110 161 333 52 295 143 320 148 135 241 11 211 189 102 142 150 0 58
61 222 342 298 111 333 202 281 99 89 262 104 195 118 138 116 25 58 0
