0 148 207 226 273 319 180 216 59 397 309 143 27 261 175 145 58 119 129
148 0 239 136 131 177 38 248 153 255 167 175 121 119 33 3 90 29 39
207 239 0 317 364 410 271 137 212 488 400 64 180 352 266 236 149 210 220
226 136 317 0 261 307 168 326 231 385 297 253 199 249 163 133 168 107 97
273 131 364 261 0 70 103 373 278 148 60 300 246 12 98 128 215 154 164
319 177 410 307 70 0 149 419 324 98 10 346 292 58 144 174 261 200 210
180 38 271 168 103 149 0 280 185 227 139 207 153 91 5 35 122 61 71
216 248 137 326 373 419 280 0 221 497 409 73 189 361 275 245 158 219 229
59 153 212 231 278 324 185 221 0 402 314 148 32 266 180 150 63 124 134
397 255 488 385 148 98 227 497 402 0 88 424 370 136 222 252 339 278 288
309 167 400 297 60 10 139 409 314 88 0 336 282 48 134 164 251 190 200
143 175 64 253 300 346 207 73 148 424 336 0 116 288 202 172 85 146 156
27 121 180 199 246 292 153 189 32 370 282 116 0 234 148 118 31 92 102
261 119 352 249 12 58 91 361 266 136 48 288 234 0 86 116 203 142 152
175 33 266 163 98 144 5 275 180 222 134 202 148 86 0 30 117 56 66
145 3 236 133 128 174 35 245 150 252 164 172 118 116 30 0 87 26 36
58 90 149 168 215 261 122 158 63 339 251 85 31 203 117 87 0 61 71
119 29 210 107 154 200 61 219 124 278 190 146 92 142 56 26 61 0 10
129 39 220 97 164 210 71 229 134 288 200 156 102 152 66 36 71 10 0
