0 361 367 161 438 317 300 276 384 401 304 347 270 233 80 305 170 265 255
361 0 118 362 459 338 321 107 405 422 325 368 291 254 281 56 191 96 106
367 118 0 368 465 344 327 113 411 428 331 374 297 260 287 62 197 102 112
161 362 368 0 439 318 301 277 385 402 305 348 271 234 81 306 171 266 256
438 459 465 439 0 215 272 374 282 145 202 91 168 205 358 403 268 363 353
317 338 344 318 215 0 151 253 93 178 13 124 47 84 237 282 147 242 232
300 321 327 301 272 151 0 236 218 235 138 181 104 67 220 265 130 225 215
276 107 113 277 374 253 236 0 320 337 240 283 206 169 196 51 106 11 21
384 405 411 385 282 93 218 320 0 245 80 191 114 151 304 349 214 309 299
401 422 428 402 145 178 235 337 245 0 165 54 131 168 321 366 231 326 316
304 325 331 305 202 13 138 240 80 165 0 111 34 71 224 269 134 229 219
347 368 374 348 91 124 181 283 191 54 111 0 77 114 267 312 177 272 262
270 291 297 271 168 47 104 206 114 131 34 77 0 37 190 235 100 195 185
233 254 260 234 205 84 67 169 151 168 71 114 37 0 153 198 63 158 148
80 281 287 81 358 237 220 196 304 321 224 267 190 153 0 225 90 185 175
305 56 62 306 403 282 265 51 349 366 269 312 235 198 225 0 135 40 50
170 191 197 171 268 147 130 106 214 231 134 177 100 63 90 135 0 95 85
265 96 102 266 363 242 225 11 309 326 229 272 195 158 185 40 95 0 10
255 106 112 256 353 232 215 21 299 316 219 262 185 148 175 50 85 10 0
