0 247 287 285 336 143 310 304 194 336 273 238 247 181 153 123 110 87 175
247 0 360 358 409 216 383 377 267 409 346 311 320 254 226 196 183 160 72
287 360 0 266 403 210 377 285 261 147 340 49 228 248 134 190 177 200 288
285 358 266 0 401 208 375 95 259 315 338 217 38 246 132 188 175 198 286
336 409 403 401 0 233 100 420 168 452 63 354 363 155 269 213 226 249 337
143 216 210 208 233 0 207 227 91 259 170 161 170 78 76 20 33 56 144
310 383 377 375 100 207 0 394 142 426 37 328 337 129 243 187 200 223 311
304 377 285 95 420 227 394 0 278 334 357 236 57 265 151 207 194 217 305
194 267 261 259 168 91 142 278 0 310 105 212 221 13 127 71 84 107 195
336 409 147 315 452 259 426 334 310 0 389 98 277 297 183 239 226 249 337
273 346 340 338 63 170 37 357 105 389 0 291 300 92 206 150 163 186 274
238 311 49 217 354 161 328 236 212 98 291 0 179 199 85 141 128 151 239
247 320 228 38 363 170 337 57 221 277 300 179 0 208 94 150 137 160 248
181 254 248 246 155 78 129 265 13 297 92 199 208 0 114 58 71 94 182
153 226 134 132 269 76 243 151 127 183 206 85 94 114 0 56 43 66 154
123 196 190 188 213 20 187 207 71 239 150 141 150 58 56 0 13 36 124
110 183 177 175 226 33 200 194 84 226 163 128 137 71 43 13 0 23 111
87 160 200 198 249 56 223 217 107 249 186 151 160 94 66 36 23 0 88
175 72 288 286 337 144 311 305 195 337 274 239 248 182 154 124 111 88 0
