0 119 242 220 200 269 216 222 152 183 168 115 96 165 177 133 43 117 155
119 0 275 253 233 302 249 255 79 110 201 42 23 198 210 166 76 150 188
242 275 0 228 176 157 192 198 308 339 144 271 252 141 65 109 199 125 163
220 253 228 0 186 255 202 208 286 317 154 249 230 151 163 119 177 103 65
200 233 176 186 0 203 86 86 266 297 32 229 210 35 111 67 157 83 121
269 302 157 255 203 0 219 225 335 366 171 298 279 168 92 136 226 152 190
216 249 192 202 86 219 0 108 282 313 54 245 226 51 127 83 173 99 137
222 255 198 208 86 225 108 0 288 319 54 251 232 57 133 89 179 105 143
152 79 308 286 266 335 282 288 0 105 234 37 56 231 243 199 109 183 221
183 110 339 317 297 366 313 319 105 0 265 68 87 262 274 230 140 214 252
168 201 144 154 32 171 54 54 234 265 0 197 178 3 79 35 125 51 89
115 42 271 249 229 298 245 251 37 68 197 0 19 194 206 162 72 146 184
96 23 252 230 210 279 226 232 56 87 178 19 0 175 187 143 53 127 165
165 198 141 151 35 168 51 57 231 262 3 194 175 0 76 32 122 48 86
177 210 65 163 111 92 127 133 243 274 79 206 187 76 0 44 134 60 98
133 166 109 119 67 136 83 89 199 230 35 162 143 32 44 0 90 16 54
43 76 199 177 157 226 173 179 109 140 125 72 53 122 134 90 0 74 112
117 150 125 103 83 152 99 105 183 214 51 146 127 48 60 16 74 0 38
155 188 163 65 121 190 137 143 221 252 89 184 165 86 98 54 112 38 0
