0 172 235 357 188 447 231 260 431 67 354 232 299 200 42 117 186 70 157
172 0 267 389 126 479 263 292 463 155 386 264 331 232 130 55 218 102 189
235 267 0 220 283 310 94 31 294 218 217 3 162 63 193 212 49 165 78
357 389 220 0 405 206 188 245 190 340 113 217 58 157 315 334 171 287 200
188 126 283 405 0 495 279 308 479 171 402 280 347 248 146 71 234 118 205
447 479 310 206 495 0 278 335 170 430 93 307 148 247 405 424 261 377 290
231 263 94 188 279 278 0 119 262 214 185 91 130 31 189 208 45 161 74
260 292 31 245 308 335 119 0 319 243 242 28 187 88 218 237 74 190 103
431 463 294 190 479 170 262 319 0 414 77 291 132 231 389 408 245 361 274
67 155 218 340 171 430 214 243 414 0 337 215 282 183 25 100 169 53 140
354 386 217 113 402 93 185 242 77 337 0 214 55 154 312 331 168 284 197
232 264 3 217 280 307 91 28 291 215 214 0 159 60 190 209 46 162 75
299 331 162 58 347 148 130 187 132 282 55 159 0 99 257 276 113 229 142
200 232 63 157 248 247 31 88 231 183 154 60 99 0 158 177 14 130 43
42 130 193 315 146 405 189 218 389 25 312 190 257 158 0 75 144 28 115
117 55 212 334 71 424 208 237 408 100 331 209 276 177 75 0 163 47 134
186 218 49 171 234 261 45 74 245 169 168 46 113 14 144 163 0 116 29
70 102 165 287 118 377 161 190 361 53 284 162 229 130 28 47 116 0 87
157 189 78 200 205 290 74 103 274 140 197 75 142 43 115 134 29 87 0
