0 368 333 202 280 330 346 223 59 347 84 366 209 151 196 200 80 69 76
368 0 224 337 271 228 141 569 375 484 404 -70 206 315 241 199 229 352 280
333 224 0 215 41 183 223 409 222 386 210 216 78 296 99 29 190 186 200
202 337 215 0 151 106 292 240 70 303 45 416 170 232 287 220 76 28 77
280 271 41 151 0 136 155 278 129 283 40 205 78 347 13 -77 63 -1 154
330 228 183 106 136 0 127 351 181 291 293 135 -82 234 149 -18 196 189 225
346 141 223 292 155 127 0 412 296 403 197 55 129 255 94 173 230 265 280
223 569 409 240 278 351 412 0 239 160 180 387 286 48 238 279 173 154 235
59 375 222 70 129 181 296 239 0 237 -36 276 121 169 196 161 76 59 137
347 484 386 303 283 291 403 160 237 0 201 323 335 174 251 296 252 141 217
84 404 210 45 40 293 197 180 -36 201 0 191 118 84 33 36 -77 14 52
366 -70 216 416 205 135 55 387 276 323 191 0 75 318 147 27 224 200 217
209 206 78 170 78 -82 129 286 121 335 118 75 0 270 66 15 108 174 137
151 315 296 232 347 234 255 48 169 174 84 318 270 0 212 146 115 -8 -41
196 241 99 287 13 149 94 238 196 251 33 147 66 212 0 -16 91 98 91
200 199 29 220 -77 -18 173 279 161 296 36 27 15 146 -16 0 240 187 116
80 229 190 76 63 196 230 173 76 252 -77 224 108 115 91 240 0 -56 71
69 352 186 28 -1 189 265 154 59 141 14 200 174 -8 98 187 -56 0 119
76 280 200 77 154 225 280 235 137 217 52 217 137 -41 91 116 71 119 0
