0 189 232 321 361 93 312 210 189 300 297 159 241 195 147 106 181 114 167
189 0 434 379 411 234 385 340 299 355 217 341 383 215 249 174 103 228 69
232 434 0 159 394 338 375 396 221 126 322 99 265 341 109 102 203 271 341
321 379 159 0 298 162 473 66 273 254 281 133 161 292 168 132 257 139 206
361 411 394 298 0 178 65 424 155 388 78 404 333 177 299 219 184 267 270
93 234 338 162 178 0 191 283 83 257 120 174 207 116 88 -9 89 -22 117
312 385 375 473 65 191 0 391 147 477 32 329 326 67 246 201 215 248 307
210 340 396 66 424 283 391 0 245 335 393 282 -21 336 122 222 191 139 383
189 299 221 273 155 83 147 245 0 314 62 231 205 57 87 169 185 57 146
300 355 126 254 388 257 477 335 314 0 393 30 256 320 174 193 345 287 370
297 217 322 281 78 120 32 393 62 393 0 381 353 61 302 152 103 162 303
159 341 99 133 404 174 329 282 231 30 381 0 160 273 99 25 113 108 301
241 383 265 161 333 207 326 -21 205 256 353 160 0 197 192 134 74 206 242
195 215 341 292 177 116 67 336 57 320 61 273 197 0 114 74 97 107 229
147 249 109 168 299 88 246 122 87 174 302 99 192 114 0 41 23 62 129
106 174 102 132 219 -9 201 222 169 193 152 25 134 74 41 0 90 32 125
181 103 203 257 184 89 215 191 185 345 103 113 74 97 23 90 0 32 141
114 228 271 139 267 -22 248 139 57 287 162 108 206 107 62 32 32 0 69
167 69 341 206 270 117 307 383 146 370 303 301 242 229 129 125 141 69 0
