0 283 349 318 331 143 451 428 145 379 301 108 88 304 219 183 364 283 195
283 0 266 163 176 250 368 345 252 296 218 215 195 149 64 100 281 200 112
349 266 0 301 314 316 234 211 318 126 48 281 261 287 202 166 147 66 154
318 163 301 0 41 285 403 380 287 331 253 250 230 14 99 135 316 235 147
331 176 314 41 0 298 416 393 300 344 266 263 243 27 112 148 329 248 160
143 250 316 285 298 0 418 395 72 346 268 35 55 271 186 150 331 250 162
451 368 234 403 416 418 0 151 420 264 186 383 363 389 304 268 87 168 256
428 345 211 380 393 395 151 0 397 241 163 360 340 366 281 245 64 145 233
145 252 318 287 300 72 420 397 0 348 270 37 57 273 188 152 333 252 164
379 296 126 331 344 346 264 241 348 0 78 311 291 317 232 196 177 96 184
301 218 48 253 266 268 186 163 270 78 0 233 213 239 154 118 99 18 106
108 215 281 250 263 35 383 360 37 311 233 0 20 236 151 115 296 215 127
88 195 261 230 243 55 363 340 57 291 213 20 0 216 131 95 276 195 107
304 149 287 14 27 271 389 366 273 317 239 236 216 0 85 121 302 221 133
219 64 202 99 112 186 304 281 188 232 154 151 131 85 0 36 217 136 48
183 100 166 135 148 150 268 245 152 196 118 115 95 121 36 0 181 100 12
364 281 147 316 329 331 87 64 333 177 99 296 276 302 217 181 0 81 169
283 200 66 235 248 250 168 145 252 96 18 215 195 221 136 100 81 0 88
195 112 154 147 160 162 256 233 164 184 106 127 107 133 48 12 169 88 0
