0 300 267 169 223 363 311 91 289 249 287 198 247 199 76 196 25 181 100
300 0 73 419 161 301 249 341 227 187 225 136 53 137 326 134 275 119 200
267 73 0 386 128 268 216 308 194 154 192 103 20 104 293 101 242 86 167
169 419 386 0 342 482 430 108 408 368 406 317 366 318 93 315 144 300 219
223 161 128 342 0 194 142 264 116 80 118 25 108 30 249 27 198 42 123
363 301 268 482 194 0 100 404 260 214 76 169 248 164 389 167 338 182 263
311 249 216 430 142 100 0 352 208 162 24 117 196 112 337 115 286 130 211
91 341 308 108 264 404 352 0 330 290 328 239 288 240 15 237 66 222 141
289 227 194 408 116 260 208 330 0 146 184 91 174 96 315 93 264 108 189
249 187 154 368 80 214 162 290 146 0 138 55 134 50 275 53 224 68 149
287 225 192 406 118 76 24 328 184 138 0 93 172 88 313 91 262 106 187
198 136 103 317 25 169 117 239 91 55 93 0 83 5 224 2 173 17 98
247 53 20 366 108 248 196 288 174 134 172 83 0 84 273 81 222 66 147
199 137 104 318 30 164 112 240 96 50 88 5 84 0 225 3 174 18 99
76 326 293 93 249 389 337 15 315 275 313 224 273 225 0 222 51 207 126
196 134 101 315 27 167 115 237 93 53 91 2 81 3 222 0 171 15 96
25 275 242 144 198 338 286 66 264 224 262 173 222 174 51 171 0 156 75
181 119 86 300 42 182 130 222 108 68 106 17 66 18 207 15 156 0 81
100 200 167 219 123 263 211 141 189 149 187 98 147 99 126 96 75 81 0
