0 225 416 464 352 430 323 579 138 268 181 41 414 407 407 259 400 242 220
225 0 471 486 401 490 199 381 172 258 21 193 383 388 449 200 339 256 119
416 471 0 230 111 313 461 325 428 270 469 365 -55 160 232 280 193 142 285
464 486 230 0 249 385 556 420 436 363 371 360 56 106 363 290 274 230 304
352 401 111 249 0 396 445 350 349 211 387 278 103 86 310 219 302 66 279
430 490 313 385 396 0 488 69 412 92 397 394 257 304 111 317 34 180 248
323 199 461 556 445 488 0 512 211 261 97 123 299 310 316 95 407 237 179
579 381 325 420 350 69 512 0 433 233 347 475 359 247 1 453 237 213 246
138 172 428 436 349 412 211 433 0 343 77 -65 291 343 377 168 262 264 250
268 258 270 363 211 92 261 233 343 0 296 277 291 153 93 227 15 83 46
181 21 469 371 387 397 97 347 77 296 0 156 359 221 322 11 227 140 83
41 193 365 360 278 394 123 475 -65 277 156 0 314 181 337 107 271 355 139
414 383 -55 56 103 257 299 359 291 291 359 314 0 154 337 168 172 160 153
407 388 160 106 86 304 310 247 343 153 221 181 154 0 217 233 189 66 69
407 449 232 363 310 111 316 1 377 93 322 337 337 217 0 278 158 208 259
259 200 280 290 219 317 95 453 168 227 11 107 168 233 278 0 252 102 115
400 339 193 274 302 34 407 237 262 15 227 271 172 189 158 252 0 -7 125
242 256 142 230 66 180 237 213 264 83 140 355 160 66 208 102 -7 0 92
220 119 285 304 279 248 179 246 250 46 83 139 153 69 259 115 125 92 0
