0 406 336 80 256 314 188 358 247 350 226 337 327 256 128 7 71 241 151
406 0 260 472 520 208 452 90 511 274 490 69 251 150 392 399 335 165 255
336 260 0 402 450 168 382 212 441 32 420 191 9 110 322 329 265 95 185
80 472 402 0 322 380 254 424 313 416 292 403 393 322 194 73 137 307 217
256 520 450 322 0 428 188 472 51 464 30 451 441 370 128 249 185 355 265
314 208 168 380 428 0 360 160 419 182 398 139 159 58 300 307 243 73 163
188 452 382 254 188 360 0 404 179 396 158 383 373 302 60 181 117 287 197
358 90 212 424 472 160 404 0 463 226 442 21 203 102 344 351 287 117 207
247 511 441 313 51 419 179 463 0 455 21 442 432 361 119 240 176 346 256
350 274 32 416 464 182 396 226 455 0 434 205 23 124 336 343 279 109 199
226 490 420 292 30 398 158 442 21 434 0 421 411 340 98 219 155 325 235
337 69 191 403 451 139 383 21 442 205 421 0 182 81 323 330 266 96 186
327 251 9 393 441 159 373 203 432 23 411 182 0 101 313 320 256 86 176
256 150 110 322 370 58 302 102 361 124 340 81 101 0 242 249 185 15 105
128 392 322 194 128 300 60 344 119 336 98 323 313 242 0 121 57 227 137
7 399 329 73 249 307 181 351 240 343 219 330 320 249 121 0 64 234 144
71 335 265 137 185 243 117 287 176 279 155 266 256 185 57 64 0 170 80
241 165 95 307 355 73 287 117 346 109 325 96 86 15 227 234 170 0 90
151 255 185 217 265 163 197 207 256 199 235 186 176 105 137 144 80 90 0
