0 101 145 238 181 362 240 198 296 52 264 129 191 23 185 77 89 25 36
101 0 92 289 232 413 291 249 347 107 315 180 242 78 236 24 140 76 87
145 92 0 333 276 457 335 293 391 151 359 224 286 122 280 68 184 120 131
238 289 333 0 241 218 108 258 152 244 120 189 47 215 53 265 149 213 202
181 232 276 241 0 365 243 121 299 187 267 52 194 158 188 208 92 156 145
362 413 457 218 365 0 232 382 130 368 98 313 171 339 177 389 273 337 326
240 291 335 108 243 232 0 260 166 246 134 191 61 217 55 267 151 215 204
198 249 293 258 121 382 260 0 316 204 284 69 211 175 205 225 109 173 162
296 347 391 152 299 130 166 316 0 302 32 247 105 273 111 323 207 271 260
52 107 151 244 187 368 246 204 302 0 270 135 197 29 191 83 95 31 42
264 315 359 120 267 98 134 284 32 270 0 215 73 241 79 291 175 239 228
129 180 224 189 52 313 191 69 247 135 215 0 142 106 136 156 40 104 93
191 242 286 47 194 171 61 211 105 197 73 142 0 168 6 218 102 166 155
23 78 122 215 158 339 217 175 273 29 241 106 168 0 162 54 66 2 13
185 236 280 53 188 177 55 205 111 191 79 136 6 162 0 212 96 160 149
77 24 68 265 208 389 267 225 323 83 291 156 218 54 212 0 116 52 63
89 140 184 149 92 273 151 109 207 95 175 40 102 66 96 116 0 64 53
25 76 120 213 156 337 215 173 271 31 239 104 166 2 160 52 64 0 11
36 87 131 202 145 326 204 162 260 42 228 93 155 13 149 63 53 11 0
