0 273 104 251 330 210 285 263 393 83 74 321 138 285 177 57 94 222 192
273 0 351 265 187 307 310 46 204 273 186 133 270 52 125 164 190 77 139
104 351 0 320 337 237 245 284 239 38 116 200 109 296 166 42 56 233 148
251 265 320 0 299 393 303 145 170 303 200 128 274 46 122 332 255 175 141
330 187 337 299 0 419 426 225 104 436 260 124 344 137 199 275 281 116 232
210 307 237 393 419 0 117 290 232 155 41 339 52 237 298 46 22 215 145
285 310 245 303 426 117 0 424 354 134 248 399 125 305 274 83 150 211 177
263 46 284 145 225 290 424 0 167 258 242 188 325 156 82 199 211 121 190
393 204 239 170 104 232 354 167 0 296 281 80 277 146 108 267 234 11 209
83 273 38 303 436 155 134 258 296 0 25 222 140 214 224 8 30 158 135
74 186 116 200 260 41 248 242 281 25 0 157 -27 185 226 10 -45 182 86
321 133 200 128 124 339 399 188 80 222 157 0 156 79 175 237 264 57 103
138 270 109 274 344 52 125 325 277 140 -27 156 0 132 289 59 15 196 169
285 52 296 46 137 237 305 156 146 214 185 79 132 0 -9 234 191 52 62
177 125 166 122 199 298 274 82 108 224 226 175 289 -9 0 153 184 32 150
57 164 42 332 275 46 83 199 267 8 10 237 59 234 153 0 -56 187 65
94 190 56 255 281 22 150 211 234 30 -45 264 15 191 184 -56 0 60 -17
222 77 233 175 116 215 211 121 11 158 182 57 196 52 32 187 60 0 205
192 139 148 141 232 145 177 190 209 135 86 103 169 62 150 65 -17 205 0
