0 257 324 376 194 412 264 389 218 70 358 15 285 231 172 166 130 76 101
257 0 429 481 107 517 369 494 215 297 463 242 390 336 85 271 127 181 206
324 429 0 238 366 274 256 251 390 364 220 309 147 93 344 158 302 248 223
376 481 238 0 418 218 308 195 442 416 164 361 91 145 396 210 354 300 275
194 107 366 418 0 454 306 431 152 234 400 179 327 273 22 208 64 118 143
412 517 274 218 454 0 344 85 478 452 54 397 127 181 432 246 390 336 311
264 369 256 308 306 344 0 321 330 304 290 249 217 163 284 98 242 188 163
389 494 251 195 431 85 321 0 455 429 31 374 104 158 409 223 367 313 288
218 215 390 442 152 478 330 455 0 258 424 203 351 297 130 232 88 142 167
70 297 364 416 234 452 304 429 258 0 398 55 325 271 212 206 170 116 141
358 463 220 164 400 54 290 31 424 398 0 343 73 127 378 192 336 282 257
15 242 309 361 179 397 249 374 203 55 343 0 270 216 157 151 115 61 86
285 390 147 91 327 127 217 104 351 325 73 270 0 54 305 119 263 209 184
231 336 93 145 273 181 163 158 297 271 127 216 54 0 251 65 209 155 130
172 85 344 396 22 432 284 409 130 212 378 157 305 251 0 186 42 96 121
166 271 158 210 208 246 98 223 232 206 192 151 119 65 186 0 144 90 65
130 127 302 354 64 390 242 367 88 170 336 115 263 209 42 144 0 54 79
76 181 248 300 118 336 188 313 142 116 282 61 209 155 96 90 54 0 25
101 206 223 275 143 311 163 288 167 141 257 86 184 130 121 65 79 25 0
