0 225 199 55 206 232 220 273 237 179 206 137 135 124 10 190 78 177 98
225 0 268 260 51 301 289 144 306 248 275 206 204 193 215 35 147 48 127
199 268 0 234 249 161 171 316 166 104 135 62 64 75 189 233 121 220 141
55 260 234 0 241 267 255 308 272 214 241 172 170 159 45 225 113 212 133
206 51 249 241 0 282 270 125 287 229 256 187 185 174 196 16 128 29 108
232 301 161 267 282 0 204 349 57 141 26 99 97 108 222 266 154 253 174
220 289 171 255 270 204 0 337 209 151 178 109 107 96 210 254 142 241 162
273 144 316 308 125 349 337 0 354 296 323 254 252 241 263 109 195 96 175
237 306 166 272 287 57 209 354 0 146 31 104 102 113 227 271 159 258 179
179 248 104 214 229 141 151 296 146 0 115 42 44 55 169 213 101 200 121
206 275 135 241 256 26 178 323 31 115 0 73 71 82 196 240 128 227 148
137 206 62 172 187 99 109 254 104 42 73 0 2 13 127 171 59 158 79
135 204 64 170 185 97 107 252 102 44 71 2 0 11 125 169 57 156 77
124 193 75 159 174 108 96 241 113 55 82 13 11 0 114 158 46 145 66
10 215 189 45 196 222 210 263 227 169 196 127 125 114 0 180 68 167 88
190 35 233 225 16 266 254 109 271 213 240 171 169 158 180 0 112 13 92
78 147 121 113 128 154 142 195 159 101 128 59 57 46 68 112 0 99 20
177 48 220 212 29 253 241 96 258 200 227 158 156 145 167 13 99 0 79
98 127 141 133 108 174 162 175 179 121 148 79 77 66 88 92 20 79 0
