0 196 312 202 44 247 269 156 188 201 161 125 109 6 219 59 162 116 67
196 0 276 166 228 193 233 234 134 279 107 71 187 190 183 137 126 80 129
312 276 0 190 344 327 143 350 268 395 241 205 303 306 93 253 150 196 245
202 166 190 0 234 217 147 240 158 285 131 95 193 196 97 143 40 86 135
44 228 344 234 0 279 301 188 220 233 193 157 141 38 251 91 194 148 99
247 193 327 217 279 0 284 285 113 330 86 122 238 241 234 188 177 131 180
269 233 143 147 301 284 0 307 225 352 198 162 260 263 50 210 107 153 202
156 234 350 240 188 285 307 0 226 139 199 163 47 150 257 97 200 154 105
188 134 268 158 220 113 225 226 0 271 27 63 179 182 175 129 118 72 121
201 279 395 285 233 330 352 139 271 0 244 208 92 195 302 142 245 199 150
161 107 241 131 193 86 198 199 27 244 0 36 152 155 148 102 91 45 94
125 71 205 95 157 122 162 163 63 208 36 0 116 119 112 66 55 9 58
109 187 303 193 141 238 260 47 179 92 152 116 0 103 210 50 153 107 58
6 190 306 196 38 241 263 150 182 195 155 119 103 0 213 53 156 110 61
219 183 93 97 251 234 50 257 175 302 148 112 210 213 0 160 57 103 152
59 137 253 143 91 188 210 97 129 142 102 66 50 53 160 0 103 57 8
162 126 150 40 194 177 107 200 118 245 91 55 153 156 57 103 0 46 95
116 80 196 86 148 131 153 154 72 199 45 9 107 110 103 57 46 0 49
67 129 245 135 99 180 202 105 121 150 94 58 58 61 152 8 95 49 0
