0 144 298 259 190 241 307 260 285 251 205 240 237 154 167 143 95 73 87
144 0 296 257 188 239 305 258 283 249 203 238 235 152 165 141 93 71 57
298 296 0 223 298 349 271 368 393 69 313 58 201 262 131 251 203 225 239
259 257 223 0 259 310 92 329 354 176 274 165 22 223 92 212 164 186 200
190 188 298 259 0 145 307 142 167 251 87 240 237 36 167 47 95 117 131
241 239 349 310 145 0 358 215 240 302 160 291 288 109 218 98 146 168 182
307 305 271 92 307 358 0 377 402 224 322 213 70 271 140 260 212 234 248
260 258 368 329 142 215 377 0 135 321 55 310 307 106 237 117 165 187 201
285 283 393 354 167 240 402 135 0 346 80 335 332 131 262 142 190 212 226
251 249 69 176 251 302 224 321 346 0 266 11 154 215 84 204 156 178 192
205 203 313 274 87 160 322 55 80 266 0 255 252 51 182 62 110 132 146
240 238 58 165 240 291 213 310 335 11 255 0 143 204 73 193 145 167 181
237 235 201 22 237 288 70 307 332 154 252 143 0 201 70 190 142 164 178
154 152 262 223 36 109 271 106 131 215 51 204 201 0 131 11 59 81 95
167 165 131 92 167 218 140 237 262 84 182 73 70 131 0 120 72 94 108
143 141 251 212 47 98 260 117 142 204 62 193 190 11 120 0 48 70 84
95 93 203 164 95 146 212 165 190 156 110 145 142 59 72 48 0 22 36
73 71 225 186 117 168 234 187 212 178 132 167 164 81 94 70 22 0 14
87 57 239 200 131 182 248 201 226 192 146 181 178 95 108 84 36 14 0
