0 185 201 144 45 96 55 253 209 119 124 77 178 75 82 -30 -90 55 92
185 0 299 280 127 157 176 126 294 236 162 126 189 155 70 9 -3 21 -56
201 299 0 286 252 216 95 378 235 129 311 -4 135 243 174 117 92 155 126
144 280 286 0 245 219 127 269 360 256 345 188 58 210 160 196 120 147 136
45 127 252 245 0 93 73 63 84 168 127 73 108 18 118 104 48 63 112
96 157 216 219 93 0 155 192 239 197 212 241 215 102 127 147 23 103 204
55 176 95 127 73 155 0 221 209 164 189 204 -54 43 12 73 68 36 204
253 126 378 269 63 192 221 0 -67 397 -110 236 202 147 263 133 45 199 179
209 294 235 360 84 239 209 -67 0 279 -23 292 178 52 202 149 188 171 140
119 236 129 256 168 197 164 397 279 0 270 34 231 206 208 210 110 128 204
124 162 311 345 127 212 189 -110 -23 270 0 231 254 200 185 51 157 114 150
77 126 -4 188 73 241 204 236 292 34 231 0 102 247 132 116 62 127 288
178 189 135 58 108 215 -54 202 178 231 254 102 0 143 15 164 106 83 74
75 155 243 210 18 102 43 147 52 206 200 247 143 0 105 8 126 41 202
82 70 174 160 118 127 12 263 202 208 185 132 15 105 0 29 20 -2 62
-30 9 117 196 104 147 73 133 149 210 51 116 164 8 29 0 -44 5 110
-90 -3 92 120 48 23 68 45 188 110 157 62 106 126 20 -44 0 25 71
55 21 155 147 63 103 36 199 171 128 114 127 83 41 -2 5 25 0 45
92 -56 126 136 112 204 204 179 140 204 150 288 74 202 62 110 71 45 0
