0 158 321 359 296 363 217 211 500 40 84 263 462 128 195 344 260 339 246
158 0 412 327 188 498 44 212 462 149 194 94 523 57 323 382 189 293 254
321 412 0 233 318 255 429 149 396 393 264 365 121 205 172 108 168 50 53
359 327 233 0 238 244 393 163 161 448 337 427 177 218 182 182 192 100 40
296 188 318 238 0 392 325 -96 295 225 167 225 339 179 -43 123 54 61 119
363 498 255 244 392 0 500 246 101 430 407 417 -26 394 332 74 202 132 213
217 44 429 393 325 500 0 186 482 292 172 89 441 41 342 330 195 248 331
211 212 149 163 -96 246 186 0 371 211 196 271 257 134 17 157 83 182 134
500 462 396 161 295 101 482 371 0 482 332 361 19 348 307 138 198 113 221
40 149 393 448 225 430 292 211 482 0 115 111 402 120 261 349 265 273 331
84 194 264 337 167 407 172 196 332 115 0 120 291 9 231 313 117 223 186
263 94 365 427 225 417 89 271 361 111 120 0 305 -39 204 258 250 276 257
462 523 121 177 339 -26 441 257 19 402 291 305 0 284 266 86 297 106 92
128 57 205 218 179 394 41 134 348 120 9 -39 284 0 141 266 150 170 63
195 323 172 182 -43 332 342 17 307 261 231 204 266 141 0 176 55 213 104
344 382 108 182 123 74 330 157 138 349 313 258 86 266 176 0 114 1 18
260 189 168 192 54 202 195 83 198 265 117 250 297 150 55 114 0 111 149
339 293 50 100 61 132 248 182 113 273 223 276 106 170 213 1 111 0 -19
246 254 53 40 119 213 331 134 221 331 186 257 92 63 104 18 149 -19 0
