0 207 259 258 210 237 238 263 306 329 164 231 228 131 156 201 146 47 137
207 0 372 371 323 350 183 376 251 442 277 344 173 76 269 314 259 160 250
259 372 0 225 177 94 403 230 471 296 131 198 393 296 123 58 113 212 122
258 371 225 0 156 203 402 209 470 125 110 27 392 295 102 167 112 211 121
210 323 177 156 0 155 354 145 422 227 46 129 344 247 54 119 64 163 73
237 350 94 203 155 0 381 208 449 274 109 176 371 274 101 36 91 190 100
238 183 403 402 354 381 0 407 88 473 308 375 10 107 300 345 290 191 281
263 376 230 209 145 208 407 0 475 280 99 182 397 300 107 172 117 216 126
306 251 471 470 422 449 88 475 0 541 376 443 78 175 368 413 358 259 349
329 442 296 125 227 274 473 280 541 0 181 98 463 366 173 238 183 282 192
164 277 131 110 46 109 308 99 376 181 0 83 298 201 8 73 18 117 27
231 344 198 27 129 176 375 182 443 98 83 0 365 268 75 140 85 184 94
228 173 393 392 344 371 10 397 78 463 298 365 0 97 290 335 280 181 271
131 76 296 295 247 274 107 300 175 366 201 268 97 0 193 238 183 84 174
156 269 123 102 54 101 300 107 368 173 8 75 290 193 0 65 10 109 19
201 314 58 167 119 36 345 172 413 238 73 140 335 238 65 0 55 154 64
146 259 113 112 64 91 290 117 358 183 18 85 280 183 10 55 0 99 9
47 160 212 211 163 190 191 216 259 282 117 184 181 84 109 154 99 0 90
137 250 122 121 73 100 281 126 349 192 27 94 271 174 19 64 9 90 0
