0 381 321 147 506 304 297 302 442 403 245 343 286 209 117 271 207 256 312
381 0 152 393 510 408 332 118 389 423 330 360 315 243 311 107 233 131 148
321 152 0 337 438 195 375 119 454 430 328 436 334 239 295 89 174 136 43
147 393 337 0 413 257 276 252 370 366 273 329 287 218 -4 286 248 276 337
506 510 438 413 0 250 248 318 285 120 203 69 218 199 311 467 270 407 305
304 408 195 257 250 0 94 242 27 199 32 14 -18 83 267 252 264 259 283
297 332 375 276 248 94 0 275 163 260 172 138 133 60 221 286 64 264 214
302 118 119 252 318 242 275 0 285 356 267 234 106 157 212 10 143 71 -106
442 389 454 370 285 27 163 285 0 240 92 300 107 181 307 297 233 214 324
403 423 430 366 120 199 260 356 240 0 110 11 153 237 319 418 186 273 270
245 330 328 273 203 32 172 267 92 110 0 216 123 87 193 300 157 331 276
343 360 436 329 69 14 138 234 300 11 216 0 83 123 300 329 91 337 218
286 315 334 287 218 -18 133 106 107 153 123 83 0 -8 139 232 176 264 179
209 243 239 218 199 83 60 157 181 237 87 123 -8 0 16 105 53 123 163
117 311 295 -4 311 267 221 212 307 319 193 300 139 16 0 238 59 219 194
271 107 89 286 467 252 286 10 297 418 300 329 232 105 238 0 182 19 40
207 233 174 248 270 264 64 143 233 186 157 91 176 53 59 182 0 10 119
256 131 136 276 407 259 264 71 214 273 331 337 264 123 219 19 10 0 -29
312 148 43 337 305 283 214 -106 324 270 276 218 179 163 194 40 119 -29 0
