0 254 181 177 115 163 31 154 329 237 242 113 155 127 42 77 59 -32 -25
254 0 269 130 283 204 212 328 94 238 105 98 3 82 230 169 130 209 150
181 269 0 183 233 281 270 331 348 242 261 126 180 134 186 135 243 294 187
177 130 183 0 290 148 166 425 254 90 228 24 212 31 196 10 120 42 6
115 283 233 290 0 291 114 89 351 280 293 212 249 248 16 202 189 185 109
163 204 281 148 291 0 232 348 88 238 92 219 119 139 343 173 308 209 191
31 212 270 166 114 232 0 83 286 112 231 132 157 166 -41 93 47 54 135
154 328 331 425 89 348 83 0 444 403 358 305 286 229 134 260 251 182 179
329 94 348 254 351 88 286 444 0 299 66 162 144 145 345 82 237 315 258
237 238 242 90 280 238 112 403 299 0 189 164 138 71 219 171 233 289 187
242 105 261 228 293 92 231 358 66 189 0 84 -34 120 278 160 149 112 163
113 98 126 24 212 219 132 305 162 164 84 0 20 -21 120 32 80 101 50
155 3 180 212 249 119 157 286 144 138 -34 20 0 126 226 69 157 177 206
127 82 134 31 248 139 166 229 145 71 120 -21 126 0 137 77 143 127 83
42 230 186 196 16 343 -41 134 345 219 278 120 226 137 0 299 141 59 77
77 169 135 10 202 173 93 260 82 171 160 32 69 77 299 0 139 103 92
59 130 243 120 189 308 47 251 237 233 149 80 157 143 141 139 0 37 3
-32 209 294 42 185 209 54 182 315 289 112 101 177 127 59 103 37 0 71
-25 150 187 6 109 191 135 179 258 187 163 50 206 83 77 92 3 71 0
