0 391 322 198 275 246 181 117 167 91 148 302 40 -48 76 146 190 133 256
391 0 343 398 171 192 115 182 95 205 198 160 202 213 152 70 97 162 128
322 343 0 316 116 342 139 296 234 317 231 94 263 259 291 260 143 114 135
198 398 316 0 323 222 176 106 308 168 161 328 119 73 91 180 174 195 326
275 171 116 323 0 440 94 208 261 329 263 47 278 294 270 179 158 140 145
246 192 342 222 440 0 277 133 317 170 57 286 235 210 202 290 210 299 236
181 115 139 176 94 277 0 249 7 322 251 54 216 139 141 68 96 -27 67
117 182 296 106 208 133 249 0 196 115 95 218 34 136 156 170 153 168 175
167 95 234 308 261 317 7 196 0 195 121 132 155 67 178 50 2 43 78
91 205 317 168 329 170 322 115 195 0 26 291 32 48 110 151 177 156 258
148 198 231 161 263 57 251 95 121 26 0 196 99 57 41 132 235 187 89
302 160 94 328 47 286 54 218 132 291 196 0 286 243 226 164 210 73 -2
40 202 263 119 278 235 216 34 155 32 99 286 0 18 23 198 162 185 135
-48 213 259 73 294 210 139 136 67 48 57 243 18 0 51 100 68 154 211
76 152 291 91 270 202 141 156 178 110 41 226 23 51 0 84 61 147 169
146 70 260 180 179 290 68 170 50 151 132 164 198 100 84 0 51 106 155
190 97 143 174 158 210 96 153 2 177 235 210 162 68 61 51 0 23 -7
133 162 114 195 140 299 -27 168 43 156 187 73 185 154 147 106 23 0 -91
256 128 135 326 145 236 67 175 78 258 89 -2 135 211 169 155 -7 -91 0
