0 333 117 180 96 234 280 253 112 263 141 173 63 206 127 21 187 37 103
333 0 341 50 227 287 372 248 103 162 169 219 52 219 241 244 121 146 141
117 341 0 321 259 322 358 123 165 328 186 257 245 310 -6 78 214 218 184
180 50 321 0 185 286 330 365 210 84 7 243 111 260 270 156 129 141 162
96 227 259 185 0 129 178 295 179 227 192 109 161 62 241 149 161 92 87
234 287 322 286 129 0 116 330 276 276 408 35 190 71 296 299 167 118 168
280 372 358 330 178 116 0 352 263 269 296 59 172 101 273 180 308 182 144
253 248 123 365 295 330 352 0 351 282 308 338 208 192 -24 168 229 146 144
112 103 165 210 179 276 263 351 0 137 60 176 80 216 159 44 121 57 102
263 162 328 84 227 276 269 282 137 0 81 206 118 166 265 82 63 200 208
141 169 186 7 192 408 296 308 60 81 0 243 116 190 219 96 134 170 178
173 219 257 243 109 35 59 338 176 206 243 0 226 62 220 302 172 77 54
63 52 245 111 161 190 172 208 80 118 116 226 0 121 282 64 18 -26 130
206 219 310 260 62 71 101 192 216 166 190 62 121 0 238 24 45 72 13
127 241 -6 270 241 296 273 -24 159 265 219 220 282 238 0 43 142 135 128
21 244 78 156 149 299 180 168 44 82 96 302 64 24 43 0 81 8 83
187 121 214 129 161 167 308 229 121 63 134 172 18 45 142 81 0 -14 39
37 146 218 141 92 118 182 146 57 200 170 77 -26 72 135 8 -14 0 16
103 141 184 162 87 168 144 144 102 208 178 54 130 13 128 83 39 16 0
