0 563 487 303 353 566 538 226 298 192 221 478 480 141 384 290 215 84 145
563 0 282 436 336 361 145 621 431 587 354 85 275 536 179 273 348 479 418
487 282 0 360 260 93 257 545 355 511 278 197 7 460 103 197 272 403 342
303 436 360 0 226 439 411 361 159 327 82 351 353 276 257 163 88 219 158
353 336 260 226 0 339 311 411 221 377 144 251 253 326 157 63 138 269 208
566 361 93 439 339 0 336 624 434 590 357 276 86 539 182 276 351 482 421
538 145 257 411 311 336 0 596 406 562 329 60 250 511 154 248 323 454 393
226 621 545 361 411 624 596 0 356 136 279 536 538 85 442 348 273 142 203
298 431 355 159 221 434 406 356 0 322 77 346 348 271 252 158 83 214 153
192 587 511 327 377 590 562 136 322 0 245 502 504 51 408 314 239 108 169
221 354 278 82 144 357 329 279 77 245 0 269 271 194 175 81 6 137 76
478 85 197 351 251 276 60 536 346 502 269 0 190 451 94 188 263 394 333
480 275 7 353 253 86 250 538 348 504 271 190 0 453 96 190 265 396 335
141 536 460 276 326 539 511 85 271 51 194 451 453 0 357 263 188 57 118
384 179 103 257 157 182 154 442 252 408 175 94 96 357 0 94 169 300 239
290 273 197 163 63 276 248 348 158 314 81 188 190 263 94 0 75 206 145
215 348 272 88 138 351 323 273 83 239 6 263 265 188 169 75 0 131 70
84 479 403 219 269 482 454 142 214 108 137 394 396 57 300 206 131 0 61
145 418 342 158 208 421 393 203 153 169 76 333 335 118 239 145 70 61 0
