0 229 227 152 140 284 32 166 310 205 212 136 193 129 85 121 24 31 49
229 0 214 139 321 127 199 347 153 192 55 123 36 116 266 108 205 198 180
227 214 0 121 319 269 197 345 295 174 197 105 178 98 264 106 203 196 178
152 139 121 0 244 194 122 270 220 85 122 16 103 23 189 31 128 121 103
140 321 319 244 0 376 124 136 402 297 304 228 285 221 55 213 116 123 141
284 127 269 194 376 0 254 402 170 247 72 178 91 171 321 163 260 253 235
32 199 197 122 124 254 0 150 280 175 182 106 163 99 69 91 8 1 19
166 347 345 270 136 402 150 0 428 323 330 254 311 247 81 239 142 149 167
310 153 295 220 402 170 280 428 0 273 98 204 117 197 347 189 286 279 261
205 192 174 85 297 247 175 323 273 0 175 69 156 76 242 84 181 174 156
212 55 197 122 304 72 182 330 98 175 0 106 19 99 249 91 188 181 163
136 123 105 16 228 178 106 254 204 69 106 0 87 7 173 15 112 105 87
193 36 178 103 285 91 163 311 117 156 19 87 0 80 230 72 169 162 144
129 116 98 23 221 171 99 247 197 76 99 7 80 0 166 8 105 98 80
85 266 264 189 55 321 69 81 347 242 249 173 230 166 0 158 61 68 86
121 108 106 31 213 163 91 239 189 84 91 15 72 8 158 0 97 90 72
24 205 203 128 116 260 8 142 286 181 188 112 169 105 61 97 0 7 25
31 198 196 121 123 253 1 149 279 174 181 105 162 98 68 90 7 0 18
49 180 178 103 141 235 19 167 261 156 163 87 144 80 86 72 25 18 0
