0 125 131 164 255 344 143 406 178 213 102 174 47 173 274 233 108 65 162
125 0 -95 214 246 208 99 271 362 124 209 -13 137 -10 156 127 116 204 197
131 -95 0 279 55 170 81 341 260 89 158 2 49 37 186 82 12 110 258
164 214 279 0 530 404 243 509 126 369 -68 239 206 173 516 266 251 311 391
255 246 55 530 0 201 169 182 458 283 242 83 236 111 166 199 148 71 55
344 208 170 404 201 0 98 89 431 262 414 193 338 213 3 156 81 126 178
143 99 81 243 169 98 0 219 317 7 236 110 76 58 250 17 -53 173 155
406 271 341 509 182 89 219 0 418 295 516 280 355 214 67 215 209 164 215
178 362 260 126 458 431 317 418 0 349 97 276 211 217 380 365 305 396 429
213 124 89 369 283 262 7 295 349 0 343 227 105 154 222 66 84 216 134
102 209 158 -68 242 414 236 516 97 343 0 229 93 119 327 203 150 314 241
174 -13 2 239 83 193 110 280 276 227 229 0 5 1 232 168 121 74 72
47 137 49 206 236 338 76 355 211 105 93 5 0 2 292 159 169 155 262
173 -10 37 173 111 213 58 214 217 154 119 1 2 0 186 52 114 89 102
274 156 186 516 166 3 250 67 380 222 327 232 292 186 0 123 146 71 26
233 127 82 266 199 156 17 215 365 66 203 168 159 52 123 0 -2 78 111
108 116 12 251 148 81 -53 209 305 84 150 121 169 114 146 -2 0 87 131
65 204 110 311 71 126 173 164 396 216 314 74 155 89 71 78 87 0 88
162 197 258 391 55 178 155 215 429 134 241 72 262 102 26 111 131 88 0
