0 371 223 237 178 155 273 231 245 317 103 281 199 182 142 150 65 83 97
371 0 464 478 383 360 514 318 252 126 308 90 440 189 229 391 306 288 302
223 464 0 160 271 248 196 324 338 410 196 374 122 275 235 73 158 176 190
237 478 160 0 285 262 112 338 352 424 210 388 38 289 249 87 172 190 204
178 383 271 285 0 127 321 243 257 329 75 293 247 194 154 198 113 95 81
155 360 248 262 127 0 298 220 234 306 52 270 224 171 131 175 90 72 58
273 514 196 112 321 298 0 374 388 460 246 424 74 325 285 123 208 226 240
231 318 324 338 243 220 374 0 192 264 168 228 300 129 89 251 166 148 162
245 252 338 352 257 234 388 192 0 198 182 162 314 63 103 265 180 162 176
317 126 410 424 329 306 460 264 198 0 254 36 386 135 175 337 252 234 248
103 308 196 210 75 52 246 168 182 254 0 218 172 119 79 123 38 20 6
281 90 374 388 293 270 424 228 162 36 218 0 350 99 139 301 216 198 212
199 440 122 38 247 224 74 300 314 386 172 350 0 251 211 49 134 152 166
182 189 275 289 194 171 325 129 63 135 119 99 251 0 40 202 117 99 113
142 229 235 249 154 131 285 89 103 175 79 139 211 40 0 162 77 59 73
150 391 73 87 198 175 123 251 265 337 123 301 49 202 162 0 85 103 117
65 306 158 172 113 90 208 166 180 252 38 216 134 117 77 85 0 18 32
83 288 176 190 95 72 226 148 162 234 20 198 152 99 59 103 18 0 14
97 302 190 204 81 58 240 162 176 248 6 212 166 113 73 117 32 14 0
