0 267 231 311 315 420 248 361 216 290 324 245 226 166 84 203 184 153 247
267 0 130 210 414 381 147 322 315 389 285 344 125 265 183 102 83 114 208
231 130 0 136 378 345 73 286 279 353 249 308 51 229 147 28 47 78 172
311 210 136 0 458 425 107 366 359 433 329 388 85 309 227 108 127 158 252
315 414 378 458 0 567 395 508 199 115 471 70 373 149 231 350 331 300 394
420 381 345 425 567 0 362 133 468 542 96 497 340 418 336 317 298 267 173
248 147 73 107 395 362 0 303 296 370 266 325 22 246 164 45 64 95 189
361 322 286 366 508 133 303 0 409 483 37 438 281 359 277 258 239 208 114
216 315 279 359 199 468 296 409 0 174 372 129 274 50 132 251 232 201 295
290 389 353 433 115 542 370 483 174 0 446 45 348 124 206 325 306 275 369
324 285 249 329 471 96 266 37 372 446 0 401 244 322 240 221 202 171 77
245 344 308 388 70 497 325 438 129 45 401 0 303 79 161 280 261 230 324
226 125 51 85 373 340 22 281 274 348 244 303 0 224 142 23 42 73 167
166 265 229 309 149 418 246 359 50 124 322 79 224 0 82 201 182 151 245
84 183 147 227 231 336 164 277 132 206 240 161 142 82 0 119 100 69 163
203 102 28 108 350 317 45 258 251 325 221 280 23 201 119 0 19 50 144
184 83 47 127 331 298 64 239 232 306 202 261 42 182 100 19 0 31 125
153 114 78 158 300 267 95 208 201 275 171 230 73 151 69 50 31 0 94
247 208 172 252 394 173 189 114 295 369 77 324 167 245 163 144 125 94 0
