0 37 217 157 197 170 274 249 47 100 196 45 27 177 120 98 24 36 87
37 0 206 146 186 159 263 238 30 83 185 28 10 166 109 87 13 25 76
217 206 0 302 218 147 295 270 216 269 217 214 196 198 97 119 193 181 232
157 146 302 0 282 255 359 334 156 209 281 154 136 262 205 183 133 121 70
197 186 218 282 0 171 117 54 196 249 1 194 176 20 121 99 173 161 212
170 159 147 255 171 0 248 223 169 222 170 167 149 151 50 72 146 134 185
274 263 295 359 117 248 0 169 273 326 116 271 253 97 198 176 250 238 289
249 238 270 334 54 223 169 0 248 301 53 246 228 72 173 151 225 213 264
47 30 216 156 196 169 273 248 0 57 195 2 20 176 119 97 23 35 86
100 83 269 209 249 222 326 301 57 0 248 55 73 229 172 150 76 88 139
196 185 217 281 1 170 116 53 195 248 0 193 175 19 120 98 172 160 211
45 28 214 154 194 167 271 246 2 55 193 0 18 174 117 95 21 33 84
27 10 196 136 176 149 253 228 20 73 175 18 0 156 99 77 3 15 66
177 166 198 262 20 151 97 72 176 229 19 174 156 0 101 79 153 141 192
120 109 97 205 121 50 198 173 119 172 120 117 99 101 0 22 96 84 135
98 87 119 183 99 72 176 151 97 150 98 95 77 79 22 0 74 62 113
24 13 193 133 173 146 250 225 23 76 172 21 3 153 96 74 0 12 63
36 25 181 121 161 134 238 213 35 88 160 33 15 141 84 62 12 0 51
87 76 232 70 212 185 289 264 86 139 211 84 66 192 135 113 63 51 0
