0 157 145 144 288 330 286 372 308 116 324 221 186 96 139 172 155 112 119
157 0 44 395 281 261 202 260 267 37 336 209 257 80 273 100 276 46 152
145 44 0 356 276 356 304 331 353 178 371 166 226 187 271 56 214 63 135
144 395 356 0 83 145 172 150 254 271 72 93 14 277 97 255 128 290 209
288 281 276 83 0 158 95 96 218 151 151 -25 29 280 46 238 58 96 244
330 261 356 145 158 0 158 279 -59 405 -8 217 0 151 117 168 220 286 60
286 202 304 172 95 158 0 143 250 282 196 63 18 233 67 196 31 250 163
372 260 331 150 96 279 143 0 219 437 263 80 172 343 168 305 141 299 253
308 267 353 254 218 -59 250 219 0 325 -57 212 162 234 71 154 178 214 199
116 37 178 271 151 405 282 437 325 0 268 205 215 50 225 115 144 -34 198
324 336 371 72 151 -8 196 263 -57 268 0 158 80 222 115 222 123 165 171
221 209 166 93 -25 217 63 80 212 205 158 0 12 227 -11 114 6 230 118
186 257 226 14 29 0 18 172 162 215 80 12 0 154 21 130 -20 240 105
96 80 187 277 280 151 233 343 234 50 222 227 154 0 164 -17 171 -28 73
139 273 271 97 46 117 67 168 71 225 115 -11 21 164 0 166 47 100 149
172 100 56 255 238 168 196 305 154 115 222 114 130 -17 166 0 152 -53 108
155 276 214 128 58 220 31 141 178 144 123 6 -20 171 47 152 0 107 134
112 46 63 290 96 286 250 299 214 -34 165 230 240 -28 100 -53 107 0 11
119 152 135 209 244 60 163 253 199 198 171 118 105 73 149 108 134 11 0
