0 135 317 302 123 195 337 233 269 252 236 287 248 145 243 82 23 117 161
135 0 329 154 156 268 230 236 349 234 108 255 312 209 309 147 63 -9 59
317 329 0 309 381 322 301 347 509 3 254 95 261 326 155 206 211 272 176
302 154 309 0 278 295 106 368 344 118 267 102 90 224 80 170 199 112 183
123 156 381 278 0 154 246 50 99 177 99 244 307 34 161 64 52 102 138
195 268 322 295 154 0 318 242 232 371 132 309 367 127 177 168 109 123 182
337 230 301 106 246 318 0 421 374 125 262 131 38 345 117 284 172 282 204
233 236 347 368 50 242 421 0 164 359 49 330 315 120 192 134 192 183 171
269 349 509 344 99 232 374 164 0 453 94 217 316 264 262 151 188 172 251
252 234 3 118 177 371 125 359 453 0 301 41 191 151 88 112 149 258 151
236 108 254 267 99 132 262 49 94 301 0 250 307 70 119 53 148 240 126
287 255 95 102 244 309 131 330 217 41 250 0 157 246 8 241 95 52 174
248 312 261 90 307 367 38 315 316 191 307 157 0 175 35 181 62 103 172
145 209 326 224 34 127 345 120 264 151 70 246 175 0 125 54 -2 86 162
243 309 155 80 161 177 117 192 262 88 119 8 35 125 0 29 5 66 175
82 147 206 170 64 168 284 134 151 112 53 241 181 54 29 0 29 113 187
23 63 211 199 52 109 172 192 188 149 148 95 62 -2 5 29 0 -36 16
117 -9 272 112 102 123 282 183 172 258 240 52 103 86 66 113 -36 0 1
161 59 176 183 138 182 204 171 251 151 126 174 172 162 175 187 16 1 0
