0 185 300 155 262 192 320 321 77 82 33 261 240 106 104 -30 159 125 61
185 0 199 114 259 166 229 279 264 225 105 128 172 110 96 205 87 124 -24
300 199 0 172 203 92 276 84 265 230 296 134 75 -26 -17 156 173 65 121
155 114 172 0 265 186 201 232 264 179 64 131 48 114 60 21 57 44 103
262 259 203 265 0 156 203 223 240 234 288 82 147 86 145 185 177 61 128
192 166 92 186 156 0 169 159 242 138 131 -3 80 84 110 228 212 39 133
320 229 276 201 203 169 0 205 239 287 182 6 139 171 97 180 112 117 162
321 279 84 232 223 159 205 0 358 375 264 108 66 125 42 269 201 185 194
77 264 265 264 240 242 239 358 0 66 -41 204 171 94 239 189 116 195 181
82 225 230 179 234 138 287 375 66 0 7 196 304 101 87 -20 159 216 181
33 105 296 64 288 131 182 264 -41 7 0 161 205 169 157 18 65 74 182
261 128 134 131 82 -3 6 108 204 196 161 0 130 113 -21 61 106 125 62
240 172 75 48 147 80 139 66 171 304 205 130 0 48 42 186 83 70 89
106 110 -26 114 86 84 171 125 94 101 169 113 48 0 -38 45 126 -11 3
104 96 -17 60 145 110 97 42 239 87 157 -21 42 -38 0 73 104 31 -12
-30 205 156 21 185 228 180 269 189 -20 18 61 186 45 73 0 68 -4 103
159 87 173 57 177 212 112 201 116 159 65 106 83 126 104 68 0 -17 20
125 124 65 44 61 39 117 185 195 216 74 125 70 -11 31 -4 -17 0 32
61 -24 121 103 128 133 162 194 181 181 182 62 89 3 -12 103 20 32 0
