0 134 279 193 398 395 316 160 412 517 257 307 228 189 232 111 202 7 37
134 0 393 158 675 445 380 400 495 578 402 434 354 375 352 130 265 148 288
279 393 0 426 400 388 274 -5 378 399 327 351 -42 261 157 297 40 150 156
193 158 426 0 531 486 346 407 498 592 481 365 405 371 322 133 277 172 255
398 675 400 531 0 86 298 486 267 361 320 188 352 233 251 556 403 441 249
395 445 388 486 86 0 306 317 157 241 129 -51 417 18 198 436 215 309 211
316 380 274 346 298 306 0 201 220 224 237 210 241 159 -51 338 196 193 93
160 400 -5 407 486 317 201 0 293 427 335 385 49 222 93 203 124 116 61
412 495 378 498 267 157 220 293 0 92 153 124 336 114 226 476 286 329 213
517 578 399 592 361 241 224 427 92 0 188 157 454 125 258 495 158 399 324
257 402 327 481 320 129 237 335 153 188 0 175 386 154 212 498 283 444 222
307 434 351 365 188 -51 210 385 124 157 175 0 301 137 206 408 168 440 266
228 354 -42 405 352 417 241 49 336 454 386 301 0 209 78 301 172 111 114
189 375 261 371 233 18 159 222 114 125 154 137 209 0 93 328 161 274 139
232 352 157 322 251 198 -51 93 226 258 212 206 78 93 0 261 155 130 22
111 130 297 133 556 436 338 203 476 495 498 408 301 328 261 0 233 94 189
202 265 40 277 403 215 196 124 286 158 283 168 172 161 155 233 0 125 48
7 148 150 172 441 309 193 116 329 399 444 440 111 274 130 94 125 0 24
37 288 156 255 249 211 93 61 213 324 222 266 114 139 22 189 48 24 0
