0 187 222 397 303 262 202 491 211 231 166 44 189 116 313 123 429 71 269
187 0 36 402 328 398 448 361 199 238 282 192 -11 263 367 167 308 100 170
222 36 0 404 379 359 351 431 253 455 313 330 -22 308 309 224 331 83 196
397 402 404 0 204 513 529 51 459 516 498 326 397 528 3 333 -21 237 230
303 328 379 204 0 517 581 174 410 496 352 316 378 400 153 369 31 252 210
262 398 359 513 517 0 150 555 215 153 58 249 395 129 465 194 431 310 387
202 448 351 529 581 150 0 661 292 -9 157 228 290 131 460 155 542 231 384
491 361 431 51 174 555 661 0 422 590 599 398 339 457 57 281 198 300 241
211 199 253 459 410 215 292 422 0 223 228 131 185 129 394 71 381 139 248
231 238 455 516 496 153 -9 590 223 0 110 125 279 115 494 95 440 319 248
166 282 313 498 352 58 157 599 228 110 0 103 279 25 515 188 436 175 279
44 192 330 326 316 249 228 398 131 125 103 0 165 139 279 56 327 140 217
189 -11 -22 397 378 395 290 339 185 279 279 165 0 251 382 159 331 71 194
116 263 308 528 400 129 131 457 129 115 25 139 251 0 376 88 344 128 233
313 367 309 3 153 465 460 57 394 494 515 279 382 376 0 303 12 239 174
123 167 224 333 369 194 155 281 71 95 188 56 159 88 303 0 270 67 208
429 308 331 -21 31 431 542 198 381 440 436 327 331 344 12 270 0 176 102
71 100 83 237 252 310 231 300 139 319 175 140 71 128 239 67 176 0 178
269 170 196 230 210 387 384 241 248 248 279 217 194 233 174 208 102 178 0
