0 198 219 125 274 333 -28 471 278 213 216 117 5 66 332 96 98 244 257
198 0 95 244 229 110 259 348 421 356 52 130 209 258 289 129 272 264 244
219 95 0 234 251 128 196 438 355 308 26 43 257 243 320 187 380 298 174
125 244 234 0 202 251 43 240 298 307 274 58 -46 2 298 111 166 158 124
274 229 251 202 0 204 220 128 180 91 231 177 314 247 110 78 45 91 25
333 110 128 251 204 0 342 324 308 374 48 -38 169 181 317 53 247 183 195
-28 259 196 43 220 342 0 309 374 363 155 237 88 1 228 140 172 206 163
471 348 438 240 128 324 309 0 119 106 233 296 319 219 68 279 167 68 147
278 421 355 298 180 308 374 119 0 205 283 352 237 223 105 294 97 146 135
213 356 308 307 91 374 363 106 205 0 261 290 326 228 131 127 92 131 132
216 52 26 274 231 48 155 233 283 261 0 -46 135 267 388 118 187 219 290
117 130 43 58 177 -38 237 296 352 290 -46 0 142 179 258 47 204 201 137
5 209 257 -46 314 169 88 319 237 326 135 142 0 -7 262 79 192 201 138
66 258 243 2 247 181 1 219 223 228 267 179 -7 0 188 91 4 223 136
332 289 320 298 110 317 228 68 105 131 388 258 262 188 0 205 94 16 52
96 129 187 111 78 53 140 279 294 127 118 47 79 91 205 0 60 50 99
98 272 380 166 45 247 172 167 97 92 187 204 192 4 94 60 0 28 104
244 264 298 158 91 183 206 68 146 131 219 201 201 223 16 50 28 0 -48
257 244 174 124 25 195 163 147 135 132 290 137 138 136 52 99 104 -48 0
