0 305 266 249 54 376 294 131 354 157 307 268 127 46 264 69 223 186 98
305 0 199 182 267 145 227 298 123 324 76 37 294 259 197 236 156 119 207
266 199 0 69 228 270 32 259 248 285 201 162 255 220 2 197 43 80 168
249 182 69 0 211 253 97 242 231 268 184 145 238 203 67 180 26 63 151
54 267 228 211 0 338 256 93 316 119 269 230 89 8 226 31 185 148 60
376 145 270 253 338 0 298 369 116 395 69 108 365 330 268 307 227 190 278
294 227 32 97 256 298 0 287 276 313 229 190 283 248 30 225 71 108 196
131 298 259 242 93 369 287 0 347 34 300 261 4 85 257 62 216 179 91
354 123 248 231 316 116 276 347 0 373 47 86 343 308 246 285 205 168 256
157 324 285 268 119 395 313 34 373 0 326 287 30 111 283 88 242 205 117
307 76 201 184 269 69 229 300 47 326 0 39 296 261 199 238 158 121 209
268 37 162 145 230 108 190 261 86 287 39 0 257 222 160 199 119 82 170
127 294 255 238 89 365 283 4 343 30 296 257 0 81 253 58 212 175 87
46 259 220 203 8 330 248 85 308 111 261 222 81 0 218 23 177 140 52
264 197 2 67 226 268 30 257 246 283 199 160 253 218 0 195 41 78 166
69 236 197 180 31 307 225 62 285 88 238 199 58 23 195 0 154 117 29
223 156 43 26 185 227 71 216 205 242 158 119 212 177 41 154 0 37 125
186 119 80 63 148 190 108 179 168 205 121 82 175 140 78 117 37 0 88
98 207 168 151 60 278 196 91 256 117 209 170 87 52 166 29 125 88 0
