0 302 258 190 453 361 231 331 261 179 313 151 191 310 247 152 52 119 116
302 0 325 216 390 379 263 315 252 237 230 23 54 311 180 196 112 247 261
258 325 0 207 279 151 238 285 291 308 190 365 194 88 32 113 204 70 119
190 216 207 0 248 233 222 156 401 266 162 227 97 94 179 143 73 85 143
453 390 279 248 0 469 235 122 413 474 18 379 277 206 399 130 358 173 209
361 379 151 233 469 0 333 302 408 424 320 351 377 234 43 110 187 157 284
231 263 238 222 235 333 0 113 418 363 142 319 277 134 165 91 154 170 94
331 315 285 156 122 302 113 0 411 450 49 467 301 74 280 232 192 144 256
261 252 291 401 413 408 418 411 0 119 428 84 178 366 312 298 206 334 213
179 237 308 266 474 424 363 450 119 0 398 16 190 318 263 280 222 213 259
313 230 190 162 18 320 142 49 428 398 0 369 193 46 138 43 256 144 126
151 23 365 227 379 351 319 467 84 16 369 0 40 253 192 239 224 131 238
191 54 194 97 277 377 277 301 178 190 193 40 0 234 210 173 45 112 178
310 311 88 94 206 234 134 74 366 318 46 253 234 0 185 102 178 19 -8
247 180 32 179 399 43 165 280 312 263 138 192 210 185 0 45 181 54 -14
152 196 113 143 130 110 91 232 298 280 43 239 173 102 45 0 27 -23 17
52 112 204 73 358 187 154 192 206 222 256 224 45 178 181 27 0 48 128
119 247 70 85 173 157 170 144 334 213 144 131 112 19 54 -23 48 0 36
116 261 119 143 209 284 94 256 213 259 126 238 178 -8 -14 17 128 36 0
