0 276 286 243 323 329 337 277 200 296 237 254 187 236 208 167 80 137 179
276 0 402 145 439 445 453 393 142 198 139 370 89 352 324 109 196 253 295
286 402 0 369 335 341 349 147 326 422 363 266 313 248 78 293 206 149 191
243 145 369 0 406 412 420 360 109 65 6 337 56 319 291 76 163 220 262
323 439 335 406 0 180 188 326 363 459 400 105 350 87 257 330 243 186 144
329 445 341 412 180 0 158 332 369 465 406 75 356 93 263 336 249 192 150
337 453 349 420 188 158 0 340 377 473 414 83 364 101 271 344 257 200 158
277 393 147 360 326 332 340 0 317 413 354 257 304 239 69 284 197 140 182
200 142 326 109 363 369 377 317 0 162 103 294 53 276 248 33 120 177 219
296 198 422 65 459 465 473 413 162 0 59 390 109 372 344 129 216 273 315
237 139 363 6 400 406 414 354 103 59 0 331 50 313 285 70 157 214 256
254 370 266 337 105 75 83 257 294 390 331 0 281 18 188 261 174 117 75
187 89 313 56 350 356 364 304 53 109 50 281 0 263 235 20 107 164 206
236 352 248 319 87 93 101 239 276 372 313 18 263 0 170 243 156 99 57
208 324 78 291 257 263 271 69 248 344 285 188 235 170 0 215 128 71 113
167 109 293 76 330 336 344 284 33 129 70 261 20 243 215 0 87 144 186
80 196 206 163 243 249 257 197 120 216 157 174 107 156 128 87 0 57 99
137 253 149 220 186 192 200 140 177 273 214 117 164 99 71 144 57 0 42
179 295 191 262 144 150 158 182 219 315 256 75 206 57 113 186 99 42 0
