0 233 131 201 296 395 178 349 456 403 50 201 105 369 165 334 176 254 235
233 0 264 224 127 418 201 372 479 426 183 32 128 392 188 357 199 277 258
131 264 0 232 327 426 209 380 487 434 81 232 136 400 196 365 207 285 266
201 224 232 0 287 244 49 198 305 252 151 192 96 218 36 183 25 103 84
296 127 327 287 0 481 264 435 542 489 246 95 191 455 251 420 262 340 321
395 418 426 244 481 0 243 236 183 130 345 386 290 96 230 61 219 141 160
178 201 209 49 264 243 0 197 304 251 128 169 73 217 13 182 24 102 83
349 372 380 198 435 236 197 0 297 244 299 340 244 210 184 175 173 95 114
456 479 487 305 542 183 304 297 0 121 406 447 351 87 291 122 280 202 221
403 426 434 252 489 130 251 244 121 0 353 394 298 34 238 69 227 149 168
50 183 81 151 246 345 128 299 406 353 0 151 55 319 115 284 126 204 185
201 32 232 192 95 386 169 340 447 394 151 0 96 360 156 325 167 245 226
105 128 136 96 191 290 73 244 351 298 55 96 0 264 60 229 71 149 130
369 392 400 218 455 96 217 210 87 34 319 360 264 0 204 35 193 115 134
165 188 196 36 251 230 13 184 291 238 115 156 60 204 0 169 11 89 70
334 357 365 183 420 61 182 175 122 69 284 325 229 35 169 0 158 80 99
176 199 207 25 262 219 24 173 280 227 126 167 71 193 11 158 0 78 59
254 277 285 103 340 141 102 95 202 149 204 245 149 115 89 80 78 0 19
235 258 266 84 321 160 83 114 221 168 185 226 130 134 70 99 59 19 0
