0 397 500 443 322 282 115 640 547 557 258 581 530 560 272 767 656 755 578 674
397 0 385 225 354 321 419 392 398 487 206 522 447 592 371 589 363 406 512 607
500 385 0 466 408 458 473 562 341 356 401 261 371 255 393 339 726 840 411 294
443 225 466 0 482 511 524 210 473 478 342 628 524 606 403 581 318 377 641 637
322 354 408 482 0 160 296 511 417 561 138 576 587 632 54 603 626 828 501 639
282 321 458 511 160 0 311 548 565 443 93 612 555 631 145 554 629 621 523 683
115 419 473 524 296 311 0 657 495 472 252 560 553 656 208 570 566 641 516 706
640 392 562 210 511 548 657 0 729 729 519 659 663 826 518 699 300 301 674 745
547 398 341 473 417 565 495 729 0 333 346 384 143 483 429 462 672 652 101 498
557 487 356 478 561 443 472 729 333 0 464 410 43 416 445 568 823 855 204 497
258 206 401 342 138 93 252 519 346 464 0 586 478 569 82 536 724 600 442 598
581 522 261 628 576 612 560 659 384 410 586 0 520 -41 592 118 850 885 541 218
530 447 371 524 587 555 553 663 143 43 478 520 0 469 438 477 722 772 236 517
560 592 255 606 632 631 656 826 483 416 569 -41 469 0 554 174 849 976 452 282
272 371 393 403 54 145 208 518 429 445 82 592 438 554 0 543 654 617 502 682
767 589 339 581 603 554 570 699 462 568 536 118 477 174 543 0 889 905 578 96
656 363 726 318 626 629 566 300 672 823 724 850 722 849 654 889 0 193 701 809
755 406 840 377 828 621 641 301 652 855 600 885 772 976 617 905 193 0 855 937
578 512 411 641 501 523 516 674 101 204 442 541 236 452 502 578 701 855 0 509
674 607 294 637 639 683 706 745 498 497 598 218 517 282 682 96 809 937 509 0
