0 235 359 203 345 274 240 462 284 254 236 154 404 450 454 319 220 285 347 408
235 0 181 209 254 358 205 441 344 263 329 199 337 416 474 415 283 422 274 485
359 181 0 370 502 456 397 523 530 381 455 399 432 610 530 623 382 597 424 628
203 209 370 0 387 388 183 329 259 330 315 263 350 470 419 329 278 314 238 464
345 254 502 387 0 287 241 266 443 218 429 335 279 171 269 585 345 435 287 618
274 358 456 388 287 0 182 357 544 202 464 182 373 547 342 506 226 488 166 535
240 205 397 183 241 182 0 310 442 191 329 157 318 248 267 489 90 409 192 520
462 441 523 329 266 357 310 0 580 384 526 355 81 336 290 631 298 600 337 651
284 344 530 259 443 544 442 580 0 462 161 421 417 611 566 162 436 136 348 243
254 263 381 330 218 202 191 384 462 0 397 17 318 362 376 488 307 497 0 593
236 329 455 315 429 464 329 526 161 397 0 359 582 537 483 275 361 167 387 268
154 199 399 263 335 182 157 355 421 17 359 0 399 356 372 446 169 444 88 481
404 337 432 350 279 373 318 81 417 318 582 399 0 117 263 542 334 636 380 656
450 416 610 470 171 547 248 336 611 362 537 356 117 0 -53 685 289 585 343 744
454 474 530 419 269 342 267 290 566 376 483 372 263 -53 0 653 295 635 438 766
319 415 623 329 585 506 489 631 162 488 275 446 542 685 653 0 503 191 381 34
220 283 382 278 345 226 90 298 436 307 361 169 334 289 295 503 0 414 182 539
285 422 597 314 435 488 409 600 136 497 167 444 636 585 635 191 414 0 415 276
347 274 424 238 287 166 192 337 348 0 387 88 380 343 438 381 182 415 0 534
408 485 628 464 618 535 520 651 243 593 268 481 656 744 766 34 539 276 534 0
