(((((object017:79.29550,(object012:26.63765,object008:70.36235):84.16642):19.45572,
object006:45.72740):19.97415,((((object019:48.77496,object018:36.22504):44.29424,
object016:8.27755):103.04598,(object013:29.30407,object009:80.69593):46.66940):45.54132,
object002:128.87990):55.46626):116.60139,((object014:0.00000,
object010:0.00000):91.51816,(object005:0.00000,object004:13.33712):52.30947):42.75565):7.45996,
((((object015:17.25871,object011:163.74129):9.97017,object007:51.34122):42.55172,
object003:85.49070):48.91972,object001:88.47993):85.05187,object000:46.77951);
