     20
object000 0 294 293 539 400 353 394 395 356 545 530 553 533 501 562 518 637 686 571 571
object001 294 0 313 215 432 444 71 257 179 210 344 368 284 232 401 196 264 202 308 291
object002 293 313 0 528 415 386 489 508 361 579 593 632 556 493 607 596 517 478 580 642
object003 539 215 528 0 631 646 246 309 436 356 209 169 384 444 364 176 252 503 426 579
object004 400 432 415 631 0 52 605 469 462 546 666 671 676 535 717 658 677 630 761 651
object005 353 444 386 646 52 0 646 628 463 695 654 753 700 640 736 648 742 738 674 749
object006 394 71 489 246 605 646 0 32 299 134 382 371 154 355 382 264 311 480 200 394
object007 395 257 508 309 469 628 32 0 354 96 337 405 156 342 381 337 299 471 92 472
object008 356 179 361 436 462 463 299 354 0 325 418 452 453 142 469 324 459 277 429 252
object009 545 210 579 356 546 695 134 96 325 0 465 442 278 410 524 376 346 523 72 447
object010 530 344 593 209 666 654 382 337 418 465 0 152 459 478 393 236 235 541 405 596
object011 553 368 632 169 671 753 371 405 452 442 152 0 470 539 316 300 201 533 460 516
object012 533 284 556 384 676 700 154 156 453 278 459 470 0 474 414 507 562 592 334 564
object013 501 232 493 444 535 640 355 342 142 410 478 539 474 0 602 467 498 261 357 215
object014 562 401 607 364 717 736 382 381 469 524 393 316 414 602 0 169 236 655 518 631
object015 518 196 596 176 658 648 264 337 324 376 236 300 507 467 169 0 169 424 386 587
object016 637 264 517 252 677 742 311 299 459 346 235 201 562 498 236 169 0 525 508 588
object017 686 202 478 503 630 738 480 471 277 523 541 533 592 261 655 424 525 0 492 184
object018 571 308 580 426 761 674 200 92 429 72 405 460 334 357 518 386 508 492 0 607
object019 571 291 642 579 651 749 394 472 252 447 596 516 564 215 631 587 588 184 607 0
