(((object019:126.82180,(object014:65.83113,object008:122.16887):26.83352):38.31344,
object001:5.18187):72.78609,(((((object018:157.73267,object007:56.26733):15.88807,
object010:68.96117):69.01279,(object012:100.09514,(object009:77.93942,
object006:7.06058):37.54463):46.78891):41.54479,(((object016:49.25106,
(object017:5.32878,object015:42.67122):69.91532):81.82093,
(object013:1.36045,object011:122.63955):45.95848):79.13916,
object003:59.09907):58.25435):15.39081,((object005:90.45635,
object004:123.54365):146.89923,object002:33.95172):63.10112):13.87371,object000:55.67215);
