0 122 173 222 448 290 223 247 302 319 354 362 346 220 280 459 325 426 344 402
122 0 166 263 472 420 271 276 267 369 345 402 264 256 121 438 454 400 439 170
173 166 0 221 300 275 243 224 413 326 298 421 338 351 378 425 403 420 434 402
222 263 221 0 483 509 227 294 387 289 295 357 248 196 413 332 230 303 434 450
448 472 300 483 0 214 439 521 618 593 503 715 509 597 590 691 674 598 584 488
290 420 275 509 214 0 540 566 576 524 431 599 513 499 570 674 610 598 591 574
223 271 243 227 439 540 0 310 369 85 252 462 141 394 375 506 324 404 274 428
247 276 224 294 521 566 310 0 422 270 154 550 304 429 443 631 411 540 214 476
302 267 413 387 618 576 369 422 0 473 418 580 452 431 188 610 561 608 625 297
319 369 326 289 593 524 85 270 473 0 254 459 225 512 425 569 472 515 441 472
354 345 298 295 503 431 252 154 418 254 0 498 333 422 349 480 482 490 217 374
362 402 421 357 715 599 462 550 580 459 498 0 490 124 500 421 262 388 673 473
346 264 338 248 509 513 141 304 452 225 333 490 0 301 442 510 532 519 393 590
220 256 351 196 597 499 394 429 431 512 422 124 301 0 555 209 284 180 505 404
280 121 378 413 590 570 375 443 188 425 349 500 442 555 0 558 506 505 521 209
459 438 425 332 691 674 506 631 610 569 480 421 510 209 558 0 161 48 651 561
325 454 403 230 674 610 324 411 561 472 482 262 532 284 506 161 0 125 629 506
426 400 420 303 598 598 404 540 608 515 490 388 519 180 505 48 125 0 584 496
344 439 434 434 584 591 274 214 625 441 217 673 393 505 521 651 629 584 0 601
402 170 402 450 488 574 428 476 297 472 374 473 590 404 209 561 506 496 601 0
