     20
object000 0 361 208 362 351 252 487 452 323 542 538 488 359 346 348 575 532 549 633 498
object001 361 0 388 311 593 431 360 374 294 487 404 360 298 289 358 310 472 307 495 306
object002 208 388 0 392 199 255 382 585 376 527 596 616 335 270 336 588 553 521 556 571
object003 362 311 392 0 553 502 266 557 231 392 527 414 125 127 247 376 642 618 481 505
object004 351 593 199 553 0 41 635 679 491 646 721 617 487 524 556 782 728 768 707 706
object005 252 431 255 502 41 0 480 662 410 617 788 689 484 524 506 685 684 639 618 688
object006 487 360 382 266 635 480 0 563 116 99 485 503 233 221 247 547 614 566 235 617
object007 452 374 585 557 679 662 563 0 492 658 200 246 515 377 525 349 326 382 676 284
object008 323 294 376 231 491 410 116 492 0 293 494 444 -15 210 172 492 557 484 351 430
object009 542 487 527 392 646 617 99 658 293 0 547 640 323 404 335 751 772 685 240 604
object010 538 404 596 527 721 788 485 200 494 547 0 -24 480 457 544 421 444 371 697 377
object011 488 360 616 414 617 689 503 246 444 640 -24 0 516 516 429 488 369 404 682 337
object012 359 298 335 125 487 484 233 515 -15 323 480 516 0 196 123 553 553 551 372 528
object013 346 289 270 127 524 524 221 377 210 404 457 516 196 0 206 477 614 453 365 496
object014 348 358 336 247 556 506 247 525 172 335 544 429 123 206 0 625 524 494 414 670
object015 575 310 588 376 782 685 547 349 492 751 421 488 553 477 625 0 291 301 674 327
object016 532 472 553 642 728 684 614 326 557 772 444 369 553 614 524 291 0 143 718 213
object017 549 307 521 618 768 639 566 382 484 685 371 404 551 453 494 301 143 0 682 310
object018 633 495 556 481 707 618 235 676 351 240 697 682 372 365 414 674 718 682 0 718
object019 498 306 571 505 706 688 617 284 430 604 377 337 528 496 670 327 213 310 718 0
