0 179 285 345 290 299 238 352 119 365 87 294 222 177 114 197 320 244 263
179 0 110 296 241 250 63 303 124 316 92 245 47 2 65 148 271 195 214
285 110 0 402 347 356 79 409 230 422 198 351 63 108 171 254 377 301 320
345 296 402 0 241 156 355 57 290 222 258 151 339 294 231 148 25 101 82
290 241 347 241 0 195 300 248 235 261 203 190 284 239 176 93 216 140 159
299 250 356 156 195 0 309 163 244 76 212 5 293 248 185 102 131 55 74
238 63 79 355 300 309 0 362 183 375 151 304 16 61 124 207 330 254 273
352 303 409 57 248 163 362 0 297 229 265 158 346 301 238 155 32 108 89
119 124 230 290 235 244 183 297 0 310 32 239 167 122 59 142 265 189 208
365 316 422 222 261 76 375 229 310 0 278 71 359 314 251 168 197 121 140
87 92 198 258 203 212 151 265 32 278 0 207 135 90 27 110 233 157 176
294 245 351 151 190 5 304 158 239 71 207 0 288 243 180 97 126 50 69
222 47 63 339 284 293 16 346 167 359 135 288 0 45 108 191 314 238 257
177 2 108 294 239 248 61 301 122 314 90 243 45 0 63 146 269 193 212
114 65 171 231 176 185 124 238 59 251 27 180 108 63 0 83 206 130 149
197 148 254 148 93 102 207 155 142 168 110 97 191 146 83 0 123 47 66
320 271 377 25 216 131 330 32 265 197 233 126 314 269 206 123 0 76 57
244 195 301 101 140 55 254 108 189 121 157 50 238 193 130 47 76 0 19
263 214 320 82 159 74 273 89 208 140 176 69 257 212 149 66 57 19 0
