0 260 284 279 382 237 360 287 375 231 284 296 183 269 229 188 140 74 91
260 0 396 391 494 349 472 399 487 125 396 408 77 381 341 300 252 186 169
284 396 0 283 208 241 106 33 201 367 30 122 319 15 55 192 144 210 227
279 391 283 0 381 140 359 286 374 362 283 295 314 268 228 91 139 205 222
382 494 208 381 0 339 284 211 165 465 208 86 417 193 153 290 242 308 325
237 349 241 140 339 0 317 244 332 320 241 253 272 226 186 49 97 163 180
360 472 106 359 284 317 0 79 277 443 76 198 395 91 131 268 220 286 303
287 399 33 286 211 244 79 0 204 370 3 125 322 18 58 195 147 213 230
375 487 201 374 165 332 277 204 0 458 201 79 410 186 146 283 235 301 318
231 125 367 362 465 320 443 370 458 0 367 379 48 352 312 271 223 157 140
284 396 30 283 208 241 76 3 201 367 0 122 319 15 55 192 144 210 227
296 408 122 295 86 253 198 125 79 379 122 0 331 107 67 204 156 222 239
183 77 319 314 417 272 395 322 410 48 319 331 0 304 264 223 175 109 92
269 381 15 268 193 226 91 18 186 352 15 107 304 0 40 177 129 195 212
229 341 55 228 153 186 131 58 146 312 55 67 264 40 0 137 89 155 172
188 300 192 91 290 49 268 195 283 271 192 204 223 177 137 0 48 114 131
140 252 144 139 242 97 220 147 235 223 144 156 175 129 89 48 0 66 83
74 186 210 205 308 163 286 213 301 157 210 222 109 195 155 114 66 0 17
91 169 227 222 325 180 303 230 318 140 227 239 92 212 172 131 83 17 0
