0 529 352 491 259 86 307 340 545 323 425 419 249 54 157 364 299 124 249
529 0 166 119 479 547 547 389 164 521 81 73 506 516 374 176 268 384 316
352 166 0 122 345 371 440 175 143 383 99 90 318 294 222 28 106 235 180
491 119 122 0 428 424 468 275 96 406 6 26 410 453 289 125 192 332 221
259 479 345 428 0 287 222 259 477 256 397 359 202 142 58 296 208 80 215
86 547 371 424 287 0 371 324 496 353 417 373 245 53 174 349 292 166 242
307 547 440 468 222 371 0 357 512 166 444 429 88 279 216 397 252 157 214
340 389 175 275 259 324 357 0 311 346 260 298 322 292 205 174 101 180 102
545 164 143 96 477 496 512 311 0 505 34 70 410 414 329 146 216 319 222
323 521 383 406 256 353 166 346 505 0 473 418 89 261 151 387 248 204 234
425 81 99 6 397 417 444 260 34 473 0 -2 348 381 258 128 162 269 178
419 73 90 26 359 373 429 298 70 418 -2 0 408 382 291 85 203 274 205
249 506 318 410 202 245 88 322 410 89 348 408 0 201 103 268 192 77 174
54 516 294 453 142 53 279 292 414 261 381 382 201 0 87 301 153 103 207
157 374 222 289 58 174 216 205 329 151 258 291 103 87 0 197 73 -19 75
364 176 28 125 296 349 397 174 146 387 128 85 268 301 197 0 119 199 102
299 268 106 192 208 292 252 101 216 248 162 203 192 153 73 119 0 87 28
124 384 235 332 80 166 157 180 319 204 269 274 77 103 -19 199 87 0 42
249 316 180 221 215 242 214 102 222 234 178 205 174 207 75 102 28 42 0
