0 372 284 390 361 261 427 176 236 338 173 220 353 337 370 76 165 245 339
372 0 326 22 243 303 309 396 456 220 393 262 235 219 2 296 207 127 33
284 326 0 344 315 105 381 308 368 292 305 64 307 291 324 208 119 199 293
390 22 344 0 261 321 327 414 474 238 411 280 253 237 20 314 225 145 51
361 243 315 261 0 292 82 385 445 25 382 251 8 24 241 285 196 116 210
261 303 105 321 292 0 358 285 345 269 282 41 284 268 301 185 96 176 270
427 309 381 327 82 358 0 451 511 91 448 317 74 90 307 351 262 182 276
176 396 308 414 385 285 451 0 66 362 3 244 377 361 394 100 189 269 363
236 456 368 474 445 345 511 66 0 422 63 304 437 421 454 160 249 329 423
338 220 292 238 25 269 91 362 422 0 359 228 17 1 218 262 173 93 187
173 393 305 411 382 282 448 3 63 359 0 241 374 358 391 97 186 266 360
220 262 64 280 251 41 317 244 304 228 241 0 243 227 260 144 55 135 229
353 235 307 253 8 284 74 377 437 17 374 243 0 16 233 277 188 108 202
337 219 291 237 24 268 90 361 421 1 358 227 16 0 217 261 172 92 186
370 2 324 20 241 301 307 394 454 218 391 260 233 217 0 294 205 125 31
76 296 208 314 285 185 351 100 160 262 97 144 277 261 294 0 89 169 263
165 207 119 225 196 96 262 189 249 173 186 55 188 172 205 89 0 80 174
245 127 199 145 116 176 182 269 329 93 266 135 108 92 125 169 80 0 94
339 33 293 51 210 270 276 363 423 187 360 229 202 186 31 263 174 94 0
