0 308 171 175 246 136 350 234 258 195 183 242 145 110 138 122 77 65 206
308 0 447 387 401 400 201 459 406 410 397 55 390 384 346 321 297 214 205
171 447 0 296 358 137 439 169 315 14 -25 346 63 33 258 223 201 154 276
175 387 296 0 113 292 362 292 129 308 304 283 223 247 96 71 120 119 244
246 401 358 113 0 336 399 414 175 340 330 363 285 328 78 133 227 143 277
136 400 137 292 336 0 410 105 303 125 29 356 12 40 229 273 132 173 278
350 201 439 362 399 410 0 486 370 428 415 36 362 384 312 266 282 203 133
234 459 169 292 414 105 486 0 346 182 146 423 71 100 319 310 179 278 361
258 406 315 129 175 303 370 346 0 355 302 317 312 245 97 101 189 163 235
195 410 14 308 340 125 428 182 355 0 25 378 52 107 294 282 189 178 299
183 397 -25 304 330 29 415 146 302 25 0 341 58 87 270 259 111 176 273
242 55 346 283 363 356 36 423 317 378 341 0 333 280 222 261 206 158 40
145 390 63 223 285 12 362 71 312 52 58 333 0 6 195 290 90 183 244
110 384 33 247 328 40 384 100 245 107 87 280 6 0 220 161 48 123 206
138 346 258 96 78 229 312 319 97 294 270 222 195 220 0 33 125 118 205
122 321 223 71 133 273 266 310 101 282 259 261 290 161 33 0 129 45 146
77 297 201 120 227 132 282 179 189 189 111 206 90 48 125 129 0 71 145
65 214 154 119 143 173 203 278 163 178 176 158 183 123 118 45 71 0 59
206 205 276 244 277 278 133 361 235 299 273 40 244 206 205 146 145 59 0
