0 119 237 327 264 357 291 230 357 260 232 28 231 309 257 203 200 135 52
119 0 300 390 327 420 354 293 420 323 295 91 294 372 320 266 263 198 115
237 300 0 164 101 194 128 197 194 97 69 209 68 146 94 40 37 102 185
327 390 164 0 129 278 154 287 278 181 95 299 96 230 178 124 127 192 275
264 327 101 129 0 215 93 224 215 118 34 236 33 167 115 61 64 129 212
357 420 194 278 215 0 242 317 96 103 183 329 182 48 100 154 157 222 305
291 354 128 154 93 242 0 251 242 145 59 263 60 194 142 88 91 156 239
230 293 197 287 224 317 251 0 317 220 192 202 191 269 217 163 160 95 178
357 420 194 278 215 96 242 317 0 103 183 329 182 48 100 154 157 222 305
260 323 97 181 118 103 145 220 103 0 86 232 85 55 3 57 60 125 208
232 295 69 95 34 183 59 192 183 86 0 204 1 135 83 29 32 97 180
28 91 209 299 236 329 263 202 329 232 204 0 203 281 229 175 172 107 24
231 294 68 96 33 182 60 191 182 85 1 203 0 134 82 28 31 96 179
309 372 146 230 167 48 194 269 48 55 135 281 134 0 52 106 109 174 257
257 320 94 178 115 100 142 217 100 3 83 229 82 52 0 54 57 122 205
203 266 40 124 61 154 88 163 154 57 29 175 28 106 54 0 3 68 151
200 263 37 127 64 157 91 160 157 60 32 172 31 109 57 3 0 65 148
135 198 102 192 129 222 156 95 222 125 97 107 96 174 122 68 65 0 83
52 115 185 275 212 305 239 178 305 208 180 24 179 257 205 151 148 83 0
