0 284 380 309 324 208 87 284 440 429 356 299 335 274 250 19 236 162 94
284 0 188 300 283 193 313 79 371 378 290 219 75 208 187 210 53 86 160
380 188 0 394 431 324 438 69 458 475 391 400 67 304 346 312 125 216 296
309 300 394 0 196 100 399 331 198 241 119 37 327 86 98 321 275 211 234
324 283 431 196 0 90 416 310 266 304 237 136 303 95 92 342 264 230 214
208 193 324 100 90 0 316 264 211 226 113 40 220 -17 30 225 236 97 165
87 313 438 399 416 316 0 334 484 487 386 300 307 324 305 119 255 205 150
284 79 69 331 310 264 334 0 431 433 334 261 -14 211 234 187 66 139 228
440 371 458 198 266 211 484 431 0 135 89 143 423 182 177 396 327 273 305
429 378 475 241 304 226 487 433 135 0 101 99 396 199 170 413 372 283 355
356 290 391 119 237 113 386 334 89 101 0 51 336 116 48 307 287 211 235
299 219 400 37 136 40 300 261 143 99 51 0 210 57 50 232 187 152 198
335 75 67 327 303 220 307 -14 423 396 336 210 0 262 206 238 66 97 243
274 208 304 86 95 -17 324 211 182 199 116 57 262 0 47 250 177 84 196
250 187 346 98 92 30 305 234 177 170 48 50 206 47 0 236 155 99 178
19 210 312 321 342 225 119 187 396 413 307 232 238 250 236 0 180 132 44
236 53 125 275 264 236 255 66 327 372 287 187 66 177 155 180 0 97 197
162 86 216 211 230 97 205 139 273 283 211 152 97 84 99 132 97 0 112
94 160 296 234 214 165 150 228 305 355 235 198 243 196 178 44 197 112 0
