0 97 163 186 344 421 181 448 345 284 65 397 419 49 252 152 173 262 255
97 0 106 75 297 338 181 420 211 251 -19 333 325 -44 197 100 102 177 249
163 106 0 170 201 322 104 339 216 182 59 258 240 81 191 -3 53 148 166
186 75 170 0 393 445 216 478 359 345 113 428 408 153 312 143 237 252 317
344 297 201 393 0 71 176 103 85 138 273 -17 8 317 45 230 187 137 88
421 338 322 445 71 0 264 121 187 157 372 69 37 364 123 306 193 136 186
181 181 104 216 176 264 0 292 165 145 125 202 234 64 139 66 0 136 118
448 420 339 478 103 121 292 0 235 223 368 76 106 381 169 341 288 208 233
345 211 216 359 85 187 165 235 0 109 273 128 91 240 52 233 99 47 102
284 251 182 345 138 157 145 223 109 0 212 97 177 215 44 174 152 50 -62
65 -19 59 113 273 372 125 368 273 212 0 315 269 22 244 108 131 211 259
397 333 258 428 -17 69 202 76 128 97 315 0 11 291 59 225 184 143 99
419 325 240 408 8 37 234 106 91 177 269 11 0 256 44 185 119 82 120
49 -44 81 153 317 364 64 381 240 215 22 291 256 0 237 99 128 190 204
252 197 191 312 45 123 139 169 52 44 244 59 44 237 0 107 96 73 53
152 100 -3 143 230 306 66 341 233 174 108 225 185 99 107 0 23 129 151
173 102 53 237 187 193 0 288 99 152 131 184 119 128 96 23 0 103 90
262 177 148 252 137 136 136 208 47 50 211 143 82 190 73 129 103 0 49
255 249 166 317 88 186 118 233 102 -62 259 99 120 204 53 151 90 49 0
