0 278 353 107 326 187 331 376 210 369 321 302 278 245 152 72 224 120 211
278 0 183 241 156 225 161 206 248 199 151 132 108 75 190 206 54 158 67
353 183 0 316 37 300 194 173 323 232 32 165 75 108 265 281 129 233 142
107 241 316 0 289 150 294 339 173 332 284 265 241 208 115 35 187 83 174
326 156 37 289 0 273 167 146 296 205 5 138 48 81 238 254 102 206 115
187 225 300 150 273 0 278 323 93 316 268 249 225 192 35 115 171 67 158
331 161 194 294 167 278 0 217 301 96 162 29 119 86 243 259 107 211 120
376 206 173 339 146 323 217 0 346 255 141 188 98 131 288 304 152 256 165
210 248 323 173 296 93 301 346 0 339 291 272 248 215 58 138 194 90 181
369 199 232 332 205 316 96 255 339 0 200 67 157 124 281 297 145 249 158
321 151 32 284 5 268 162 141 291 200 0 133 43 76 233 249 97 201 110
302 132 165 265 138 249 29 188 272 67 133 0 90 57 214 230 78 182 91
278 108 75 241 48 225 119 98 248 157 43 90 0 33 190 206 54 158 67
245 75 108 208 81 192 86 131 215 124 76 57 33 0 157 173 21 125 34
152 190 265 115 238 35 243 288 58 281 233 214 190 157 0 80 136 32 123
72 206 281 35 254 115 259 304 138 297 249 230 206 173 80 0 152 48 139
224 54 129 187 102 171 107 152 194 145 97 78 54 21 136 152 0 104 13
120 158 233 83 206 67 211 256 90 249 201 182 158 125 32 48 104 0 91
211 67 142 174 115 158 120 165 181 158 110 91 67 34 123 139 13 91 0
