0 254 280 145 212 277 300 310 293 221 193 98 250 223 81 116 227 129 191
254 0 125 216 234 268 276 289 252 255 204 156 235 168 175 131 -31 84 61
280 125 0 268 308 332 379 348 287 278 263 174 277 263 233 233 111 183 110
145 216 268 0 149 261 218 274 238 226 173 25 248 189 110 117 224 101 142
212 234 308 149 0 273 298 303 264 242 212 116 239 212 57 206 231 134 215
277 268 332 261 273 0 268 176 130 237 213 215 53 26 181 187 283 152 243
300 276 379 218 298 268 0 266 267 101 81 190 272 233 187 118 255 169 206
310 289 348 274 303 176 266 0 95 277 271 194 17 94 229 165 269 177 249
293 252 287 238 264 130 267 95 0 208 144 193 24 55 183 77 186 149 209
221 255 278 226 242 237 101 277 208 0 19 190 202 159 102 85 196 101 169
193 204 263 173 212 213 81 271 144 19 0 145 152 113 118 46 202 57 158
98 156 174 25 116 215 190 194 193 190 145 0 143 142 48 49 170 9 61
250 235 277 248 239 53 272 17 24 202 152 143 0 -49 140 99 146 144 174
223 168 263 189 212 26 233 94 55 159 113 142 -49 0 152 83 204 36 172
81 175 233 110 57 181 187 229 183 102 118 48 140 152 0 49 120 9 72
116 131 233 117 206 187 118 165 77 85 46 49 99 83 49 0 109 41 64
227 -31 111 224 231 283 255 269 186 196 202 170 146 204 120 109 0 58 75
129 84 183 101 134 152 169 177 149 101 57 9 144 36 9 41 58 0 20
191 61 110 142 215 243 206 249 209 169 158 61 174 172 72 64 75 20 0
