0 292 84 286 266 68 43 137 237 140 221 7 38 57 10 200 196 28 127
292 0 356 186 166 340 321 373 137 376 121 285 310 293 282 100 96 264 165
84 356 0 350 330 76 113 201 301 204 285 77 46 121 74 264 260 92 191
286 186 350 0 152 334 315 367 81 370 65 279 304 287 276 86 90 258 159
266 166 330 152 0 314 295 347 103 350 87 259 284 267 256 66 70 238 139
68 340 76 334 314 0 97 185 285 188 269 61 30 105 58 248 244 76 175
43 321 113 315 295 97 0 166 266 169 250 36 67 86 39 229 225 57 156
137 373 201 367 347 185 166 0 318 163 302 130 155 80 127 281 277 109 208
237 137 301 81 103 285 266 318 0 321 16 230 255 238 227 37 41 209 110
140 376 204 370 350 188 169 163 321 0 305 133 158 83 130 284 280 112 211
221 121 285 65 87 269 250 302 16 305 0 214 239 222 211 21 25 193 94
7 285 77 279 259 61 36 130 230 133 214 0 31 50 3 193 189 21 120
38 310 46 304 284 30 67 155 255 158 239 31 0 75 28 218 214 46 145
57 293 121 287 267 105 86 80 238 83 222 50 75 0 47 201 197 29 128
10 282 74 276 256 58 39 127 227 130 211 3 28 47 0 190 186 18 117
200 100 264 86 66 248 229 281 37 284 21 193 218 201 190 0 4 172 73
196 96 260 90 70 244 225 277 41 280 25 189 214 197 186 4 0 168 69
28 264 92 258 238 76 57 109 209 112 193 21 46 29 18 172 168 0 99
127 165 191 159 139 175 156 208 110 211 94 120 145 128 117 73 69 99 0
