0 311 318 331 287 379 271 381 302 243 310 225 314 281 217 205 191 179 97
311 0 9 260 216 256 224 258 231 104 1 86 191 210 94 134 120 132 214
318 9 0 267 223 263 231 265 238 111 8 93 198 217 101 141 127 139 221
331 260 267 0 208 328 244 330 71 192 259 174 263 50 166 126 140 152 234
287 216 223 208 0 284 200 286 179 148 215 130 219 158 122 82 96 108 190
379 256 263 328 284 0 292 132 299 188 255 170 65 278 162 202 188 200 282
271 224 231 244 200 292 0 294 215 156 223 138 227 194 130 118 104 92 174
381 258 265 330 286 132 294 0 301 190 257 172 67 280 164 204 190 202 284
302 231 238 71 179 299 215 301 0 163 230 145 234 21 137 97 111 123 205
243 104 111 192 148 188 156 190 163 0 103 18 123 142 26 66 52 64 146
310 1 8 259 215 255 223 257 230 103 0 85 190 209 93 133 119 131 213
225 86 93 174 130 170 138 172 145 18 85 0 105 124 8 48 34 46 128
314 191 198 263 219 65 227 67 234 123 190 105 0 213 97 137 123 135 217
281 210 217 50 158 278 194 280 21 142 209 124 213 0 116 76 90 102 184
217 94 101 166 122 162 130 164 137 26 93 8 97 116 0 40 26 38 120
205 134 141 126 82 202 118 204 97 66 133 48 137 76 40 0 14 26 108
191 120 127 140 96 188 104 190 111 52 119 34 123 90 26 14 0 12 94
179 132 139 152 108 200 92 202 123 64 131 46 135 102 38 26 12 0 82
97 214 221 234 190 282 174 284 205 146 213 128 217 184 120 108 94 82 0
