0 300 411 229 366 395 98 368 401 355 48 214 363 287 328 274 309 339 410
300 0 199 122 140 148 208 108 154 126 181 108 37 26 50 52 45 30 137
411 199 0 292 293 241 407 287 252 234 398 266 216 235 172 159 154 165 78
229 122 292 0 224 213 187 191 257 130 115 7 217 115 133 94 152 146 235
366 140 293 224 0 118 338 201 185 184 333 158 183 144 104 116 133 131 232
395 148 241 213 118 0 350 182 182 130 316 206 156 109 32 42 129 111 210
98 208 407 187 338 350 0 267 330 289 -35 123 288 200 235 229 247 227 310
368 108 287 191 201 182 267 0 152 185 295 188 34 156 113 63 60 131 183
401 154 252 257 185 182 330 152 0 200 287 202 71 98 159 116 108 135 243
355 126 234 130 184 130 289 185 200 0 233 164 124 82 72 65 72 19 129
48 181 398 115 333 316 -35 295 287 233 0 111 213 193 221 238 162 215 307
214 108 266 7 158 206 123 188 202 164 111 0 133 31 154 133 112 110 211
363 37 216 217 183 156 288 34 71 124 213 133 0 95 49 45 63 100 123
287 26 235 115 144 109 200 156 98 82 193 31 95 0 9 35 21 17 162
328 50 172 133 104 32 235 113 159 72 221 154 49 9 0 61 47 75 124
274 52 159 94 116 42 229 63 116 65 238 133 45 35 61 0 24 4 79
309 45 154 152 133 129 247 60 108 72 162 112 63 21 47 24 0 3 85
339 30 165 146 131 111 227 131 135 19 215 110 100 17 75 4 3 0 95
410 137 78 235 232 210 310 183 243 129 307 211 123 162 124 79 85 95 0
