0 130 435 212 226 464 233 447 467 336 105 380 376 237 226 382 274 195 75
130 0 440 242 223 449 190 444 464 278 52 374 355 163 200 315 225 134 109
435 440 0 145 272 165 301 96 171 400 327 94 64 307 263 101 139 247 340
212 242 145 0 136 203 159 142 178 180 197 129 113 167 147 56 -21 99 160
226 223 272 136 0 331 -15 317 320 83 144 283 258 -16 -12 239 142 76 105
464 449 165 203 331 0 331 154 183 405 389 97 95 326 350 130 189 299 337
233 190 301 159 -15 331 0 319 368 70 132 238 239 6 21 261 80 63 114
447 444 96 142 317 154 319 0 128 330 293 47 69 304 324 62 153 234 284
467 464 171 178 320 183 368 128 0 378 365 33 102 341 287 111 212 304 388
336 278 400 180 83 405 70 330 378 0 213 307 287 37 78 262 196 118 170
105 52 327 197 144 389 132 293 365 213 0 307 262 157 74 290 117 90 61
380 374 94 129 283 97 238 47 33 307 307 0 -2 265 274 52 75 201 269
376 355 64 113 258 95 239 69 102 287 262 -2 0 243 251 -7 98 203 216
237 163 307 167 -16 326 6 304 341 37 157 265 243 0 59 228 153 69 137
226 200 263 147 -12 350 21 324 287 78 74 274 251 59 0 222 134 42 118
382 315 101 56 239 130 261 62 111 262 290 52 -7 228 222 0 74 172 253
274 225 139 -21 142 189 80 153 212 196 117 75 98 153 134 74 0 74 144
195 134 247 99 76 299 63 234 304 118 90 201 203 69 42 172 74 0 51
75 109 340 160 105 337 114 284 388 170 61 269 216 137 118 253 144 51 0
