0 125 319 103 -18 275 282 261 413 266 8 48 264 84 266 216 142 202 317
125 0 304 154 177 281 242 240 336 243 92 108 209 59 215 164 112 176 277
319 304 0 384 377 382 364 373 390 219 343 326 341 275 364 300 239 123 39
103 154 384 0 109 335 340 364 433 328 106 105 362 110 344 270 221 332 361
-18 177 377 109 0 322 291 349 393 277 48 56 316 127 326 212 126 253 296
275 281 382 335 322 0 107 51 263 243 268 299 150 227 13 62 136 223 309
282 242 364 340 291 107 0 185 116 227 246 272 47 165 133 90 213 223 351
261 240 373 364 349 51 185 0 262 271 270 249 141 204 -3 75 111 218 310
413 336 390 433 393 263 116 262 0 341 379 369 122 301 200 151 214 303 358
266 243 219 328 277 243 227 271 341 0 251 215 192 203 268 228 152 44 82
8 92 343 106 48 268 246 270 379 251 0 26 215 29 277 164 119 194 316
48 108 326 105 56 299 272 249 369 215 26 0 210 31 267 180 104 179 301
264 209 341 362 316 150 47 141 122 192 215 210 0 190 114 57 141 155 288
84 59 275 110 127 227 165 204 301 203 29 31 190 0 215 126 54 178 235
266 215 364 344 326 13 133 -3 200 268 277 267 114 215 0 67 119 231 316
216 164 300 270 212 62 90 75 151 228 164 180 57 126 67 0 80 198 237
142 112 239 221 126 136 213 111 214 152 119 104 141 54 119 80 0 123 159
202 176 123 332 253 223 223 218 303 44 194 179 155 178 231 198 123 0 120
317 277 39 361 296 309 351 310 358 82 316 301 288 235 316 237 159 120 0
