0 233 239 234 159 109 183 190 217 205 211 200 137 26 55 193 159 95 143
233 0 86 45 202 290 306 105 50 328 22 33 260 207 178 40 74 138 90
239 86 0 87 208 296 312 111 70 334 64 53 266 213 184 46 80 144 96
234 45 87 0 203 291 307 106 51 329 23 34 261 208 179 41 75 139 91
159 202 208 203 0 216 232 159 186 254 180 169 186 133 104 162 128 64 112
109 290 296 291 216 0 240 247 274 262 268 257 194 83 112 250 216 152 200
183 306 312 307 232 240 0 263 290 114 284 273 46 157 128 266 232 168 216
190 105 111 106 159 247 263 0 89 285 83 72 217 164 135 65 31 95 47
217 50 70 51 186 274 290 89 0 312 28 17 244 191 162 24 58 122 74
205 328 334 329 254 262 114 285 312 0 306 295 68 179 150 288 254 190 238
211 22 64 23 180 268 284 83 28 306 0 11 238 185 156 18 52 116 68
200 33 53 34 169 257 273 72 17 295 11 0 227 174 145 7 41 105 57
137 260 266 261 186 194 46 217 244 68 238 227 0 111 82 220 186 122 170
26 207 213 208 133 83 157 164 191 179 185 174 111 0 29 167 133 69 117
55 178 184 179 104 112 128 135 162 150 156 145 82 29 0 138 104 40 88
193 40 46 41 162 250 266 65 24 288 18 7 220 167 138 0 34 98 50
159 74 80 75 128 216 232 31 58 254 52 41 186 133 104 34 0 64 16
95 138 144 139 64 152 168 95 122 190 116 105 122 69 40 98 64 0 48
143 90 96 91 112 200 216 47 74 238 68 57 170 117 88 50 16 48 0
