0 240 99 36 170 231 169 258 325 33 -18 245 242 77 238 74 134 149 185
240 0 247 289 142 54 266 88 183 170 296 102 64 217 76 266 195 122 122
99 247 0 92 87 185 152 167 198 27 63 178 194 26 159 14 1 151 108
36 289 92 0 161 281 190 260 323 98 42 302 236 81 297 61 144 199 176
170 142 87 161 0 118 159 90 182 123 158 146 119 100 92 43 87 14 -53
231 54 185 281 118 0 270 -24 151 247 194 4 14 195 49 167 150 75 119
169 266 152 190 159 270 0 188 269 102 134 254 232 126 170 109 86 139 172
258 88 167 260 90 -24 188 0 203 196 247 17 66 219 49 198 115 91 135
325 183 198 323 182 151 269 203 0 287 282 132 137 234 81 244 193 97 130
33 170 27 98 123 247 102 196 287 0 69 179 164 42 160 22 37 91 160
-18 296 63 42 158 194 134 247 282 69 0 216 247 57 182 90 78 149 172
245 102 178 302 146 4 254 17 132 179 216 0 55 158 56 148 148 87 119
242 64 194 236 119 14 232 66 137 164 247 55 0 137 16 117 115 87 77
77 217 26 81 100 195 126 219 234 42 57 158 137 0 113 54 24 106 93
238 76 159 297 92 49 170 49 81 160 182 56 16 113 0 85 100 73 102
74 266 14 61 43 167 109 198 244 22 90 148 117 54 85 0 -4 70 105
134 195 1 144 87 150 86 115 193 37 78 148 115 24 100 -4 0 77 71
149 122 151 199 14 75 139 91 97 91 149 87 87 106 73 70 77 0 7
185 122 108 176 -53 119 172 135 130 160 172 119 77 93 102 105 71 7 0
