0 104 251 213 221 189 190 222 321 269 148 317 240 181 145 115 31 43 65
104 0 266 295 247 201 225 242 330 320 240 247 262 235 271 185 61 100 147
251 266 0 311 215 76 126 324 267 257 40 365 210 129 146 73 209 218 236
213 295 311 0 372 276 325 26 355 396 236 -21 426 332 300 261 192 176 78
221 247 215 372 0 185 40 390 157 157 141 329 156 33 51 98 233 163 278
189 201 76 276 185 0 103 273 206 165 5 309 148 98 138 57 176 119 221
190 225 126 325 40 103 0 365 138 173 87 359 85 51 51 51 159 127 258
222 242 324 26 390 273 365 0 414 482 290 -25 391 327 337 237 161 171 66
321 330 267 355 157 206 138 414 0 -17 184 364 -34 55 114 124 247 211 296
269 320 257 396 157 165 173 482 -17 0 165 403 65 102 101 175 255 262 289
148 240 40 236 141 5 87 290 184 165 0 294 181 124 33 37 160 105 184
317 247 365 -21 329 309 359 -25 364 403 294 0 393 320 325 284 208 161 66
240 262 210 426 156 148 85 391 -34 65 181 393 0 75 93 162 261 271 285
181 235 129 332 33 98 51 327 55 102 124 320 75 0 22 42 167 125 241
145 271 146 300 51 138 51 337 114 101 33 325 93 22 0 18 164 177 201
115 185 73 261 98 57 51 237 124 175 37 284 162 42 18 0 121 76 172
31 61 209 192 233 176 159 161 247 255 160 208 261 167 164 121 0 40 97
43 100 218 176 163 119 127 171 211 262 105 161 271 125 177 76 40 0 97
65 147 236 78 278 221 258 66 296 289 184 66 285 241 201 172 97 97 0
