     19
object000 0 166 379 124 334 297 268 151 366 315 284 304 258 68 67 72 191 274 211
object001 166 0 436 138 384 356 289 165 370 258 300 299 232 79 115 102 211 252 231
object002 379 436 0 372 224 94 303 314 203 292 49 127 111 300 290 304 185 301 239
object003 124 138 372 0 387 294 307 192 329 270 350 319 289 62 108 146 150 300 278
object004 334 384 224 387 0 150 311 311 159 302 130 82 83 348 335 217 152 271 277
object005 297 356 94 294 150 0 280 297 138 238 26 63 83 238 321 262 146 232 226
object006 268 289 303 307 311 280 0 222 297 25 215 217 245 258 240 182 95 -8 39
object007 151 165 314 192 311 297 222 0 268 206 256 238 231 148 100 42 102 232 121
object008 366 370 203 329 159 138 297 268 0 243 143 18 92 256 292 246 179 259 188
object009 315 258 292 270 302 238 25 206 243 0 236 228 140 205 210 142 96 6 35
object010 284 300 49 350 130 26 215 256 143 236 0 73 52 256 208 214 154 269 218
object011 304 299 127 319 82 63 217 238 18 228 73 0 5 245 228 191 98 219 128
object012 258 232 111 289 83 83 245 231 92 140 52 5 0 203 182 136 120 194 150
object013 68 79 300 62 348 238 258 148 256 205 256 245 203 0 15 55 108 194 165
object014 67 115 290 108 335 321 240 100 292 210 208 228 182 15 0 104 88 217 133
object015 72 102 304 146 217 262 182 42 246 142 214 191 136 55 104 0 70 148 139
object016 191 211 185 150 152 146 95 102 179 96 154 98 120 108 88 70 0 103 49
object017 274 252 301 300 271 232 -8 232 259 6 269 219 194 194 217 148 103 0 74
object018 211 231 239 278 277 226 39 121 188 35 218 128 150 165 133 139 49 74 0
