0 132 181 442 432 513 532 468 445 492 461 88 369 440 368 355 173 309 253
132 0 137 398 388 469 488 424 401 448 417 44 325 396 324 311 129 265 209
181 137 0 277 267 348 367 303 280 327 296 93 204 275 203 190 8 144 88
442 398 277 0 138 337 356 174 269 316 285 354 75 264 74 179 269 133 189
432 388 267 138 0 327 346 162 259 306 275 344 63 254 64 169 259 123 179
513 469 348 337 327 0 165 363 248 125 94 425 264 73 263 158 340 204 260
532 488 367 356 346 165 0 382 267 102 71 444 283 92 282 177 359 223 279
468 424 303 174 162 363 382 0 295 342 311 380 99 290 100 205 295 159 215
445 401 280 269 259 248 267 295 0 227 196 357 196 175 195 90 272 136 192
492 448 327 316 306 125 102 342 227 0 31 404 243 52 242 137 319 183 239
461 417 296 285 275 94 71 311 196 31 0 373 212 21 211 106 288 152 208
88 44 93 354 344 425 444 380 357 404 373 0 281 352 280 267 85 221 165
369 325 204 75 63 264 283 99 196 243 212 281 0 191 1 106 196 60 116
440 396 275 264 254 73 92 290 175 52 21 352 191 0 190 85 267 131 187
368 324 203 74 64 263 282 100 195 242 211 280 1 190 0 105 195 59 115
355 311 190 179 169 158 177 205 90 137 106 267 106 85 105 0 182 46 102
173 129 8 269 259 340 359 295 272 319 288 85 196 267 195 182 0 136 80
309 265 144 133 123 204 223 159 136 183 152 221 60 131 59 46 136 0 56
253 209 88 189 179 260 279 215 192 239 208 165 116 187 115 102 80 56 0
