0 395 287 454 174 103 220 293 449 232 429 310 157 49 43 297 224 174 183
395 0 179 -37 314 408 521 232 162 536 -8 126 441 369 352 137 154 304 245
287 179 0 162 217 260 384 136 135 434 123 61 343 291 288 49 31 125 103
454 -37 162 0 313 393 545 208 160 540 7 129 460 381 374 143 181 308 281
174 314 217 313 0 151 294 172 295 280 321 210 166 139 70 178 149 20 73
103 408 260 393 151 0 255 307 390 222 402 312 119 8 34 249 201 80 170
220 521 384 545 294 255 0 357 548 180 592 453 41 187 122 431 358 253 297
293 232 136 208 172 307 357 0 260 415 227 164 376 288 210 118 83 209 103
449 162 135 160 295 390 548 260 0 492 153 64 411 354 342 94 157 273 225
232 536 434 540 280 222 180 415 492 0 564 431 95 211 167 483 383 264 330
429 -8 123 7 321 402 592 227 153 564 0 101 458 377 310 95 162 262 255
310 126 61 129 210 312 453 164 64 431 101 0 375 286 263 54 104 194 161
157 441 343 460 166 119 41 376 411 95 458 375 0 77 80 321 278 146 184
49 369 291 381 139 8 187 288 354 211 377 286 77 0 7 268 225 53 163
43 352 288 374 70 34 122 210 342 167 310 263 80 7 0 259 154 88 135
297 137 49 143 178 249 431 118 94 483 95 54 321 268 259 0 34 186 135
224 154 31 181 149 201 358 83 157 383 162 104 278 225 154 34 0 73 67
174 304 125 308 20 80 253 209 273 264 262 194 146 53 88 186 73 0 52
183 245 103 281 73 170 297 103 225 330 255 161 184 163 135 135 67 52 0
