0 356 411 392 245 319 415 395 385 411 311 315 377 238 330 301 229 175 86
356 0 309 398 251 325 313 293 283 137 317 41 275 244 228 199 127 181 270
411 309 0 453 306 380 224 204 136 364 372 268 186 299 81 110 182 236 325
392 398 453 0 161 89 457 437 427 453 81 357 419 154 372 343 271 217 306
245 251 306 161 0 88 310 290 280 306 80 210 272 7 225 196 124 70 159
319 325 380 89 88 0 384 364 354 380 8 284 346 81 299 270 198 144 233
415 313 224 457 310 384 0 56 198 368 376 272 38 303 143 114 186 240 329
395 293 204 437 290 364 56 0 178 348 356 252 18 283 123 94 166 220 309
385 283 136 427 280 354 198 178 0 338 346 242 160 273 55 84 156 210 299
411 137 364 453 306 380 368 348 338 0 372 96 330 299 283 254 182 236 325
311 317 372 81 80 8 376 356 346 372 0 276 338 73 291 262 190 136 225
315 41 268 357 210 284 272 252 242 96 276 0 234 203 187 158 86 140 229
377 275 186 419 272 346 38 18 160 330 338 234 0 265 105 76 148 202 291
238 244 299 154 7 81 303 283 273 299 73 203 265 0 218 189 117 63 152
330 228 81 372 225 299 143 123 55 283 291 187 105 218 0 29 101 155 244
301 199 110 343 196 270 114 94 84 254 262 158 76 189 29 0 72 126 215
229 127 182 271 124 198 186 166 156 182 190 86 148 117 101 72 0 54 143
175 181 236 217 70 144 240 220 210 236 136 140 202 63 155 126 54 0 89
86 270 325 306 159 233 329 309 299 325 225 229 291 152 244 215 143 89 0
