0 294 209 122 351 145 318 167 195 232 128 241 127 145 229 193 55 148 185
294 0 495 183 306 372 40 356 290 455 402 -14 360 258 228 155 237 158 115
209 495 0 311 468 224 454 263 404 110 79 497 215 128 392 329 215 302 362
122 183 311 0 218 221 179 269 120 371 216 173 266 207 91 13 136 -26 58
351 306 468 218 0 467 394 416 76 491 403 350 402 273 85 157 256 197 242
145 372 224 221 467 0 399 51 333 218 174 371 20 67 299 252 79 207 249
318 40 454 179 394 399 0 383 304 502 376 61 399 305 276 221 338 182 151
167 356 263 269 416 51 383 0 338 195 169 397 25 55 355 241 100 227 246
195 290 404 120 76 333 304 338 0 461 320 216 323 244 -2 111 216 94 159
232 455 110 371 491 218 502 195 461 0 100 456 212 158 441 301 201 309 325
128 402 79 216 403 174 376 169 320 100 0 353 108 75 325 216 148 185 226
241 -14 497 173 350 371 61 397 216 456 353 0 334 254 294 143 259 130 72
127 360 215 266 402 20 399 25 323 212 108 334 0 65 304 261 61 239 243
145 258 128 207 273 67 305 55 244 158 75 254 65 0 240 139 68 158 234
229 228 392 91 85 299 276 355 -2 441 325 294 304 240 0 97 179 109 160
193 155 329 13 157 252 221 241 111 301 216 143 261 139 97 0 122 21 54
55 237 215 136 256 79 338 100 216 201 148 259 61 68 179 122 0 44 149
148 158 302 -26 197 207 182 227 94 309 185 130 239 158 109 21 44 0 50
185 115 362 58 242 249 151 246 159 325 226 72 243 234 160 54 149 50 0
