0 273 440 542 457 122 89 116 309 360 26 222 1 100 444 362 299 193 263
273 0 327 429 344 393 360 189 138 247 297 51 272 173 331 249 186 80 150
440 327 0 258 173 560 527 356 363 202 464 276 439 340 160 78 141 247 177
542 429 258 0 111 662 629 458 465 304 566 378 541 442 98 180 243 349 279
457 344 173 111 0 577 544 373 380 219 481 293 456 357 13 95 158 264 194
122 393 560 662 577 0 159 236 429 480 96 342 121 220 564 482 419 313 383
89 360 527 629 544 159 0 203 396 447 63 309 88 187 531 449 386 280 350
116 189 356 458 373 236 203 0 225 276 140 138 115 16 360 278 215 109 179
309 138 363 465 380 429 396 225 0 283 333 87 308 209 367 285 222 116 186
360 247 202 304 219 480 447 276 283 0 384 196 359 260 206 124 61 167 97
26 297 464 566 481 96 63 140 333 384 0 246 25 124 468 386 323 217 287
222 51 276 378 293 342 309 138 87 196 246 0 221 122 280 198 135 29 99
1 272 439 541 456 121 88 115 308 359 25 221 0 99 443 361 298 192 262
100 173 340 442 357 220 187 16 209 260 124 122 99 0 344 262 199 93 163
444 331 160 98 13 564 531 360 367 206 468 280 443 344 0 82 145 251 181
362 249 78 180 95 482 449 278 285 124 386 198 361 262 82 0 63 169 99
299 186 141 243 158 419 386 215 222 61 323 135 298 199 145 63 0 106 36
193 80 247 349 264 313 280 109 116 167 217 29 192 93 251 169 106 0 70
263 150 177 279 194 383 350 179 186 97 287 99 262 163 181 99 36 70 0
