0 108 32 263 260 215 300 314 165 182 163 222 188 88 85 5 58 49 191
108 0 114 184 137 241 369 386 256 201 131 278 214 1 183 82 130 98 220
32 114 0 211 266 153 357 341 212 147 191 252 139 97 106 28 32 77 184
263 184 211 0 150 400 459 477 410 359 50 424 358 164 312 185 215 247 290
260 137 266 150 0 421 491 451 402 360 72 418 343 158 332 217 297 257 324
215 241 153 400 421 0 199 219 157 221 341 134 -4 275 106 177 130 190 230
300 369 357 459 491 199 0 193 300 323 439 116 121 350 213 309 284 284 320
314 386 341 477 451 219 193 0 262 343 414 77 165 354 188 283 288 228 330
165 256 212 410 402 157 300 262 0 192 302 247 121 245 105 171 150 90 174
182 201 147 359 360 221 323 343 192 0 296 260 204 229 194 124 120 62 27
163 131 191 50 72 341 439 414 302 296 0 383 286 99 289 160 114 207 262
222 278 252 424 418 134 116 77 247 260 383 0 70 248 81 176 175 195 269
188 214 139 358 343 -4 121 165 121 204 286 70 0 221 92 124 102 48 160
88 1 97 164 158 275 350 354 245 229 99 248 221 0 124 52 43 123 156
85 183 106 312 332 106 213 188 105 194 289 81 92 124 0 65 48 36 88
5 82 28 185 217 177 309 283 171 124 160 176 124 52 65 0 39 11 165
58 130 32 215 297 130 284 288 150 120 114 175 102 43 48 39 0 67 68
49 98 77 247 257 190 284 228 90 62 207 195 48 123 36 11 67 0 61
191 220 184 290 324 230 320 330 174 27 262 269 160 156 88 165 68 61 0
