0 263 204 294 262 322 344 37 207 352 333 304 183 245 226 12 128 94 114
263 0 101 369 337 397 419 276 282 427 408 379 80 320 301 251 203 169 189
204 101 0 310 278 338 360 217 223 368 349 320 21 261 242 192 144 110 130
294 369 310 0 104 164 186 307 245 194 175 146 289 87 68 282 166 200 180
262 337 278 104 0 94 116 275 213 124 105 76 257 17 36 250 134 168 148
322 397 338 164 94 0 58 335 273 66 47 18 317 77 96 310 194 228 208
344 419 360 186 116 58 0 357 295 30 11 40 339 99 118 332 216 250 230
37 276 217 307 275 335 357 0 220 365 346 317 196 258 239 25 141 107 127
207 282 223 245 213 273 295 220 0 303 284 255 202 196 177 195 79 113 93
352 427 368 194 124 66 30 365 303 0 19 48 347 107 126 340 224 258 238
333 408 349 175 105 47 11 346 284 19 0 29 328 88 107 321 205 239 219
304 379 320 146 76 18 40 317 255 48 29 0 299 59 78 292 176 210 190
183 80 21 289 257 317 339 196 202 347 328 299 0 240 221 171 123 89 109
245 320 261 87 17 77 99 258 196 107 88 59 240 0 19 233 117 151 131
226 301 242 68 36 96 118 239 177 126 107 78 221 19 0 214 98 132 112
12 251 192 282 250 310 332 25 195 340 321 292 171 233 214 0 116 82 102
128 203 144 166 134 194 216 141 79 224 205 176 123 117 98 116 0 34 14
94 169 110 200 168 228 250 107 113 258 239 210 89 151 132 82 34 0 20
114 189 130 180 148 208 230 127 93 238 219 190 109 131 112 102 14 20 0
