0 277 450 213 397 379 112 382 396 349 90 188 332 262 318 292 283 293 378
277 0 203 114 150 132 209 135 149 102 187 89 85 15 71 45 36 46 131
450 203 0 287 281 263 382 266 280 213 360 262 216 188 202 176 167 157 72
213 114 287 0 234 216 145 219 233 186 123 25 169 99 155 129 120 130 215
397 150 281 234 0 140 329 195 209 180 307 209 145 135 79 105 114 124 209
379 132 263 216 140 0 311 177 191 162 289 191 127 117 61 87 96 106 191
112 209 382 145 329 311 0 314 328 281 22 120 264 194 250 224 215 225 310
382 135 266 219 195 177 314 0 114 165 292 194 50 120 116 90 99 109 194
396 149 280 233 209 191 328 114 0 179 306 208 64 134 130 104 113 123 208
349 102 213 186 180 162 281 165 179 0 259 161 115 87 101 75 66 56 141
90 187 360 123 307 289 22 292 306 259 0 98 242 172 228 202 193 203 288
188 89 262 25 209 191 120 194 208 161 98 0 144 74 130 104 95 105 190
332 85 216 169 145 127 264 50 64 115 242 144 0 70 66 40 49 59 144
262 15 188 99 135 117 194 120 134 87 172 74 70 0 56 30 21 31 116
318 71 202 155 79 61 250 116 130 101 228 130 66 56 0 26 35 45 130
292 45 176 129 105 87 224 90 104 75 202 104 40 30 26 0 9 19 104
283 36 167 120 114 96 215 99 113 66 193 95 49 21 35 9 0 10 95
293 46 157 130 124 106 225 109 123 56 203 105 59 31 45 19 10 0 85
378 131 72 215 209 191 310 194 208 141 288 190 144 116 130 104 95 85 0
