0 366 284 335 260 286 271 356 148 230 138 244 238 294 99 283 177 215 202
366 0 84 271 272 298 283 292 316 398 306 256 250 230 267 83 189 151 164
284 84 0 189 190 216 201 210 234 316 224 174 168 148 185 1 107 69 82
335 271 189 0 241 267 252 103 285 367 275 225 219 41 236 188 158 120 133
260 272 190 241 0 70 55 262 210 292 200 28 22 200 161 189 83 121 108
286 298 216 267 70 0 69 288 236 318 226 42 48 226 187 215 109 147 134
271 283 201 252 55 69 0 273 221 303 211 27 33 211 172 200 94 132 119
356 292 210 103 262 288 273 0 306 388 296 246 240 62 257 209 179 141 154
148 316 234 285 210 236 221 306 0 102 10 194 188 244 49 233 127 165 152
230 398 316 367 292 318 303 388 102 0 92 276 270 326 131 315 209 247 234
138 306 224 275 200 226 211 296 10 92 0 184 178 234 39 223 117 155 142
244 256 174 225 28 42 27 246 194 276 184 0 6 184 145 173 67 105 92
238 250 168 219 22 48 33 240 188 270 178 6 0 178 139 167 61 99 86
294 230 148 41 200 226 211 62 244 326 234 184 178 0 195 147 117 79 92
99 267 185 236 161 187 172 257 49 131 39 145 139 195 0 184 78 116 103
283 83 1 188 189 215 200 209 233 315 223 173 167 147 184 0 106 68 81
177 189 107 158 83 109 94 179 127 209 117 67 61 117 78 106 0 38 25
215 151 69 120 121 147 132 141 165 247 155 105 99 79 116 68 38 0 13
202 164 82 133 108 134 119 154 152 234 142 92 86 92 103 81 25 13 0
