0 450 370 172 357 330 164 215 310 294 142 226 105 179 370 332 348 184 201
450 0 187 446 59 391 385 322 364 223 406 256 332 239 62 114 151 210 275
370 187 0 421 150 361 410 280 289 125 391 260 310 182 138 81 40 239 199
172 446 421 0 409 303 92 243 335 337 97 287 116 213 430 318 312 155 178
357 59 150 409 0 344 350 242 249 80 340 247 268 197 11 58 77 169 198
330 391 361 303 344 0 269 192 79 229 265 49 202 147 271 188 269 127 127
164 385 410 92 350 269 0 200 227 317 2 181 85 143 349 331 217 177 153
215 322 280 243 242 192 200 0 136 222 208 145 99 35 176 190 115 18 91
310 364 289 335 249 79 227 136 0 225 301 3 178 119 294 231 216 60 127
294 223 125 337 80 229 317 222 225 0 271 215 184 156 142 37 56 116 161
142 406 391 97 340 265 2 208 301 271 0 256 59 164 337 305 259 186 213
226 256 260 287 247 49 181 145 3 215 256 0 181 63 219 181 143 67 17
105 332 310 116 268 202 85 99 178 184 59 181 0 88 256 218 199 76 97
179 239 182 213 197 147 143 35 119 156 164 63 88 0 203 99 129 -20 -24
370 62 138 430 11 271 349 176 294 142 337 219 256 203 0 54 147 157 130
332 114 81 318 58 188 331 190 231 37 305 181 218 99 54 0 54 106 78
348 151 40 312 77 269 217 115 216 56 259 143 199 129 147 54 0 111 107
184 210 239 155 169 127 177 18 60 116 186 67 76 -20 157 106 111 0 -35
201 275 199 178 198 127 153 91 127 161 213 17 97 -24 130 78 107 -35 0
