0 104 180 196 137 305 179 292 314 142 61 131 99 249 234 102 68 96 165
104 0 204 175 161 277 242 313 356 119 117 127 148 321 275 178 96 124 221
180 204 0 264 187 269 196 290 323 138 182 147 91 312 244 111 121 98 234
196 175 264 0 125 320 240 354 376 214 157 90 209 358 308 142 105 148 253
137 161 187 125 0 273 224 306 350 171 159 -6 114 322 242 138 65 69 214
305 277 269 320 273 0 284 143 136 310 254 275 239 112 64 182 246 265 115
179 242 196 240 224 284 0 258 294 147 146 198 69 284 214 108 143 109 177
292 313 290 354 306 143 258 0 36 276 276 283 258 47 39 190 200 222 104
314 356 323 376 350 136 294 36 0 308 271 281 257 65 107 197 228 221 137
142 119 138 214 171 310 147 276 308 0 63 139 13 256 195 28 73 70 149
61 117 182 157 159 254 146 276 271 63 0 64 63 276 156 22 -9 57 113
131 127 147 90 -6 275 198 283 281 139 64 0 46 304 177 72 71 23 188
99 148 91 209 114 239 69 258 257 13 63 46 0 247 176 12 46 68 125
249 321 312 358 322 112 284 47 65 256 276 304 247 0 35 212 240 244 105
234 275 244 308 242 64 214 39 107 195 156 177 176 35 0 184 108 128 69
102 178 111 142 138 182 108 190 197 28 22 72 12 212 184 0 57 -21 91
68 96 121 105 65 246 143 200 228 73 -9 71 46 240 108 57 0 9 108
96 124 98 148 69 265 109 222 221 70 57 23 68 244 128 -21 9 0 85
165 221 234 253 214 115 177 104 137 149 113 188 125 105 69 91 108 85 0
