0 333 169 350 244 375 414 304 336 315 317 243 289 282 223 205 160 126 71
333 0 289 384 302 288 24 363 432 204 -4 113 244 323 170 229 206 263 257
169 289 0 261 205 300 276 291 297 258 299 210 223 171 126 151 126 67 134
350 384 261 0 215 406 390 351 210 324 335 304 340 51 193 170 184 171 313
244 302 205 215 0 346 271 305 282 300 256 215 282 174 111 74 112 114 158
375 288 300 406 346 0 354 79 434 346 332 253 94 312 172 201 195 219 335
414 24 276 390 271 354 0 345 349 175 29 98 227 295 166 238 195 256 280
304 363 291 351 305 79 345 0 369 298 302 168 57 224 124 165 169 212 259
336 432 297 210 282 434 349 369 0 410 435 289 334 126 265 188 186 193 245
315 204 258 324 300 346 175 298 410 0 144 103 286 278 186 240 214 209 263
317 -4 299 335 256 332 29 302 435 144 0 76 246 309 168 207 193 218 294
243 113 210 304 215 253 98 168 289 103 76 0 142 204 67 119 102 169 175
289 244 223 340 282 94 227 57 334 286 246 142 0 207 121 118 125 196 208
282 323 171 51 174 312 295 224 126 278 309 204 207 0 165 104 133 142 188
223 170 126 193 111 172 166 124 265 186 168 67 121 165 0 31 37 51 145
205 229 151 170 74 201 238 165 188 240 207 119 118 104 31 0 22 53 92
160 206 126 184 112 195 195 169 186 214 193 102 125 133 37 22 0 52 107
126 263 67 171 114 219 256 212 193 209 218 169 196 142 51 53 52 0 77
71 257 134 313 158 335 280 259 245 263 294 175 208 188 145 92 107 77 0
