0 151 364 138 358 325 279 151 325 265 308 270 256 72 59 101 165 260 215
151 0 397 145 391 358 312 184 358 298 341 303 289 79 92 134 198 293 248
364 397 0 384 210 73 313 313 177 299 56 122 108 318 305 263 199 294 249
138 145 384 0 378 345 299 171 345 285 328 290 276 66 79 121 185 280 235
358 391 210 378 0 171 307 307 143 293 154 88 102 312 299 257 193 288 243
325 358 73 345 171 0 274 274 138 260 17 83 69 279 266 224 160 255 210
279 312 313 299 307 274 0 228 274 24 257 219 205 233 220 178 114 19 64
151 184 313 171 307 274 228 0 274 214 257 219 205 105 92 50 114 209 164
325 358 177 345 143 138 274 274 0 260 121 55 69 279 266 224 160 255 210
265 298 299 285 293 260 24 214 260 0 243 205 191 219 206 164 100 5 50
308 341 56 328 154 17 257 257 121 243 0 66 52 262 249 207 143 238 193
270 303 122 290 88 83 219 219 55 205 66 0 14 224 211 169 105 200 155
256 289 108 276 102 69 205 205 69 191 52 14 0 210 197 155 91 186 141
72 79 318 66 312 279 233 105 279 219 262 224 210 0 13 55 119 214 169
59 92 305 79 299 266 220 92 266 206 249 211 197 13 0 42 106 201 156
101 134 263 121 257 224 178 50 224 164 207 169 155 55 42 0 64 159 114
165 198 199 185 193 160 114 114 160 100 143 105 91 119 106 64 0 95 50
260 293 294 280 288 255 19 209 255 5 238 200 186 214 201 159 95 0 45
215 248 249 235 243 210 64 164 210 50 193 155 141 169 156 114 50 45 0
