0 330 344 129 298 158 253 183 382 256 293 48 163 287 155 213 92 121 154
330 0 88 363 202 246 399 329 138 402 37 282 309 43 301 117 238 209 242
344 88 0 377 216 260 413 343 152 416 51 296 323 57 315 131 252 223 256
129 363 377 0 331 191 286 216 415 289 326 81 196 320 188 246 125 154 187
298 202 216 331 0 214 367 297 254 370 165 250 277 159 269 85 206 177 210
158 246 260 191 214 0 227 157 298 230 209 110 137 203 129 129 66 37 4
253 399 413 286 367 227 0 126 451 183 362 205 90 356 98 282 161 190 223
183 329 343 216 297 157 126 0 381 129 292 135 36 286 28 212 91 120 153
382 138 152 415 254 298 451 381 0 454 101 334 361 95 353 169 290 261 294
256 402 416 289 370 230 183 129 454 0 365 208 93 359 101 285 164 193 226
293 37 51 326 165 209 362 292 101 365 0 245 272 6 264 80 201 172 205
48 282 296 81 250 110 205 135 334 208 245 0 115 239 107 165 44 73 106
163 309 323 196 277 137 90 36 361 93 272 115 0 266 8 192 71 100 133
287 43 57 320 159 203 356 286 95 359 6 239 266 0 258 74 195 166 199
155 301 315 188 269 129 98 28 353 101 264 107 8 258 0 184 63 92 125
213 117 131 246 85 129 282 212 169 285 80 165 192 74 184 0 121 92 125
92 238 252 125 206 66 161 91 290 164 201 44 71 195 63 121 0 29 62
121 209 223 154 177 37 190 120 261 193 172 73 100 166 92 92 29 0 33
154 242 256 187 210 4 223 153 294 226 205 106 133 199 125 125 62 33 0
