0 341 197 326 231 117 228 90 127 138 100 56 175 110 254 22 50 86 166
341 0 494 159 400 358 397 331 424 307 397 297 344 279 87 319 291 255 175
197 494 0 479 384 270 381 243 124 291 97 209 328 263 407 175 203 239 319
326 159 479 0 385 343 382 316 409 292 382 282 329 264 72 304 276 240 160
231 400 384 385 0 248 109 221 314 149 287 187 56 121 313 209 181 145 225
117 358 270 343 248 0 245 95 200 155 173 61 192 127 271 95 67 103 183
228 397 381 382 109 245 0 218 311 146 284 184 53 118 310 206 178 142 222
90 331 243 316 221 95 218 0 173 128 146 34 165 100 244 68 40 76 156
127 424 124 409 314 200 311 173 0 221 27 139 258 193 337 105 133 169 249
138 307 291 292 149 155 146 128 221 0 194 94 93 28 220 116 88 52 132
100 397 97 382 287 173 284 146 27 194 0 112 231 166 310 78 106 142 222
56 297 209 282 187 61 184 34 139 94 112 0 131 66 210 34 6 42 122
175 344 328 329 56 192 53 165 258 93 231 131 0 65 257 153 125 89 169
110 279 263 264 121 127 118 100 193 28 166 66 65 0 192 88 60 24 104
254 87 407 72 313 271 310 244 337 220 310 210 257 192 0 232 204 168 88
22 319 175 304 209 95 206 68 105 116 78 34 153 88 232 0 28 64 144
50 291 203 276 181 67 178 40 133 88 106 6 125 60 204 28 0 36 116
86 255 239 240 145 103 142 76 169 52 142 42 89 24 168 64 36 0 80
166 175 319 160 225 183 222 156 249 132 222 122 169 104 88 144 116 80 0
