0 338 375 113 238 216 474 239 428 397 25 211 148 418 319 384 169 323 222
338 0 183 428 397 350 157 318 184 71 328 297 281 63 7 220 188 88 167
375 183 0 464 449 478 354 373 42 278 380 398 339 237 267 59 276 147 217
113 428 464 0 281 304 540 330 454 465 60 272 181 467 380 432 192 373 282
238 397 449 281 0 198 568 282 454 458 209 75 148 410 409 446 236 385 258
216 350 478 304 198 0 552 301 448 435 248 64 172 483 409 469 205 363 221
474 157 354 540 568 552 0 399 299 88 468 512 341 113 132 319 354 121 296
239 318 373 330 282 301 399 0 304 281 211 216 172 304 295 244 67 226 111
428 184 42 454 454 448 299 304 0 182 339 363 283 231 98 14 267 99 177
397 71 278 465 458 435 88 281 182 0 381 357 315 -39 33 231 207 113 199
25 328 380 60 209 248 468 211 339 381 0 154 53 337 316 379 118 216 164
211 297 398 272 75 64 512 216 363 357 154 0 87 323 280 338 109 233 187
148 281 339 181 148 172 341 172 283 315 53 87 0 309 263 306 11 185 107
418 63 237 467 410 483 113 304 231 -39 337 323 309 0 69 232 229 114 195
319 7 267 380 409 409 132 295 98 33 316 280 263 69 0 181 195 24 112
384 220 59 432 446 469 319 244 14 231 379 338 306 232 181 0 190 121 201
169 188 276 192 236 205 354 67 267 207 118 109 11 229 195 190 0 115 48
323 88 147 373 385 363 121 226 99 113 216 233 185 114 24 121 115 0 47
222 167 217 282 258 221 296 111 177 199 164 187 107 195 112 201 48 47 0
