0 174 286 350 237 373 293 268 365 202 179 35 218 344 256 197 196 134 40
174 0 362 401 306 388 343 284 432 314 300 109 254 377 319 260 230 152 116
286 362 0 170 126 225 107 195 213 96 74 218 85 185 125 24 67 116 179
350 401 170 0 131 295 151 239 230 165 77 303 69 239 185 157 92 168 269
237 306 126 131 0 271 121 211 274 120 -1 255 41 169 177 61 22 119 212
373 388 225 295 271 0 183 312 92 74 190 372 211 42 86 182 176 229 310
293 343 107 151 121 183 0 263 279 148 92 283 51 161 156 82 124 142 224
268 284 195 239 211 312 263 0 362 226 198 219 173 280 237 145 180 101 190
365 432 213 230 274 92 279 362 0 88 211 333 154 52 102 124 194 226 304
202 314 96 165 120 74 148 226 88 0 114 208 81 42 9 49 38 121 236
179 300 74 77 -1 190 92 198 211 114 0 177 13 129 78 16 6 125 200
35 109 218 303 255 372 283 219 333 208 177 0 217 320 224 214 197 121 36
218 254 85 69 41 211 51 173 154 81 13 217 0 124 94 42 59 57 166
344 377 185 239 169 42 161 280 52 42 129 320 124 0 61 80 76 149 265
256 319 125 185 177 86 156 237 102 9 78 224 94 61 0 61 49 102 189
197 260 24 157 61 182 82 145 124 49 16 214 42 80 61 0 -8 36 119
196 230 67 92 22 176 124 180 194 38 6 197 59 76 49 -8 0 19 162
134 152 116 168 119 229 142 101 226 121 125 121 57 149 102 36 19 0 54
40 116 179 269 212 310 224 190 304 236 200 36 166 265 189 119 162 54 0
