0 183 300 406 218 444 495 178 256 483 441 386 135 368 282 85 255 113 203
183 0 257 363 131 401 452 191 213 440 398 343 48 325 239 98 212 70 160
300 257 0 142 292 180 231 308 46 219 177 122 209 104 18 215 45 187 97
406 363 142 0 398 114 165 414 152 153 111 56 315 38 124 321 151 293 203
218 131 292 398 0 436 487 226 248 475 433 378 83 360 274 133 247 105 195
444 401 180 114 436 0 167 452 190 155 113 58 353 76 162 359 189 331 241
495 452 231 165 487 167 0 503 241 96 54 109 404 127 213 410 240 382 292
178 191 308 414 226 452 503 0 264 491 449 394 143 376 290 93 263 121 211
256 213 46 152 248 190 241 264 0 229 187 132 165 114 28 171 1 143 53
483 440 219 153 475 155 96 491 229 0 42 97 392 115 201 398 228 370 280
441 398 177 111 433 113 54 449 187 42 0 55 350 73 159 356 186 328 238
386 343 122 56 378 58 109 394 132 97 55 0 295 18 104 301 131 273 183
135 48 209 315 83 353 404 143 165 392 350 295 0 277 191 50 164 22 112
368 325 104 38 360 76 127 376 114 115 73 18 277 0 86 283 113 255 165
282 239 18 124 274 162 213 290 28 201 159 104 191 86 0 197 27 169 79
85 98 215 321 133 359 410 93 171 398 356 301 50 283 197 0 170 28 118
255 212 45 151 247 189 240 263 1 228 186 131 164 113 27 170 0 142 52
113 70 187 293 105 331 382 121 143 370 328 273 22 255 169 28 142 0 90
203 160 97 203 195 241 292 211 53 280 238 183 112 165 79 118 52 90 0
