0 255 193 175 120 189 271 306 340 250 279 219 151 156 154 111 125 54 47
255 0 136 180 267 336 218 253 287 397 226 166 298 99 101 258 130 201 208
193 136 0 118 205 274 156 191 225 335 164 104 236 37 39 196 68 139 146
175 180 118 0 187 256 196 231 265 317 204 144 218 81 79 178 50 121 128
120 267 205 187 0 87 283 318 352 148 291 231 49 168 166 9 137 66 73
189 336 274 256 87 0 352 387 421 137 360 300 38 237 235 78 206 135 142
271 218 156 196 283 352 0 139 173 413 112 52 314 119 117 274 146 217 224
306 253 191 231 318 387 139 0 88 448 27 87 349 154 152 309 181 252 259
340 287 225 265 352 421 173 88 0 482 61 121 383 188 186 343 215 286 293
250 397 335 317 148 137 413 448 482 0 421 361 99 298 296 139 267 196 203
279 226 164 204 291 360 112 27 61 421 0 60 322 127 125 282 154 225 232
219 166 104 144 231 300 52 87 121 361 60 0 262 67 65 222 94 165 172
151 298 236 218 49 38 314 349 383 99 322 262 0 199 197 40 168 97 104
156 99 37 81 168 237 119 154 188 298 127 67 199 0 2 159 31 102 109
154 101 39 79 166 235 117 152 186 296 125 65 197 2 0 157 29 100 107
111 258 196 178 9 78 274 309 343 139 282 222 40 159 157 0 128 57 64
125 130 68 50 137 206 146 181 215 267 154 94 168 31 29 128 0 71 78
54 201 139 121 66 135 217 252 286 196 225 165 97 102 100 57 71 0 7
47 208 146 128 73 142 224 259 293 203 232 172 104 109 107 64 78 7 0
