0 187 129 66 462 307 379 441 330 69 229 74 355 260 26 200 126 41 83
187 0 252 201 515 453 431 508 391 83 404 124 468 375 139 295 278 167 230
129 252 0 103 307 160 208 295 223 164 135 169 223 155 135 65 -33 65 41
66 201 103 0 348 257 288 363 285 160 184 65 280 246 74 139 65 25 -15
462 515 307 348 0 166 410 155 431 495 345 437 78 169 428 274 330 414 353
307 453 160 257 166 0 361 195 336 338 190 319 153 81 311 158 185 233 221
379 431 208 288 410 361 0 437 202 331 103 320 298 242 341 145 207 249 256
441 508 295 363 155 195 437 0 411 505 289 500 90 183 414 270 343 355 362
330 391 223 285 431 336 202 411 0 353 9 356 295 257 325 156 183 276 278
69 83 164 160 495 338 331 505 353 0 228 50 337 270 57 229 195 127 101
229 404 135 184 345 190 103 289 9 228 0 266 260 119 271 42 119 159 170
74 124 169 65 437 319 320 500 356 50 266 0 418 303 39 177 140 165 129
355 468 223 280 78 153 298 90 295 337 260 418 0 52 341 182 231 251 302
260 375 155 246 169 81 242 183 257 270 119 303 52 0 288 93 136 210 163
26 139 135 74 428 311 341 414 325 57 271 39 341 288 0 169 87 48 45
200 295 65 139 274 158 145 270 156 229 42 177 182 93 169 0 73 115 133
126 278 -33 65 330 185 207 343 183 195 119 140 231 136 87 73 0 74 9
41 167 65 25 414 233 249 355 276 127 159 165 251 210 48 115 74 0 35
83 230 41 -15 353 221 256 362 278 101 170 129 302 163 45 133 9 35 0
