     19
object000 0 375 402 321 114 358 276 280 253 464 350 297 245 70 96 306 246 216 152
object001 375 0 191 383 332 426 343 297 239 180 117 77 96 279 204 346 307 235 254
object002 402 191 0 478 395 527 426 394 339 193 73 168 236 359 285 428 394 400 322
object003 321 383 478 0 296 49 148 161 355 459 386 308 250 306 187 40 87 102 155
object004 114 332 395 296 0 340 259 257 326 391 366 286 218 55 146 317 227 199 153
object005 358 426 527 49 340 0 183 195 421 538 459 370 281 346 203 29 126 161 251
object006 276 343 426 148 259 183 0 131 364 455 386 300 241 252 175 114 98 129 82
object007 280 297 394 161 257 195 131 0 302 431 298 264 187 200 94 183 81 44 76
object008 253 239 339 355 326 421 364 302 0 260 200 186 114 213 130 380 294 196 190
object009 464 180 193 459 391 538 455 431 260 0 72 94 160 347 264 478 415 336 321
object010 350 117 73 386 366 459 386 298 200 72 0 31 114 289 228 399 270 258 234
object011 297 77 168 308 286 370 300 264 186 94 31 0 47 197 166 305 289 186 203
object012 245 96 236 250 218 281 241 187 114 160 114 47 0 179 69 227 210 97 89
object013 70 279 359 306 55 346 252 200 213 347 289 197 179 0 64 241 144 123 66
object014 96 204 285 187 146 203 175 94 130 264 228 166 69 64 0 151 85 12 23
object015 306 346 428 40 317 29 114 183 380 478 399 305 227 241 151 0 35 87 129
object016 246 307 394 87 227 126 98 81 294 415 270 289 210 144 85 35 0 67 69
object017 216 235 400 102 199 161 129 44 196 336 258 186 97 123 12 87 67 0 21
object018 152 254 322 155 153 251 82 76 190 321 234 203 89 66 23 129 69 21 0
