0 158 330 181 334 311 181 348 74 165 144 293 272 138 234 152 86 12 69
158 0 316 167 320 297 63 334 208 47 26 279 258 20 220 138 72 146 203
330 316 0 207 196 173 339 134 380 323 302 155 58 296 96 178 244 318 375
181 167 207 0 211 188 190 225 231 174 153 170 149 147 111 29 95 169 226
334 320 196 211 0 59 343 214 384 327 306 41 138 300 100 182 248 322 379
311 297 173 188 59 0 320 191 361 304 283 18 115 277 77 159 225 299 356
181 63 339 190 343 320 0 357 231 58 37 302 281 43 243 161 95 169 226
348 334 134 225 214 191 357 0 398 341 320 173 76 314 114 196 262 336 393
74 208 380 231 384 361 231 398 0 215 194 343 322 188 284 202 136 62 5
165 47 323 174 327 304 58 341 215 0 21 286 265 27 227 145 79 153 210
144 26 302 153 306 283 37 320 194 21 0 265 244 6 206 124 58 132 189
293 279 155 170 41 18 302 173 343 286 265 0 97 259 59 141 207 281 338
272 258 58 149 138 115 281 76 322 265 244 97 0 238 38 120 186 260 317
138 20 296 147 300 277 43 314 188 27 6 259 238 0 200 118 52 126 183
234 220 96 111 100 77 243 114 284 227 206 59 38 200 0 82 148 222 279
152 138 178 29 182 159 161 196 202 145 124 141 120 118 82 0 66 140 197
86 72 244 95 248 225 95 262 136 79 58 207 186 52 148 66 0 74 131
12 146 318 169 322 299 169 336 62 153 132 281 260 126 222 140 74 0 57
69 203 375 226 379 356 226 393 5 210 189 338 317 183 279 197 131 57 0
