0 155 132 432 243 299 375 416 453 460 92 332 383 54 365 143 336 228 285
155 0 119 400 262 350 449 483 440 504 52 334 420 115 402 173 309 267 274
132 119 0 421 241 284 356 410 360 445 9 331 370 91 346 114 318 228 235
432 400 421 0 350 258 198 205 135 241 371 61 119 356 99 257 113 221 186
243 262 241 350 0 249 363 342 316 382 203 246 265 208 281 72 231 188 145
299 350 284 258 249 0 293 310 235 316 285 193 184 251 211 133 134 43 90
375 449 356 198 363 293 0 132 201 155 352 116 18 368 34 249 82 170 211
416 483 410 205 342 310 132 0 183 160 410 140 63 326 68 259 84 241 242
453 440 360 135 316 235 201 183 0 209 343 76 187 351 126 268 69 220 257
460 504 445 241 382 316 155 160 209 0 431 202 71 451 128 285 128 207 244
92 52 9 371 203 285 352 410 343 431 0 295 310 3 299 113 252 166 181
332 334 331 61 246 193 116 140 76 202 295 0 91 284 95 175 21 124 123
383 420 370 119 265 184 18 63 187 71 310 91 0 305 58 128 32 110 173
54 115 91 356 208 251 368 326 351 451 3 284 305 0 290 104 250 161 171
365 402 346 99 281 211 34 68 126 128 299 95 58 290 0 171 51 127 210
143 173 114 257 72 133 249 259 268 285 113 175 128 104 171 0 109 23 108
336 309 318 113 231 134 82 84 69 128 252 21 32 250 51 109 0 63 137
228 267 228 221 188 43 170 241 220 207 166 124 110 161 127 23 63 0 9
285 274 235 186 145 90 211 242 257 244 181 123 173 171 210 108 137 9 0
