0 245 194 263 179 196 283 51 183 332 185 133 107 233 22 51 258 198 138
245 0 334 32 418 361 199 267 332 220 332 318 315 135 206 247 10 60 146
194 334 0 350 224 71 380 178 133 426 70 149 72 363 131 115 408 260 244
263 32 350 0 361 374 202 274 297 238 348 290 267 158 259 248 -29 77 142
179 418 224 361 0 219 380 206 107 431 121 74 94 322 128 115 353 270 216
196 361 71 374 219 0 402 191 126 439 2 84 76 344 184 107 337 274 264
283 199 380 202 380 402 0 277 386 118 364 342 294 14 270 214 199 106 190
51 267 178 274 206 191 277 0 158 342 176 123 133 248 26 7 234 201 143
183 332 133 297 107 126 386 158 0 418 132 49 19 308 119 157 334 245 210
332 220 426 238 431 439 118 342 418 0 420 373 330 99 274 256 196 135 150
185 332 70 348 121 2 364 176 132 420 0 110 42 306 153 96 350 252 222
133 318 149 290 74 84 342 123 49 373 110 0 49 284 83 64 247 187 159
107 315 72 267 94 76 294 133 19 330 42 49 0 229 111 79 238 163 158
233 135 363 158 322 344 14 248 308 99 306 284 229 0 167 204 87 109 67
22 206 131 259 128 184 270 26 119 274 153 83 111 167 0 1 206 108 77
51 247 115 248 115 107 214 7 157 256 96 64 79 204 1 0 198 69 74
258 10 408 -29 353 337 199 234 334 196 350 247 238 87 206 198 0 95 60
198 60 260 77 270 274 106 201 245 135 252 187 163 109 108 69 95 0 26
138 146 244 142 216 264 190 143 210 150 222 159 158 67 77 74 60 26 0
