0 218 329 471 288 374 299 445 159 392 88 379 312 266 178 254 406 312 381
218 0 156 352 190 305 71 357 230 389 209 350 85 106 123 223 274 326 281
329 156 0 405 273 357 48 391 266 409 244 386 100 96 169 200 349 288 375
471 352 405 0 170 227 362 113 360 311 380 184 372 311 273 211 63 93 58
288 190 273 170 0 142 194 189 164 157 199 172 165 144 127 24 118 50 105
374 305 357 227 142 0 352 188 344 -7 377 12 326 336 217 129 135 116 141
299 71 48 362 194 352 0 380 271 374 212 334 45 105 111 221 261 258 273
445 357 391 113 189 188 380 0 320 229 305 251 395 294 188 209 58 106 28
159 230 266 360 164 344 271 320 0 394 8 359 182 170 150 187 325 283 321
392 389 409 311 157 -7 374 229 394 0 368 51 317 270 292 193 169 94 155
88 209 244 380 199 377 212 305 8 368 0 347 199 140 116 169 278 262 295
379 350 386 184 172 12 334 251 359 51 347 0 323 285 198 160 131 135 144
312 85 100 372 165 326 45 395 182 317 199 323 0 41 116 201 329 225 290
266 106 96 311 144 336 105 294 170 270 140 285 41 0 58 168 249 164 264
178 123 169 273 127 217 111 188 150 292 116 198 116 58 0 59 204 106 192
254 223 200 211 24 129 221 209 187 193 169 160 201 168 59 0 154 59 74
406 274 349 63 118 135 261 58 325 169 278 131 329 249 204 154 0 40 26
312 326 288 93 50 116 258 106 283 94 262 135 225 164 106 59 40 0 47
381 281 375 58 105 141 273 28 321 155 295 144 290 264 192 74 26 47 0
