0 406 247 152 202 363 292 356 358 231 331 291 176 310 227 109 132 64 44
406 0 525 294 480 315 244 308 144 509 283 243 454 96 179 387 274 342 362
247 525 0 271 231 482 411 475 477 126 450 410 71 429 346 138 251 183 203
152 294 271 0 226 251 180 244 246 255 219 179 200 198 115 133 20 88 108
202 480 231 226 0 437 366 430 432 215 405 365 160 384 301 93 206 138 158
363 315 482 251 437 0 73 57 267 466 32 72 411 219 136 344 231 299 319
292 244 411 180 366 73 0 66 196 395 41 1 340 148 65 273 160 228 248
356 308 475 244 430 57 66 0 260 459 25 65 404 212 129 337 224 292 312
358 144 477 246 432 267 196 260 0 461 235 195 406 48 131 339 226 294 314
231 509 126 255 215 466 395 459 461 0 434 394 55 413 330 122 235 167 187
331 283 450 219 405 32 41 25 235 434 0 40 379 187 104 312 199 267 287
291 243 410 179 365 72 1 65 195 394 40 0 339 147 64 272 159 227 247
176 454 71 200 160 411 340 404 406 55 379 339 0 358 275 67 180 112 132
310 96 429 198 384 219 148 212 48 413 187 147 358 0 83 291 178 246 266
227 179 346 115 301 136 65 129 131 330 104 64 275 83 0 208 95 163 183
109 387 138 133 93 344 273 337 339 122 312 272 67 291 208 0 113 45 65
132 274 251 20 206 231 160 224 226 235 199 159 180 178 95 113 0 68 88
64 342 183 88 138 299 228 292 294 167 267 227 112 246 163 45 68 0 20
44 362 203 108 158 319 248 312 314 187 287 247 132 266 183 65 88 20 0
