0 204 147 315 298 230 283 199 279 274 224 226 196 41 119 212 137 113 171
204 0 182 308 106 199 276 126 187 186 272 188 124 198 120 20 124 52 96
147 182 0 252 223 185 223 120 190 151 213 154 106 47 101 132 79 46 54
315 308 252 0 345 245 330 199 73 302 61 224 197 244 175 205 157 170 196
298 106 223 345 0 204 279 157 206 239 209 207 189 148 102 29 128 127 68
230 199 185 245 204 0 233 81 165 163 201 212 72 83 109 115 86 57 101
283 276 223 330 279 233 0 205 286 54 242 78 252 207 143 210 127 152 162
199 126 120 199 157 81 205 0 125 204 141 137 53 92 100 114 32 88 96
279 187 190 73 206 165 286 125 0 199 7 169 168 161 85 150 160 86 142
274 186 151 302 239 163 54 204 199 0 203 18 146 192 134 181 108 99 161
224 272 213 61 209 201 242 141 7 203 0 217 167 152 92 177 128 81 105
226 188 154 224 207 212 78 137 169 18 217 0 99 139 65 137 81 128 108
196 124 106 197 189 72 252 53 168 146 167 99 0 63 83 71 -5 37 65
41 198 47 244 148 83 207 92 161 192 152 139 63 0 38 143 22 39 80
119 120 101 175 102 109 143 100 85 134 92 65 83 38 0 80 -8 -15 42
212 20 132 205 29 115 210 114 150 181 177 137 71 143 80 0 69 56 -20
137 124 79 157 128 86 127 32 160 108 128 81 -5 22 -8 69 0 -1 -9
113 52 46 170 127 57 152 88 86 99 81 128 37 39 -15 56 -1 0 30
171 96 54 196 68 101 162 96 142 161 105 108 65 80 42 -20 -9 30 0
