0 258 180 228 345 359 339 112 239 386 326 281 164 246 209 70 197 97 130
258 0 110 292 409 423 403 230 303 450 390 345 94 310 273 188 261 161 194
180 110 0 214 331 345 325 152 225 372 312 267 16 232 195 110 183 83 116
228 292 214 0 155 169 149 200 73 196 136 91 198 56 19 158 31 131 98
345 409 331 155 0 212 192 317 190 239 179 134 315 99 136 275 148 248 215
359 423 345 169 212 0 136 331 204 183 123 78 329 113 150 289 162 262 229
339 403 325 149 192 136 0 311 184 73 13 58 309 93 130 269 142 242 209
112 230 152 200 317 331 311 0 211 358 298 253 136 218 181 42 169 69 102
239 303 225 73 190 204 184 211 0 231 171 126 209 91 54 169 42 142 109
386 450 372 196 239 183 73 358 231 0 60 105 356 140 177 316 189 289 256
326 390 312 136 179 123 13 298 171 60 0 45 296 80 117 256 129 229 196
281 345 267 91 134 78 58 253 126 105 45 0 251 35 72 211 84 184 151
164 94 16 198 315 329 309 136 209 356 296 251 0 216 179 94 167 67 100
246 310 232 56 99 113 93 218 91 140 80 35 216 0 37 176 49 149 116
209 273 195 19 136 150 130 181 54 177 117 72 179 37 0 139 12 112 79
70 188 110 158 275 289 269 42 169 316 256 211 94 176 139 0 127 27 60
197 261 183 31 148 162 142 169 42 189 129 84 167 49 12 127 0 100 67
97 161 83 131 248 262 242 69 142 289 229 184 67 149 112 27 100 0 33
130 194 116 98 215 229 209 102 109 256 196 151 100 116 79 60 67 33 0
