0 322 132 426 145 161 359 139 354 426 63 91 66 348 257 308 75 234 151
322 0 328 234 335 351 213 311 208 234 259 281 256 156 65 162 247 88 171
132 328 0 432 151 167 365 145 360 432 69 97 72 354 263 314 81 240 157
426 234 432 0 439 455 317 415 312 156 363 385 360 78 169 266 351 192 275
145 335 151 439 0 124 372 152 367 439 82 54 79 361 270 321 88 247 164
161 351 167 455 124 0 388 168 383 455 98 70 95 377 286 337 104 263 180
359 213 365 317 372 388 0 348 97 317 296 318 293 239 148 51 284 125 208
139 311 145 415 152 168 348 0 343 415 76 98 73 337 246 297 64 223 140
354 208 360 312 367 383 97 343 0 312 291 313 288 234 143 46 279 120 203
426 234 432 156 439 455 317 415 312 0 363 385 360 78 169 266 351 192 275
63 259 69 363 82 98 296 76 291 363 0 28 3 285 194 245 12 171 88
91 281 97 385 54 70 318 98 313 385 28 0 25 307 216 267 34 193 110
66 256 72 360 79 95 293 73 288 360 3 25 0 282 191 242 9 168 85
348 156 354 78 361 377 239 337 234 78 285 307 282 0 91 188 273 114 197
257 65 263 169 270 286 148 246 143 169 194 216 191 91 0 97 182 23 106
308 162 314 266 321 337 51 297 46 266 245 267 242 188 97 0 233 74 157
75 247 81 351 88 104 284 64 279 351 12 34 9 273 182 233 0 159 76
234 88 240 192 247 263 125 223 120 192 171 193 168 114 23 74 159 0 83
151 171 157 275 164 180 208 140 203 275 88 110 85 197 106 157 76 83 0
