0 320 281 334 332 155 135 204 93 182 272 114 5 233 163 -7 211 130 63
320 0 124 208 184 433 414 161 359 453 138 375 260 45 363 258 109 122 217
281 124 0 224 185 424 389 194 332 474 142 413 278 78 366 253 42 201 179
334 208 224 0 159 487 407 258 375 520 105 461 315 169 442 343 152 205 308
332 184 185 159 0 463 453 246 408 505 67 443 315 120 445 275 116 153 245
155 433 424 487 463 0 110 325 173 194 407 35 202 355 38 163 321 327 187
135 414 389 407 453 110 0 237 167 101 375 12 150 330 16 133 302 241 159
204 161 194 258 246 325 237 0 249 343 184 262 210 119 237 102 117 34 124
93 359 332 375 408 173 167 249 0 241 320 207 72 291 125 59 240 155 107
182 453 474 520 505 194 101 343 241 0 463 131 182 392 98 164 429 293 255
272 138 142 105 67 407 375 184 320 463 0 308 267 63 401 223 51 110 217
114 375 413 461 443 35 12 262 207 131 308 0 83 358 26 98 290 229 147
5 260 278 315 315 202 150 210 72 182 267 83 0 248 80 18 201 123 52
233 45 78 169 120 355 330 119 291 392 63 358 248 0 266 240 46 64 165
163 363 366 442 445 38 16 237 125 98 401 26 80 266 0 80 286 221 122
-7 258 253 343 275 163 133 102 59 164 223 98 18 240 80 0 176 151 25
211 109 42 152 116 321 302 117 240 429 51 290 201 46 286 176 0 84 166
130 122 201 205 153 327 241 34 155 293 110 229 123 64 221 151 84 0 81
63 217 179 308 245 187 159 124 107 255 217 147 52 165 122 25 166 81 0
