0 214 235 202 223 336 303 313 258 231 282 329 189 123 190 133 200 90 -6
214 0 102 55 273 429 384 358 329 336 402 372 250 77 326 243 80 123 230
235 102 0 25 287 424 359 379 307 306 301 372 254 31 256 177 93 98 223
202 55 25 0 301 366 310 334 256 266 313 289 239 -14 210 139 9 110 173
223 273 287 301 0 316 246 258 211 67 219 186 -7 236 127 108 165 130 219
336 429 424 366 316 0 81 51 223 312 65 27 301 394 185 239 379 273 301
303 384 359 310 246 81 0 78 201 285 44 37 258 332 45 145 355 272 303
313 358 379 334 258 51 78 0 156 249 5 36 212 330 42 185 314 206 263
258 329 307 256 211 223 201 156 0 232 149 145 170 274 33 91 220 161 196
231 336 306 266 67 312 285 249 232 0 278 240 61 267 143 117 272 116 241
282 402 301 313 219 65 44 5 149 278 0 67 186 316 129 155 306 268 263
329 372 372 289 186 27 37 36 145 240 67 0 201 331 96 124 278 254 285
189 250 254 239 -7 301 258 212 170 61 186 201 0 239 175 80 226 74 175
123 77 31 -14 236 394 332 330 274 267 316 331 239 0 208 145 16 96 109
190 326 256 210 127 185 45 42 33 143 129 96 175 208 0 66 210 104 208
133 243 177 139 108 239 145 185 91 117 155 124 80 145 66 0 144 62 70
200 80 93 9 165 379 355 314 220 272 306 278 226 16 210 144 0 77 146
90 123 98 110 130 273 272 206 161 116 268 254 74 96 104 62 77 0 63
-6 230 223 173 219 301 303 263 196 241 263 285 175 109 208 70 146 63 0
