0 289 208 262 339 328 345 62 227 357 323 258 163 228 183 56 215 110 123
289 0 122 335 429 435 357 189 308 440 380 369 113 308 301 198 268 165 201
208 122 0 215 347 342 332 127 243 361 320 244 63 268 205 112 173 41 107
262 335 215 0 179 159 144 205 67 188 166 60 211 109 50 120 12 167 78
339 429 347 179 0 194 199 306 169 218 196 111 328 96 127 245 154 261 237
328 435 342 159 194 0 95 355 225 162 124 103 334 108 140 267 174 283 218
345 357 332 144 199 95 0 334 156 90 3 86 326 109 125 254 126 237 186
62 189 127 205 306 355 334 0 239 384 320 306 140 185 178 7 166 73 112
227 308 243 67 169 225 156 239 0 276 162 136 172 105 31 167 31 151 117
357 440 361 188 218 162 90 384 276 0 37 113 335 168 174 304 201 329 242
323 380 320 166 196 124 3 320 162 37 0 40 297 80 153 239 89 241 197
258 369 244 60 111 103 86 306 136 113 40 0 215 54 90 225 20 183 167
163 113 63 211 328 334 326 140 172 335 297 215 0 181 182 98 195 103 59
228 308 268 109 96 108 109 185 105 168 80 54 181 0 65 160 47 128 92
183 301 205 50 127 140 125 178 31 174 153 90 182 65 0 168 34 102 58
56 198 112 120 245 267 254 7 167 304 239 225 98 160 168 0 147 35 27
215 268 173 12 154 174 126 166 31 201 89 20 195 47 34 147 0 107 96
110 165 41 167 261 283 237 73 151 329 241 183 103 128 102 35 107 0 21
123 201 107 78 237 218 186 112 117 242 197 167 59 92 58 27 96 21 0
