0 116 204 448 409 548 529 435 453 448 471 64 376 430 364 326 210 303 282
116 0 103 375 401 472 530 435 358 422 350 52 342 393 311 285 126 272 240
204 103 0 247 267 352 417 290 310 329 305 57 216 248 219 204 2 152 111
448 375 247 0 73 298 356 194 282 341 276 329 82 266 81 166 244 98 195
409 401 267 73 0 357 358 143 261 269 270 331 76 253 85 112 244 70 181
548 472 352 298 357 0 171 368 205 136 111 416 236 91 274 111 328 181 234
529 530 417 356 358 171 0 345 231 81 37 420 266 118 299 161 335 244 268
435 435 290 194 143 368 345 0 336 347 293 395 99 336 74 241 246 177 235
453 358 310 282 261 205 231 336 0 280 225 351 225 181 167 71 263 183 205
448 422 329 341 269 136 81 347 280 0 38 418 236 28 258 124 355 185 258
471 350 305 276 270 111 37 293 225 38 0 381 230 -9 199 111 268 196 226
64 52 57 329 331 416 420 395 351 418 381 0 260 374 266 270 107 216 185
376 342 216 82 76 236 266 99 225 236 230 260 0 143 56 97 167 75 120
430 393 248 266 253 91 118 336 181 28 -9 374 143 0 185 68 214 67 201
364 311 219 81 85 274 299 74 167 258 199 266 56 185 0 127 205 49 104
326 285 204 166 112 111 161 241 71 124 111 270 97 68 127 0 175 42 158
210 126 2 244 244 328 335 246 263 355 268 107 167 214 205 175 0 126 90
303 272 152 98 70 181 244 177 183 185 196 216 75 67 49 42 126 0 44
282 240 111 195 181 234 268 235 205 258 226 185 120 201 104 158 90 44 0
