0 180 130 233 280 324 357 120 298 368 141 340 247 -6 228 222 80 120 113
180 0 137 58 288 343 360 62 303 316 -5 328 238 94 203 142 50 63 177
130 137 0 202 302 291 335 29 288 339 107 335 241 -14 197 212 28 61 97
233 58 202 0 326 314 361 134 345 395 68 331 327 147 241 211 100 110 144
280 288 302 326 0 182 311 182 70 309 307 258 52 229 128 91 176 227 177
324 343 291 314 182 0 230 307 237 243 332 229 181 276 108 63 203 201 199
357 360 335 361 311 230 0 287 295 107 340 25 280 310 146 184 317 271 193
120 62 29 134 182 307 287 0 254 258 68 200 172 -13 130 108 -9 -17 58
298 303 288 345 70 237 295 254 0 261 320 293 30 272 154 88 249 271 197
368 316 339 395 309 243 107 258 261 0 378 52 233 264 124 180 279 290 229
141 -5 107 68 307 332 340 68 320 378 0 257 230 123 148 171 38 75 133
340 328 335 331 258 229 25 200 293 52 257 0 165 301 100 107 211 238 167
247 238 241 327 52 181 280 172 30 233 230 165 0 123 130 99 163 156 161
-6 94 -14 147 229 276 310 -13 272 264 123 301 123 0 177 111 2 100 114
228 203 197 241 128 108 146 130 154 124 148 100 130 177 0 21 136 132 94
222 142 212 211 91 63 184 108 88 180 171 107 99 111 21 0 99 85 71
80 50 28 100 176 203 317 -9 249 279 38 211 163 2 136 99 0 3 46
120 63 61 110 227 201 271 -17 271 290 75 238 156 100 132 85 3 0 40
113 177 97 144 177 199 193 58 197 229 133 167 161 114 94 71 46 40 0
