0 394 390 292 284 443 386 408 190 392 345 247 349 261 298 249 189 150 56
394 0 484 188 378 537 184 304 206 288 439 341 245 157 96 145 205 244 338
390 484 0 382 180 143 476 498 280 482 45 143 439 351 388 339 279 240 334
292 188 382 0 276 435 180 178 104 162 337 239 119 31 92 43 103 142 236
284 378 180 276 0 233 370 392 174 376 135 37 333 245 282 233 173 134 228
443 537 143 435 233 0 529 551 333 535 98 196 492 404 441 392 332 293 387
386 184 476 180 370 529 0 296 198 280 431 333 237 149 88 137 197 236 330
408 304 498 178 392 551 296 0 220 102 453 355 59 147 208 159 219 258 352
190 206 280 104 174 333 198 220 0 204 235 137 161 73 110 61 1 40 134
392 288 482 162 376 535 280 102 204 0 437 339 43 131 192 143 203 242 336
345 439 45 337 135 98 431 453 235 437 0 98 394 306 343 294 234 195 289
247 341 143 239 37 196 333 355 137 339 98 0 296 208 245 196 136 97 191
349 245 439 119 333 492 237 59 161 43 394 296 0 88 149 100 160 199 293
261 157 351 31 245 404 149 147 73 131 306 208 88 0 61 12 72 111 205
298 96 388 92 282 441 88 208 110 192 343 245 149 61 0 49 109 148 242
249 145 339 43 233 392 137 159 61 143 294 196 100 12 49 0 60 99 193
189 205 279 103 173 332 197 219 1 203 234 136 160 72 109 60 0 39 133
150 244 240 142 134 293 236 258 40 242 195 97 199 111 148 99 39 0 94
56 338 334 236 228 387 330 352 134 336 289 191 293 205 242 193 133 94 0
