0 131 130 264 315 245 231 183 253 104 148 266 67 185 151 212 121 43 96
131 0 118 244 203 254 173 178 286 5 144 207 3 176 76 111 93 46 -9
130 118 0 170 167 193 35 72 149 122 -14 100 113 14 40 124 -8 102 140
264 244 170 0 222 127 183 229 241 219 195 250 187 189 154 93 179 168 268
315 203 167 222 0 265 214 205 77 263 154 93 207 150 159 209 159 229 167
245 254 193 127 265 0 281 210 262 228 195 259 193 163 119 51 143 173 194
231 173 35 183 214 281 0 125 229 168 99 117 222 23 85 137 73 143 129
183 178 72 229 205 210 125 0 180 187 39 222 122 95 83 114 68 144 166
253 286 149 241 77 262 229 180 0 237 129 35 204 164 140 181 146 176 198
104 5 122 219 263 228 168 187 237 0 170 184 2 115 139 148 129 46 56
148 144 -14 195 154 195 99 39 129 170 0 87 160 25 55 168 31 136 128
266 207 100 250 93 259 117 222 35 184 87 0 167 118 75 160 100 188 145
67 3 113 187 207 193 222 122 204 2 160 167 0 105 69 151 34 30 22
185 176 14 189 150 163 23 95 164 115 25 118 105 0 -5 97 26 64 94
151 76 40 154 159 119 85 83 140 139 55 75 69 -5 0 68 16 124 72
212 111 124 93 209 51 137 114 181 148 168 160 151 97 68 0 72 115 154
121 93 -8 179 159 143 73 68 146 129 31 100 34 26 16 72 0 119 60
43 46 102 168 229 173 143 144 176 46 136 188 30 64 124 115 119 0 14
96 -9 140 268 167 194 129 166 198 56 128 145 22 94 72 154 60 14 0
