0 374 334 89 411 242 299 237 184 173 4 203 82 357 271 203 162 132 159
374 0 166 455 71 292 267 287 294 383 370 253 292 17 103 171 212 242 269
334 166 0 415 203 252 227 247 254 343 330 213 252 149 63 131 172 202 229
89 455 415 0 492 323 380 318 265 254 85 284 163 438 352 284 243 213 240
411 71 203 492 0 329 304 324 331 420 407 290 329 54 140 208 249 279 306
242 292 252 323 329 0 217 73 162 251 238 39 160 275 189 121 80 110 137
299 267 227 380 304 217 0 212 219 308 295 178 217 250 164 96 137 167 194
237 287 247 318 324 73 212 0 157 246 233 34 155 270 184 116 75 105 132
184 294 254 265 331 162 219 157 0 193 180 123 102 277 191 123 82 52 25
173 383 343 254 420 251 308 246 193 0 169 212 91 366 280 212 171 141 168
4 370 330 85 407 238 295 233 180 169 0 199 78 353 267 199 158 128 155
203 253 213 284 290 39 178 34 123 212 199 0 121 236 150 82 41 71 98
82 292 252 163 329 160 217 155 102 91 78 121 0 275 189 121 80 50 77
357 17 149 438 54 275 250 270 277 366 353 236 275 0 86 154 195 225 252
271 103 63 352 140 189 164 184 191 280 267 150 189 86 0 68 109 139 166
203 171 131 284 208 121 96 116 123 212 199 82 121 154 68 0 41 71 98
162 212 172 243 249 80 137 75 82 171 158 41 80 195 109 41 0 30 57
132 242 202 213 279 110 167 105 52 141 128 71 50 225 139 71 30 0 27
159 269 229 240 306 137 194 132 25 168 155 98 77 252 166 98 57 27 0
