0 174 329 316 386 396 338 345 484 481 484 298 309 397 541 441 575 573 506 70
174 0 285 272 342 352 294 301 440 437 440 254 265 353 497 397 531 529 462 194
329 285 0 305 271 385 167 174 473 470 473 183 298 386 530 430 564 562 495 349
316 272 305 0 362 130 314 321 218 215 218 274 19 99 275 175 309 307 240 336
386 342 271 362 0 442 280 287 530 527 530 102 355 443 587 487 621 619 552 406
396 352 385 130 442 0 394 401 102 163 166 354 123 211 223 123 257 255 188 416
338 294 167 314 280 394 0 177 482 479 482 192 307 395 539 439 573 571 504 358
345 301 174 321 287 401 177 0 489 486 489 199 314 402 546 446 580 578 511 365
484 440 473 218 530 102 482 489 0 251 254 442 211 299 311 211 345 343 276 504
481 437 470 215 527 163 479 486 251 0 175 439 208 296 232 170 266 264 197 501
484 440 473 218 530 166 482 489 254 175 0 442 211 299 79 173 113 133 66 504
298 254 183 274 102 354 192 199 442 439 442 0 267 355 499 399 533 531 464 318
309 265 298 19 355 123 307 314 211 208 211 267 0 100 268 168 302 300 233 329
397 353 386 99 443 211 395 402 299 296 299 355 100 0 356 256 390 388 321 417
541 497 530 275 587 223 539 546 311 232 79 499 268 356 0 230 42 190 123 561
441 397 430 175 487 123 439 446 211 170 173 399 168 256 230 0 264 262 195 461
575 531 564 309 621 257 573 580 345 266 113 533 302 390 42 264 0 224 157 595
573 529 562 307 619 255 571 578 343 264 133 531 300 388 190 262 224 0 89 593
506 462 495 240 552 188 504 511 276 197 66 464 233 321 123 195 157 89 0 526
70 194 349 336 406 416 358 365 504 501 504 318 329 417 561 461 595 593 526 0
