0 182 789 763 625 507 576 730 527 268 569 594 114 652 825 754 665 777 566 480
182 0 815 786 612 542 605 718 516 286 635 584 112 610 842 760 633 754 568 485
789 815 0 154 664 594 490 378 583 689 651 629 727 476 287 228 273 273 291 452
763 786 154 0 636 576 437 287 518 668 542 617 679 418 258 222 251 238 300 436
625 612 664 636 0 90 427 596 227 510 341 300 529 464 623 662 501 708 530 359
507 542 594 576 90 0 373 537 227 438 257 226 475 356 599 505 488 625 390 323
576 605 490 437 427 373 0 357 343 509 415 399 500 154 451 444 322 451 240 240
730 718 378 287 596 537 357 0 463 581 570 564 589 356 357 265 98 325 244 379
527 516 583 518 227 227 343 463 0 460 166 215 400 365 551 548 350 535 369 287
268 286 689 668 510 438 509 581 460 0 460 455 235 523 733 716 563 666 545 419
569 635 651 542 341 257 415 570 166 460 0 45 478 399 623 594 485 594 400 300
594 584 629 617 300 226 399 564 215 455 45 0 502 421 632 596 454 579 492 393
114 112 727 679 529 475 500 589 400 235 478 502 0 502 754 675 597 714 578 398
652 610 476 418 464 356 154 356 365 523 399 421 502 0 469 378 278 439 315 263
825 842 287 258 623 599 451 357 551 733 623 632 754 469 0 137 293 162 317 488
754 760 228 222 662 505 444 265 548 716 594 596 675 378 137 0 232 16 279 444
665 633 273 251 501 488 322 98 350 563 485 454 597 278 293 232 0 228 157 318
777 754 273 238 708 625 451 325 535 666 594 579 714 439 162 16 228 0 325 439
566 568 291 300 530 390 240 244 369 545 400 492 578 315 317 279 157 325 0 295
480 485 452 436 359 323 240 379 287 419 300 393 398 263 488 444 318 439 295 0
