0 147 633 676 512 500 475 575 483 265 511 512 198 479 654 762 582 738 490 431
147 0 598 641 477 465 440 540 448 230 476 477 163 444 619 727 547 703 455 396
633 598 0 119 503 491 358 200 474 526 502 503 559 362 111 219 207 195 183 322
676 641 119 0 546 534 401 243 517 569 545 546 602 405 154 262 250 238 226 365
512 477 503 546 0 102 345 445 161 405 189 190 438 349 524 632 452 608 360 301
500 465 491 534 102 0 333 433 149 393 177 178 426 337 512 620 440 596 348 289
475 440 358 401 345 333 0 300 316 368 344 345 401 90 379 487 307 463 215 164
575 540 200 243 445 433 300 0 416 468 444 445 501 304 221 329 113 305 125 264
483 448 474 517 161 149 316 416 0 376 122 123 409 320 495 603 423 579 331 272
265 230 526 569 405 393 368 468 376 0 404 405 191 372 547 655 475 631 383 324
511 476 502 545 189 177 344 444 122 404 0 99 437 348 523 631 451 607 359 300
512 477 503 546 190 178 345 445 123 405 99 0 438 349 524 632 452 608 360 301
198 163 559 602 438 426 401 501 409 191 437 438 0 405 580 688 508 664 416 357
479 444 362 405 349 337 90 304 320 372 348 349 405 0 383 491 311 467 219 168
654 619 111 154 524 512 379 221 495 547 523 524 580 383 0 124 228 100 204 343
762 727 219 262 632 620 487 329 603 655 631 632 688 491 124 0 336 40 312 451
582 547 207 250 452 440 307 113 423 475 451 452 508 311 228 336 0 312 132 271
738 703 195 238 608 596 463 305 579 631 607 608 664 467 100 40 312 0 288 427
490 455 183 226 360 348 215 125 331 383 359 360 416 219 204 312 132 288 0 179
431 396 322 365 301 289 164 264 272 324 300 301 357 168 343 451 271 427 179 0
