0 266 192 141 345 115 267 363 385 334 281 93 316 402 322 295 427 381 257 242
266 0 342 331 83 309 290 372 381 105 320 246 282 409 146 480 138 159 455 233
192 342 0 284 492 219 394 458 468 435 452 201 417 507 454 210 563 531 176 376
141 331 284 0 435 117 344 369 461 367 361 140 394 424 429 364 487 451 281 326
345 83 492 435 0 404 351 374 490 153 423 390 415 451 14 543 289 283 502 317
115 309 219 117 404 0 317 360 438 359 352 97 330 407 401 384 464 440 265 297
267 290 394 344 351 317 0 247 321 380 195 333 244 290 328 502 469 400 443 84
363 372 458 369 374 360 247 0 141 430 225 378 206 99 386 544 468 462 483 225
385 381 468 461 490 438 321 141 0 503 251 423 231 136 517 631 569 534 561 303
334 105 435 367 153 359 380 430 503 0 374 322 358 499 143 587 98 50 540 336
281 320 452 361 423 352 195 225 251 374 0 369 91 258 413 507 480 488 463 207
93 246 201 140 390 97 333 378 423 322 369 0 277 371 356 323 445 429 234 235
316 282 417 394 415 330 244 206 231 358 91 277 0 262 369 534 518 458 505 155
402 409 507 424 451 407 290 99 136 499 258 371 262 0 492 631 546 564 506 286
322 146 454 429 14 401 328 386 517 143 413 356 369 492 0 571 259 255 550 317
295 480 210 364 543 384 502 544 631 587 507 323 534 631 571 0 654 641 114 456
427 138 563 487 289 464 469 468 569 98 480 445 518 546 259 654 0 50 604 416
381 159 531 451 283 440 400 462 534 50 488 429 458 564 255 641 50 0 533 434
257 455 176 281 502 265 443 483 561 540 463 234 505 506 550 114 604 533 0 364
242 233 376 326 317 297 84 225 303 336 207 235 155 286 317 456 416 434 364 0
