0 240 342 337 258 257 263 372 177 377 427 415 317 306 501 301 485 433 342 409
240 0 376 371 292 181 187 406 247 411 461 449 351 230 535 335 519 467 376 443
342 376 0 87 222 393 399 336 349 341 391 379 115 442 465 265 449 397 306 373
337 371 87 0 217 388 394 331 344 336 386 374 110 437 460 260 444 392 301 368
258 292 222 217 0 309 315 122 265 165 177 165 197 358 289 89 273 221 130 197
257 181 393 388 309 0 10 423 264 428 478 466 368 103 552 352 536 484 393 460
263 187 399 394 315 10 0 429 270 434 484 472 374 109 558 358 542 490 399 466
372 406 336 331 122 423 429 0 379 279 131 119 311 472 403 203 387 335 244 311
177 247 349 344 265 264 270 379 0 384 434 422 324 313 508 308 492 440 349 416
377 411 341 336 165 428 434 279 384 0 334 322 316 477 296 114 280 228 137 204
427 461 391 386 177 478 484 131 434 334 0 102 366 527 458 258 442 390 299 366
415 449 379 374 165 466 472 119 422 322 102 0 354 515 446 246 430 378 287 354
317 351 115 110 197 368 374 311 324 316 366 354 0 417 440 240 424 372 281 348
306 230 442 437 358 103 109 472 313 477 527 515 417 0 601 401 585 533 442 509
501 535 465 460 289 552 558 403 508 296 458 446 440 601 0 238 138 306 215 178
301 335 265 260 89 352 358 203 308 114 258 246 240 401 238 0 222 170 79 146
485 519 449 444 273 536 542 387 492 280 442 430 424 585 138 222 0 290 199 162
433 467 397 392 221 484 490 335 440 228 390 378 372 533 306 170 290 0 99 214
342 376 306 301 130 393 399 244 349 137 299 287 281 442 215 79 199 99 0 123
409 443 373 368 197 460 466 311 416 204 366 354 348 509 178 146 162 214 123 0
