0 196 323 124 254 186 232 153 247 199 242 161 176 111 57 138 6 42 89
196 0 435 308 366 370 416 73 359 383 354 273 360 295 241 58 190 154 201
323 435 0 435 93 497 543 392 248 510 81 162 487 422 368 377 317 281 234
124 308 435 0 366 196 242 265 359 209 354 273 186 121 67 250 118 154 201
254 366 93 366 0 428 474 323 179 441 12 93 418 353 299 308 248 212 165
186 370 497 196 428 0 66 327 421 163 416 335 10 75 129 312 180 216 263
232 416 543 242 474 66 0 373 467 209 462 381 56 121 175 358 226 262 309
153 73 392 265 323 327 373 0 316 340 311 230 317 252 198 15 147 111 158
247 359 248 359 179 421 467 316 0 434 167 86 411 346 292 301 241 205 158
199 383 510 209 441 163 209 340 434 0 429 348 153 88 142 325 193 229 276
242 354 81 354 12 416 462 311 167 429 0 81 406 341 287 296 236 200 153
161 273 162 273 93 335 381 230 86 348 81 0 325 260 206 215 155 119 72
176 360 487 186 418 10 56 317 411 153 406 325 0 65 119 302 170 206 253
111 295 422 121 353 75 121 252 346 88 341 260 65 0 54 237 105 141 188
57 241 368 67 299 129 175 198 292 142 287 206 119 54 0 183 51 87 134
138 58 377 250 308 312 358 15 301 325 296 215 302 237 183 0 132 96 143
6 190 317 118 248 180 226 147 241 193 236 155 170 105 51 132 0 36 83
42 154 281 154 212 216 262 111 205 229 200 119 206 141 87 96 36 0 47
89 201 234 201 165 263 309 158 158 276 153 72 253 188 134 143 83 47 0
