0 364 158 129 250 516 473 475 287 475 422 420 356 97 301 188 109 168 227
364 0 325 381 228 271 278 246 311 213 189 200 115 268 79 157 359 207 258
158 325 0 181 210 542 480 444 305 454 417 402 317 59 292 201 96 114 251
129 381 181 0 269 492 488 406 291 441 410 421 343 61 284 175 101 201 215
250 228 210 269 0 351 332 307 235 279 289 244 192 184 101 3 118 35 116
516 271 542 492 351 0 148 289 492 298 66 250 122 388 206 312 411 332 406
473 278 480 488 332 148 0 240 496 300 97 230 172 406 203 259 384 301 374
475 246 444 406 307 289 240 0 420 51 240 11 127 296 179 215 431 283 374
287 311 305 291 235 492 496 420 0 418 435 416 339 249 229 197 242 123 91
475 213 454 441 279 298 300 51 418 0 184 51 100 327 183 239 353 301 307
422 189 417 410 289 66 97 240 435 184 0 143 118 326 154 231 335 254 315
420 200 402 421 244 250 230 11 416 51 143 0 100 360 130 226 335 256 360
356 115 317 343 192 122 172 127 339 100 118 100 0 242 63 119 280 158 224
97 268 59 61 184 388 406 296 249 327 326 360 242 0 195 119 -10 64 101
301 79 292 284 101 206 203 179 229 183 154 130 63 195 0 97 204 86 189
188 157 201 175 3 312 259 215 197 239 231 226 119 119 97 0 81 65 100
109 359 96 101 118 411 384 431 242 353 335 335 280 -10 204 81 0 75 129
168 207 114 201 35 332 301 283 123 301 254 256 158 64 86 65 75 0 59
227 258 251 215 116 406 374 374 91 307 315 360 224 101 189 100 129 59 0
