0 133 163 235 248 123 232 291 229 307 189 82 257 15 149 141 175 97 115
133 0 266 338 351 92 335 394 332 410 292 51 360 118 252 244 278 200 218
163 266 0 204 217 256 113 260 110 276 158 215 226 148 30 22 144 66 48
235 338 204 0 105 328 273 176 270 192 46 287 142 220 190 182 60 138 156
248 351 217 105 0 341 286 189 283 205 59 300 155 233 203 195 73 151 169
123 92 256 328 341 0 325 384 322 400 282 41 350 108 242 234 268 190 208
232 335 113 273 286 325 0 329 163 345 227 284 295 217 83 91 213 135 117
291 394 260 176 189 384 329 0 326 84 130 343 34 276 246 238 116 194 212
229 332 110 270 283 322 163 326 0 342 224 281 292 214 80 88 210 132 114
307 410 276 192 205 400 345 84 342 0 146 359 50 292 262 254 132 210 228
189 292 158 46 59 282 227 130 224 146 0 241 96 174 144 136 14 92 110
82 51 215 287 300 41 284 343 281 359 241 0 309 67 201 193 227 149 167
257 360 226 142 155 350 295 34 292 50 96 309 0 242 212 204 82 160 178
15 118 148 220 233 108 217 276 214 292 174 67 242 0 134 126 160 82 100
149 252 30 190 203 242 83 246 80 262 144 201 212 134 0 8 130 52 34
141 244 22 182 195 234 91 238 88 254 136 193 204 126 8 0 122 44 26
175 278 144 60 73 268 213 116 210 132 14 227 82 160 130 122 0 78 96
97 200 66 138 151 190 135 194 132 210 92 149 160 82 52 44 78 0 18
115 218 48 156 169 208 117 212 114 228 110 167 178 100 34 26 96 18 0
