0 339 85 337 357 343 411 302 473 502 343 426 333 330 262 79 256 175 221
339 0 266 152 172 332 226 291 288 317 158 241 148 145 77 260 245 164 118
85 266 0 264 284 270 338 229 400 429 270 353 260 257 189 6 183 102 148
337 152 264 0 34 330 88 289 150 179 20 103 10 7 75 258 243 162 116
357 172 284 34 0 350 82 309 164 193 14 117 24 27 95 278 263 182 136
343 332 270 330 350 0 404 133 466 495 336 419 326 323 255 264 87 168 214
411 226 338 88 82 404 0 363 218 247 68 171 78 81 149 332 317 236 190
302 291 229 289 309 133 363 0 425 454 295 378 285 282 214 223 46 127 173
473 288 400 150 164 466 218 425 0 123 150 47 140 143 211 394 379 298 252
502 317 429 179 193 495 247 454 123 0 179 76 169 172 240 423 408 327 281
343 158 270 20 14 336 68 295 150 179 0 103 10 13 81 264 249 168 122
426 241 353 103 117 419 171 378 47 76 103 0 93 96 164 347 332 251 205
333 148 260 10 24 326 78 285 140 169 10 93 0 3 71 254 239 158 112
330 145 257 7 27 323 81 282 143 172 13 96 3 0 68 251 236 155 109
262 77 189 75 95 255 149 214 211 240 81 164 71 68 0 183 168 87 41
79 260 6 258 278 264 332 223 394 423 264 347 254 251 183 0 177 96 142
256 245 183 243 263 87 317 46 379 408 249 332 239 236 168 177 0 81 127
175 164 102 162 182 168 236 127 298 327 168 251 158 155 87 96 81 0 46
221 118 148 116 136 214 190 173 252 281 122 205 112 109 41 142 127 46 0
