0 342 385 338 433 151 357 411 411 360 308 97 336 342 271 195 323 215 246
342 0 167 273 447 377 365 413 113 434 275 269 377 53 63 144 325 259 256
385 167 0 303 447 348 357 376 187 430 282 288 358 140 82 129 288 213 226
338 273 303 0 269 268 195 203 387 212 141 196 114 276 168 143 132 97 109
433 447 447 269 0 438 139 198 466 226 127 371 186 399 354 269 168 163 195
151 377 348 268 438 0 391 424 362 441 356 101 369 312 269 152 305 254 193
357 365 357 195 139 391 0 138 376 125 -7 236 114 319 271 224 64 39 156
411 413 376 203 198 424 138 0 491 51 134 289 72 419 328 241 87 164 209
411 113 187 387 466 362 376 491 0 461 383 287 396 87 151 259 328 325 268
360 434 430 212 226 441 125 51 461 0 148 333 44 410 365 223 130 156 238
308 275 282 141 127 356 -7 134 383 148 0 188 81 324 283 151 -3 71 104
97 269 288 196 371 101 236 289 287 333 188 0 302 222 169 90 210 192 152
336 377 358 114 186 369 114 72 396 44 81 302 0 369 297 168 74 133 150
342 53 140 276 399 312 319 419 87 410 324 222 369 0 40 153 288 258 198
271 63 82 168 354 269 271 328 151 365 283 169 297 40 0 75 282 183 152
195 144 129 143 269 152 224 241 259 223 151 90 168 153 75 0 133 41 36
323 325 288 132 168 305 64 87 328 130 -3 210 74 288 282 133 0 52 112
215 259 213 97 163 254 39 164 325 156 71 192 133 258 183 41 52 0 24
246 256 226 109 195 193 156 209 268 238 104 152 150 198 152 36 112 24 0
