0 234 388 211 274 356 242 256 298 280 257 187 182 302 147 242 60 119 212
234 0 502 151 214 470 356 370 412 220 197 301 122 416 87 356 174 233 326
388 502 0 479 542 140 392 406 202 548 525 337 450 86 415 146 328 269 176
211 151 479 0 121 447 333 347 389 127 104 278 29 393 64 333 151 210 303
274 214 542 121 0 510 396 410 452 40 17 341 92 456 127 396 214 273 366
356 470 140 447 510 0 360 374 170 516 493 305 418 54 383 114 296 237 144
242 356 392 333 396 360 0 124 302 402 379 55 304 306 269 246 182 123 216
256 370 406 347 410 374 124 0 316 416 393 69 318 320 283 260 196 137 230
298 412 202 389 452 170 302 316 0 458 435 247 360 116 325 56 238 179 86
280 220 548 127 40 516 402 416 458 0 23 347 98 462 133 402 220 279 372
257 197 525 104 17 493 379 393 435 23 0 324 75 439 110 379 197 256 349
187 301 337 278 341 305 55 69 247 347 324 0 249 251 214 191 127 68 161
182 122 450 29 92 418 304 318 360 98 75 249 0 364 35 304 122 181 274
302 416 86 393 456 54 306 320 116 462 439 251 364 0 329 60 242 183 90
147 87 415 64 127 383 269 283 325 133 110 214 35 329 0 269 87 146 239
242 356 146 333 396 114 246 260 56 402 379 191 304 60 269 0 182 123 30
60 174 328 151 214 296 182 196 238 220 197 127 122 242 87 182 0 59 152
119 233 269 210 273 237 123 137 179 279 256 68 181 183 146 123 59 0 93
212 326 176 303 366 144 216 230 86 372 349 161 274 90 239 30 152 93 0
