0 160 97 231 180 292 154 216 297 141 218 173 72 132 7 111 67 140 203
160 0 146 370 273 396 251 298 379 269 283 335 51 176 111 195 158 254 264
97 146 0 315 272 359 247 350 354 177 277 320 111 175 57 138 158 194 243
231 370 315 0 317 250 269 72 241 258 213 12 237 242 194 199 235 108 10
180 273 272 317 0 327 112 307 344 152 319 238 212 54 161 137 109 218 274
292 396 359 250 327 0 302 243 138 255 85 210 273 244 226 234 209 140 225
154 251 247 269 112 302 0 258 308 143 251 217 203 27 109 82 50 166 257
216 298 350 72 307 243 258 0 244 192 222 -7 277 244 250 180 185 102 38
297 379 354 241 344 138 308 244 0 317 117 256 380 286 294 262 247 158 217
141 269 177 258 152 255 143 192 317 0 230 234 136 46 100 39 73 123 192
218 283 277 213 319 85 251 222 117 230 0 171 246 196 187 217 113 53 145
173 335 320 12 238 210 217 -7 256 234 171 0 238 164 191 195 117 97 -14
72 51 111 237 212 273 203 277 380 136 246 238 0 130 35 52 59 163 187
132 176 175 242 54 244 27 244 286 46 196 164 130 0 71 13 53 150 169
7 111 57 194 161 226 109 250 294 100 187 191 35 71 0 103 76 113 186
111 195 138 199 137 234 82 180 262 39 217 195 52 13 103 0 13 88 121
67 158 158 235 109 209 50 185 247 73 113 117 59 53 76 13 0 62 177
140 254 194 108 218 140 166 102 158 123 53 97 163 150 113 88 62 0 80
203 264 243 10 274 225 257 38 217 192 145 -14 187 169 186 121 177 80 0
