0 169 237 170 315 212 63 159 351 311 260 234 79 38 144 28 163 115 119
169 0 350 181 428 325 156 272 464 424 373 347 90 131 257 141 276 228 232
237 350 0 351 322 123 244 166 358 318 267 241 260 219 151 209 74 122 118
170 181 351 0 429 326 157 273 465 425 374 348 91 132 258 142 277 229 233
315 428 322 429 0 297 322 186 198 158 107 81 338 297 171 287 248 200 204
212 325 123 326 297 0 219 141 333 293 242 216 235 194 126 184 49 97 93
63 156 244 157 322 219 0 166 358 318 267 241 66 25 151 35 170 122 126
159 272 166 273 186 141 166 0 222 182 131 105 182 141 15 131 92 44 48
351 464 358 465 198 333 358 222 0 142 91 117 374 333 207 323 284 236 240
311 424 318 425 158 293 318 182 142 0 51 77 334 293 167 283 244 196 200
260 373 267 374 107 242 267 131 91 51 0 26 283 242 116 232 193 145 149
234 347 241 348 81 216 241 105 117 77 26 0 257 216 90 206 167 119 123
79 90 260 91 338 235 66 182 374 334 283 257 0 41 167 51 186 138 142
38 131 219 132 297 194 25 141 333 293 242 216 41 0 126 10 145 97 101
144 257 151 258 171 126 151 15 207 167 116 90 167 126 0 116 77 29 33
28 141 209 142 287 184 35 131 323 283 232 206 51 10 116 0 135 87 91
163 276 74 277 248 49 170 92 284 244 193 167 186 145 77 135 0 48 44
115 228 122 229 200 97 122 44 236 196 145 119 138 97 29 87 48 0 4
119 232 118 233 204 93 126 48 240 200 149 123 142 101 33 91 44 4 0
