0 175 380 97 368 123 140 196 209 136 286 207 106 84 67 158 56 120 123
175 0 315 160 303 186 203 55 144 199 221 142 169 147 130 17 119 55 58
380 315 0 365 176 391 408 336 175 404 94 173 374 352 335 298 324 260 257
97 160 365 0 353 86 103 181 194 99 271 192 69 47 30 143 41 105 108
368 303 176 353 0 379 396 324 163 392 82 161 362 340 323 286 312 248 245
123 186 391 86 379 0 95 207 220 91 297 218 61 39 56 169 67 131 134
140 203 408 103 396 95 0 224 237 64 314 235 34 56 73 186 84 148 151
196 55 336 181 324 207 224 0 165 220 242 163 190 168 151 38 140 76 79
209 144 175 194 163 220 237 165 0 233 81 2 203 181 164 127 153 89 86
136 199 404 99 392 91 64 220 233 0 310 231 30 52 69 182 80 144 147
286 221 94 271 82 297 314 242 81 310 0 79 280 258 241 204 230 166 163
207 142 173 192 161 218 235 163 2 231 79 0 201 179 162 125 151 87 84
106 169 374 69 362 61 34 190 203 30 280 201 0 22 39 152 50 114 117
84 147 352 47 340 39 56 168 181 52 258 179 22 0 17 130 28 92 95
67 130 335 30 323 56 73 151 164 69 241 162 39 17 0 113 11 75 78
158 17 298 143 286 169 186 38 127 182 204 125 152 130 113 0 102 38 41
56 119 324 41 312 67 84 140 153 80 230 151 50 28 11 102 0 64 67
120 55 260 105 248 131 148 76 89 144 166 87 114 92 75 38 64 0 3
123 58 257 108 245 134 151 79 86 147 163 84 117 95 78 41 67 3 0
