0 309 284 182 224 67 132 225 207 187 136 222 117 217 55 70 60 106 200
309 0 146 300 118 185 310 417 417 316 304 82 358 98 281 294 245 213 127
284 146 0 351 100 212 312 421 356 374 297 96 324 55 308 259 245 203 103
182 300 351 0 306 174 141 201 152 190 32 289 171 285 92 53 73 114 221
224 118 100 306 0 138 258 340 338 291 266 -17 316 34 220 204 160 145 81
67 185 212 174 138 0 169 234 253 198 112 147 182 167 96 107 61 11 67
132 310 312 141 258 169 0 170 186 138 145 290 107 290 57 51 98 180 227
225 417 421 201 340 234 170 0 210 54 176 301 63 305 110 110 161 196 310
207 417 356 152 338 253 186 210 0 182 45 301 148 302 83 136 169 174 263
187 316 374 190 291 198 138 54 182 0 134 285 48 305 93 125 118 168 257
136 304 297 32 266 112 145 176 45 134 0 230 101 238 46 64 56 84 210
222 82 96 289 -17 147 290 301 301 285 230 0 272 31 210 238 181 98 21
117 358 324 171 316 182 107 63 148 48 101 272 0 362 9 72 93 167 268
217 98 55 285 34 167 290 305 302 305 238 31 362 0 193 185 177 85 24
55 281 308 92 220 96 57 110 83 93 46 210 9 193 0 -27 79 60 189
70 294 259 53 204 107 51 110 136 125 64 238 72 185 -27 0 -18 82 234
60 245 245 73 160 61 98 161 169 118 56 181 93 177 79 -18 0 43 241
106 213 203 114 145 11 180 196 174 168 84 98 167 85 60 82 43 0 59
200 127 103 221 81 67 227 310 263 257 210 21 268 24 189 234 241 59 0
