0 246 353 388 225 119 257 298 378 269 183 212 267 295 64 54 155 245 347
246 0 275 334 148 157 173 192 270 268 49 147 258 150 195 152 112 202 275
353 275 0 250 279 300 202 111 135 338 279 210 55 84 245 194 122 71 143
388 334 250 0 376 338 313 219 245 398 349 307 195 158 309 265 249 127 110
225 148 279 376 0 216 247 321 326 331 74 249 248 214 173 107 171 180 284
119 157 300 338 216 0 191 249 329 298 148 157 286 194 32 84 97 165 333
257 173 202 313 247 191 0 239 243 117 123 41 197 160 198 53 64 164 255
298 192 111 219 321 249 239 0 162 299 174 212 86 59 233 141 166 109 159
378 270 135 245 326 329 243 162 0 342 255 283 67 122 277 224 199 139 193
269 268 338 398 331 298 117 299 342 0 224 98 263 275 255 150 168 202 316
183 49 279 349 74 148 123 174 255 224 0 187 225 152 63 65 66 156 241
212 147 210 307 249 157 41 212 283 98 187 0 189 170 162 88 71 199 225
267 258 55 195 248 286 197 86 67 263 225 189 0 37 216 191 145 42 144
295 150 84 158 214 194 160 59 122 275 152 170 37 0 169 133 97 43 99
64 195 245 309 173 32 198 233 277 255 63 162 216 169 0 80 90 176 282
54 152 194 265 107 84 53 141 224 150 65 88 191 133 80 0 20 115 216
155 112 122 249 171 97 64 166 199 168 66 71 145 97 90 20 0 69 133
245 202 71 127 180 165 164 109 139 202 156 199 42 43 176 115 69 0 107
347 275 143 110 284 333 255 159 193 316 241 225 144 99 282 216 133 107 0
