0 310 307 240 290 260 318 323 94 332 255 -11 175 282 304 227 173 180 96
310 0 202 239 314 139 365 324 428 112 57 351 242 106 266 109 214 200 265
307 202 0 253 253 103 297 333 398 124 67 311 209 140 287 122 167 160 244
240 239 253 0 103 217 231 236 248 209 130 198 42 192 155 168 93 92 113
290 314 253 103 0 189 233 309 280 275 169 243 37 213 170 227 94 111 184
260 139 103 217 189 0 289 315 325 38 50 184 183 -10 235 35 165 83 180
318 365 297 231 233 289 0 108 341 283 198 303 175 222 7 188 143 159 246
323 324 333 236 309 315 108 0 369 338 303 328 174 332 42 250 181 175 284
94 428 398 248 280 325 341 369 0 371 278 82 248 345 352 267 231 223 139
332 112 124 209 275 38 283 338 371 0 43 268 140 33 247 -12 173 153 258
255 57 67 130 169 50 198 303 278 43 0 285 120 28 205 -10 136 134 206
-11 351 311 198 243 184 303 328 82 268 285 0 150 256 223 216 160 69 62
175 242 209 42 37 183 175 174 248 140 120 150 0 158 144 129 21 77 78
282 106 140 192 213 -10 222 332 345 33 28 256 158 0 223 43 107 114 140
304 266 287 155 170 235 7 42 352 247 205 223 144 223 0 175 112 112 182
227 109 122 168 227 35 188 250 267 -12 -10 216 129 43 175 0 114 58 161
173 214 167 93 94 165 143 181 231 173 136 160 21 107 112 114 0 53 70
180 200 160 92 111 83 159 175 223 153 134 69 77 114 112 58 53 0 77
96 265 244 113 184 180 246 284 139 258 206 62 78 140 182 161 70 77 0
