0 155 250 187 155 266 216 161 292 132 106 183 135 112 33 111 47 96 126
155 0 282 122 75 244 236 141 285 50 194 105 175 22 104 -8 91 62 106
250 282 0 290 251 422 144 367 381 291 117 314 349 243 149 261 209 252 246
187 122 290 0 179 283 298 12 287 172 240 184 10 147 118 119 104 83 127
155 75 251 179 0 219 263 206 241 46 164 96 149 13 134 23 63 39 61
266 244 422 283 219 0 378 250 167 240 309 98 287 203 242 188 174 168 123
216 236 144 298 263 378 0 323 396 248 53 281 329 230 198 284 194 211 322
161 141 367 12 206 250 323 0 276 209 271 197 23 143 145 120 100 64 125
292 285 381 287 241 167 396 276 0 240 283 59 240 222 200 189 182 202 112
132 50 291 172 46 240 248 209 240 0 209 174 158 56 153 33 82 44 81
106 194 117 240 164 309 53 271 283 209 0 244 222 180 112 153 130 136 178
183 105 314 184 96 98 281 197 59 174 244 0 154 104 119 128 115 97 37
135 175 349 10 149 287 329 23 240 158 222 154 0 135 126 172 96 118 133
112 22 243 147 13 203 230 143 222 56 180 104 135 0 110 -27 70 13 75
33 104 149 118 134 242 198 145 200 153 112 119 126 110 0 93 49 35 63
111 -8 261 119 23 188 284 120 189 33 153 128 172 -27 93 0 43 3 59
47 91 209 104 63 174 194 100 182 82 130 115 96 70 49 43 0 -9 40
96 62 252 83 39 168 211 64 202 44 136 97 118 13 35 3 -9 0 17
126 106 246 127 61 123 322 125 112 81 178 37 133 75 63 59 40 17 0
