0 295 2 299 387 233 383 274 220 280 310 246 291 9 178 230 228 100 17
295 0 286 408 468 136 447 61 349 203 436 53 362 249 265 119 104 184 292
2 286 0 352 401 247 375 263 198 274 352 289 295 6 210 213 216 79 -4
299 408 352 0 165 332 109 425 174 335 112 362 42 224 114 272 281 271 300
387 468 401 165 0 463 91 503 251 417 53 444 158 357 228 427 394 276 379
233 136 247 332 463 0 431 172 248 52 401 119 293 220 217 59 4 142 219
383 447 375 109 91 431 0 483 196 428 54 493 124 333 194 355 337 239 314
274 61 263 425 503 172 483 0 369 178 482 36 374 280 293 149 81 206 279
220 349 198 174 251 248 196 369 0 243 200 258 197 182 39 223 171 119 175
280 203 274 335 417 52 428 178 243 0 383 142 296 222 237 19 63 140 240
310 436 352 112 53 401 54 482 200 383 0 359 58 325 165 331 367 247 343
246 53 289 362 444 119 493 36 258 142 359 0 338 237 228 125 42 147 269
291 362 295 42 158 293 124 374 197 296 58 338 0 265 91 254 253 171 268
9 249 6 224 357 220 333 280 182 222 325 237 265 0 137 213 177 88 -25
178 265 210 114 228 217 194 293 39 237 165 228 91 137 0 200 184 58 111
230 119 213 272 427 59 355 149 223 19 331 125 254 213 200 0 10 160 220
228 104 216 281 394 4 337 81 171 63 367 42 253 177 184 10 0 120 136
100 184 79 271 276 142 239 206 119 140 247 147 171 88 58 160 120 0 9
17 292 -4 300 379 219 314 279 175 240 343 269 268 -25 111 220 136 9 0
