0 214 307 95 211 201 230 186 251 150 261 149 186 109 79 146 35 41 83
214 0 433 281 348 368 371 84 342 389 355 294 376 286 260 51 237 154 221
307 433 0 454 119 491 525 389 243 477 41 138 464 385 378 363 311 279 259
95 281 454 0 364 175 253 244 350 227 406 256 141 142 101 237 155 124 252
211 348 119 364 0 473 505 344 146 400 2 61 389 316 318 297 237 227 189
201 368 491 175 473 0 47 297 390 189 419 344 -5 75 71 302 183 253 257
230 371 525 253 505 47 0 351 469 204 493 432 39 127 178 371 218 229 292
186 84 389 244 344 297 351 0 324 348 302 213 348 251 211 28 133 80 131
251 342 243 350 146 390 469 324 0 436 152 89 402 331 275 308 257 225 102
150 389 477 227 400 189 204 348 436 0 445 330 130 59 150 285 140 258 282
261 355 41 406 2 419 493 302 152 445 0 75 371 321 277 279 220 221 159
149 294 138 256 61 344 432 213 89 330 75 0 357 273 232 241 153 117 109
186 376 464 141 389 -5 39 348 402 130 371 357 0 70 115 287 199 234 241
109 286 385 142 316 75 127 251 331 59 321 273 70 0 114 192 94 154 190
79 260 378 101 318 71 178 211 275 150 277 232 115 114 0 133 59 43 86
146 51 363 237 297 302 371 28 308 285 279 241 287 192 133 0 144 125 126
35 237 311 155 237 183 218 133 257 140 220 153 199 94 59 144 0 -15 118
41 154 279 124 227 253 229 80 225 258 221 117 234 154 43 125 -15 0 45
83 221 259 252 189 257 292 131 102 282 159 109 241 190 86 126 118 45 0
