0 376 89 425 305 150 371 325 131 181 344 106 306 86 102 113 262 239 136
376 0 382 84 242 348 141 206 400 433 34 342 136 357 308 277 96 217 307
89 382 0 346 234 128 367 336 104 139 327 132 300 66 19 44 301 207 67
425 84 346 0 266 361 123 190 381 426 37 314 126 272 300 312 53 188 248
305 242 234 266 0 251 181 232 273 297 225 233 186 268 173 211 156 135 157
150 348 128 361 251 0 276 320 85 105 311 52 271 55 80 82 234 143 4
371 141 367 123 181 276 0 65 351 356 87 297 34 257 272 239 17 95 240
325 206 336 190 232 320 65 0 279 337 124 258 -3 232 311 225 81 150 244
131 400 104 381 273 85 351 279 0 135 375 117 306 -10 75 96 291 201 82
181 433 139 426 297 105 356 337 135 0 337 59 297 79 127 123 326 244 108
344 34 327 37 225 311 87 124 375 337 0 234 103 275 244 301 16 149 224
106 342 132 314 233 52 297 258 117 59 234 0 278 28 48 74 268 166 125
306 136 300 126 186 271 34 -3 306 297 103 278 0 265 264 251 60 141 184
86 357 66 272 268 55 257 232 -10 79 275 28 265 0 20 32 205 181 41
102 308 19 300 173 80 272 311 75 127 244 48 264 20 0 29 187 136 29
113 277 44 312 211 82 239 225 96 123 301 74 251 32 29 0 220 112 29
262 96 301 53 156 234 17 81 291 326 16 268 60 205 187 220 0 97 189
239 217 207 188 135 143 95 150 201 244 149 166 141 181 136 112 97 0 64
136 307 67 248 157 4 240 244 82 108 224 125 184 41 29 29 189 64 0
