0 106 223 365 290 196 383 341 80 282 357 45 328 234 194 209 79 185 98
106 0 239 381 306 212 399 357 96 298 373 61 344 250 210 225 95 201 114
223 239 0 218 143 49 236 194 145 87 210 178 181 87 47 14 144 38 125
365 381 218 0 187 173 34 50 287 277 8 320 37 131 171 204 286 180 267
290 306 143 187 0 98 205 163 212 202 179 245 150 56 96 129 211 105 192
196 212 49 173 98 0 191 149 118 108 165 151 136 42 2 35 117 11 98
383 399 236 34 205 191 0 68 305 295 26 338 55 149 189 222 304 198 285
341 357 194 50 163 149 68 0 263 253 42 296 13 107 147 180 262 156 243
80 96 145 287 212 118 305 263 0 204 279 35 250 156 116 131 1 107 20
282 298 87 277 202 108 295 253 204 0 269 237 240 146 106 73 203 97 184
357 373 210 8 179 165 26 42 279 269 0 312 29 123 163 196 278 172 259
45 61 178 320 245 151 338 296 35 237 312 0 283 189 149 164 34 140 53
328 344 181 37 150 136 55 13 250 240 29 283 0 94 134 167 249 143 230
234 250 87 131 56 42 149 107 156 146 123 189 94 0 40 73 155 49 136
194 210 47 171 96 2 189 147 116 106 163 149 134 40 0 33 115 9 96
209 225 14 204 129 35 222 180 131 73 196 164 167 73 33 0 130 24 111
79 95 144 286 211 117 304 262 1 203 278 34 249 155 115 130 0 106 19
185 201 38 180 105 11 198 156 107 97 172 140 143 49 9 24 106 0 87
98 114 125 267 192 98 285 243 20 184 259 53 230 136 96 111 19 87 0
