0 232 307 235 252 234 164 32 161 293 218 25 144 237 119 94 146 28 106
232 0 483 411 428 178 208 214 205 469 394 207 88 413 163 138 322 204 282
307 483 0 106 267 485 415 289 412 308 89 282 395 252 370 345 161 279 201
235 411 106 0 195 413 343 217 340 236 17 210 323 180 298 273 89 207 129
252 428 267 195 0 430 360 234 357 71 178 227 340 15 315 290 106 224 146
234 178 485 413 430 0 210 216 207 471 396 209 90 415 165 140 324 206 284
164 208 415 343 360 210 0 146 87 401 326 139 120 345 45 70 254 136 214
32 214 289 217 234 216 146 0 143 275 200 7 126 219 101 76 128 10 88
161 205 412 340 357 207 87 143 0 398 323 136 117 342 42 67 251 133 211
293 469 308 236 71 471 401 275 398 0 219 268 381 56 356 331 147 265 187
218 394 89 17 178 396 326 200 323 219 0 193 306 163 281 256 72 190 112
25 207 282 210 227 209 139 7 136 268 193 0 119 212 94 69 121 3 81
144 88 395 323 340 90 120 126 117 381 306 119 0 325 75 50 234 116 194
237 413 252 180 15 415 345 219 342 56 163 212 325 0 300 275 91 209 131
119 163 370 298 315 165 45 101 42 356 281 94 75 300 0 25 209 91 169
94 138 345 273 290 140 70 76 67 331 256 69 50 275 25 0 184 66 144
146 322 161 89 106 324 254 128 251 147 72 121 234 91 209 184 0 118 40
28 204 279 207 224 206 136 10 133 265 190 3 116 209 91 66 118 0 78
106 282 201 129 146 284 214 88 211 187 112 81 194 131 169 144 40 78 0
