0 245 101 285 401 309 84 322 336 255 253 253 76 197 3 101 195 315 275
245 0 340 328 256 352 323 177 379 298 296 296 315 240 242 144 50 170 130
101 340 0 380 496 404 33 417 431 350 348 348 25 292 98 196 290 410 370
285 328 380 0 484 88 363 405 227 146 144 32 355 88 282 184 278 398 358
401 256 496 484 0 508 479 93 535 454 452 452 471 396 398 300 206 86 126
309 352 404 88 508 0 387 429 251 170 168 56 379 112 306 208 302 422 382
84 323 33 363 479 387 0 400 414 333 331 331 8 275 81 179 273 393 353
322 177 417 405 93 429 400 0 456 375 373 373 392 317 319 221 127 7 47
336 379 431 227 535 251 414 456 0 85 83 195 406 139 333 235 329 449 409
255 298 350 146 454 170 333 375 85 0 2 114 325 58 252 154 248 368 328
253 296 348 144 452 168 331 373 83 2 0 112 323 56 250 152 246 366 326
253 296 348 32 452 56 331 373 195 114 112 0 323 56 250 152 246 366 326
76 315 25 355 471 379 8 392 406 325 323 323 0 267 73 171 265 385 345
197 240 292 88 396 112 275 317 139 58 56 56 267 0 194 96 190 310 270
3 242 98 282 398 306 81 319 333 252 250 250 73 194 0 98 192 312 272
101 144 196 184 300 208 179 221 235 154 152 152 171 96 98 0 94 214 174
195 50 290 278 206 302 273 127 329 248 246 246 265 190 192 94 0 120 80
315 170 410 398 86 422 393 7 449 368 366 366 385 310 312 214 120 0 40
275 130 370 358 126 382 353 47 409 328 326 326 345 270 272 174 80 40 0
