0 354 321 245 250 239 261 148 81 188 276 246 197 137 152 165 51 38 92
354 0 98 427 165 335 207 354 367 248 51 72 150 235 178 342 265 286 366
321 98 0 394 251 300 220 374 381 252 101 139 157 258 186 379 269 296 338
245 427 394 0 331 288 363 52 233 216 322 269 272 184 198 60 149 213 229
250 165 251 331 0 210 171 317 297 179 198 124 114 139 139 280 212 232 284
239 335 300 288 210 0 299 256 225 126 258 166 159 133 58 211 187 177 228
261 207 220 363 171 299 0 315 329 211 166 72 74 166 137 333 216 243 343
148 354 374 52 317 256 315 0 242 181 306 196 149 112 194 -30 73 155 198
81 367 381 233 297 225 329 242 0 165 281 220 213 116 180 118 46 23 0
188 248 252 216 179 126 211 181 165 0 215 152 55 38 72 162 87 159 194
276 51 101 322 198 258 166 306 281 215 0 53 106 188 166 295 185 270 258
246 72 139 269 124 166 72 196 220 152 53 0 17 79 117 178 97 186 169
197 150 157 272 114 159 74 149 213 55 106 17 0 38 43 188 100 160 199
137 235 258 184 139 133 166 112 116 38 188 79 38 0 34 178 85 79 201
152 178 186 198 139 58 137 194 180 72 166 117 43 34 0 139 106 115 127
165 342 379 60 280 211 333 -30 118 162 295 178 188 178 139 0 86 102 200
51 265 269 149 212 187 216 73 46 87 185 97 100 85 106 86 0 -2 98
38 286 296 213 232 177 243 155 23 159 270 186 160 79 115 102 -2 0 0
92 366 338 229 284 228 343 198 0 194 258 169 199 201 127 200 98 0 0
