0 167 81 319 257 361 250 336 333 166 325 285 201 52 165 135 143 231 273
167 0 144 200 94 242 87 217 214 63 206 166 38 115 2 32 24 112 154
81 144 0 296 234 338 227 313 310 143 302 262 178 29 142 112 120 208 250
319 200 296 0 290 218 283 85 190 215 182 34 234 267 198 184 176 88 46
257 94 234 290 0 332 105 307 304 153 296 256 56 205 92 122 114 202 244
361 242 338 218 332 0 325 235 44 257 36 184 276 309 240 226 218 130 172
250 87 227 283 105 325 0 300 297 146 289 249 49 198 85 115 107 195 237
336 217 313 85 307 235 300 0 207 232 199 51 251 284 215 201 193 105 63
333 214 310 190 304 44 297 207 0 229 8 156 248 281 212 198 190 102 144
166 63 143 215 153 257 146 232 229 0 221 181 97 114 61 31 39 127 169
325 206 302 182 296 36 289 199 8 221 0 148 240 273 204 190 182 94 136
285 166 262 34 256 184 249 51 156 181 148 0 200 233 164 150 142 54 12
201 38 178 234 56 276 49 251 248 97 240 200 0 149 36 66 58 146 188
52 115 29 267 205 309 198 284 281 114 273 233 149 0 113 83 91 179 221
165 2 142 198 92 240 85 215 212 61 204 164 36 113 0 30 22 110 152
135 32 112 184 122 226 115 201 198 31 190 150 66 83 30 0 8 96 138
143 24 120 176 114 218 107 193 190 39 182 142 58 91 22 8 0 88 130
231 112 208 88 202 130 195 105 102 127 94 54 146 179 110 96 88 0 42
273 154 250 46 244 172 237 63 144 169 136 12 188 221 152 138 130 42 0
