0 148 204 125 334 421 509 525 80 320 478 368 61 289 51 243 134 123 145
148 0 101 192 229 378 427 489 160 255 416 329 161 283 87 182 70 93 118
204 101 0 246 205 347 447 488 176 225 395 258 114 221 99 114 109 35 -8
125 192 246 0 328 493 545 562 140 315 494 429 69 341 89 249 154 168 205
334 229 205 328 0 302 379 379 270 115 278 208 255 112 219 86 168 122 142
421 378 347 493 302 0 217 267 427 141 133 100 457 165 378 251 364 286 327
509 427 447 545 379 217 0 160 492 206 50 198 436 191 479 285 422 374 399
525 489 488 562 379 267 160 0 515 249 65 160 456 248 472 314 407 402 363
80 160 176 140 270 427 492 515 0 287 446 366 55 280 94 217 83 115 132
320 255 225 315 115 141 206 249 287 0 142 113 244 -13 257 55 164 201 226
478 416 395 494 278 133 50 65 446 142 0 108 418 171 386 222 333 287 338
368 329 258 429 208 100 198 160 366 113 108 0 370 81 333 144 342 267 279
61 161 114 69 255 457 436 456 55 244 418 370 0 274 20 149 54 83 87
289 283 221 341 112 165 191 248 280 -13 171 81 274 0 207 65 169 175 175
51 87 99 89 219 378 479 472 94 257 386 333 20 207 0 214 5 87 76
243 182 114 249 86 251 285 314 217 55 222 144 149 65 214 0 94 98 161
134 70 109 154 168 364 422 407 83 164 333 342 54 169 5 94 0 5 14
123 93 35 168 122 286 374 402 115 201 287 267 83 175 87 98 5 0 -28
145 118 -8 205 142 327 399 363 132 226 338 279 87 175 76 161 14 -28 0
