0 167 153 267 237 124 277 298 200 259 171 85 241 -32 168 156 166 79 123
167 0 247 338 375 93 356 430 371 427 331 79 370 112 247 196 259 186 215
153 247 0 225 235 254 117 209 63 252 145 202 259 187 51 41 141 33 44
267 338 225 0 107 347 229 92 247 140 63 232 137 278 235 155 95 125 183
237 375 235 107 0 377 268 172 299 181 127 276 130 238 200 209 72 68 201
124 93 254 347 377 0 276 411 316 416 278 -17 331 53 245 227 268 154 268
277 356 117 229 268 276 0 332 158 315 234 287 294 247 86 52 232 204 80
298 430 209 92 172 411 332 0 323 84 103 317 87 255 275 251 123 197 218
200 371 63 247 299 316 158 323 0 383 250 272 269 209 77 95 208 175 114
259 427 252 140 181 416 315 84 383 0 145 341 -3 270 254 279 127 214 195
171 331 145 63 127 278 234 103 250 145 0 239 98 113 116 144 33 67 93
85 79 202 232 276 -17 287 317 272 341 239 0 306 83 187 221 222 137 126
241 370 259 137 130 331 294 87 269 -3 98 306 0 282 223 222 61 163 178
-32 112 187 278 238 53 247 255 209 270 113 83 282 0 132 105 175 89 123
168 247 51 235 200 245 86 275 77 254 116 187 223 132 0 -4 125 78 -47
156 196 41 155 209 227 52 251 95 279 144 221 222 105 -4 0 125 33 28
166 259 141 95 72 268 232 123 208 127 33 222 61 175 125 125 0 78 67
79 186 33 125 68 154 204 197 175 214 67 137 163 89 78 33 78 0 56
123 215 44 183 201 268 80 218 114 195 93 126 178 123 -47 28 67 56 0
