0 202 194 202 163 130 252 306 309 278 192 155 245 120 124 173 30 75 52
202 0 336 164 125 272 394 448 451 240 154 117 387 82 266 315 172 217 194
194 336 0 336 297 76 296 350 353 412 326 289 289 254 70 217 164 119 142
202 164 336 0 55 272 394 448 451 96 10 47 387 82 266 315 172 217 194
163 125 297 55 0 233 355 409 412 131 45 8 348 43 227 276 133 178 155
130 272 76 272 233 0 232 286 289 348 262 225 225 190 6 153 100 55 78
252 394 296 394 355 232 0 212 215 470 384 347 151 312 226 79 222 177 200
306 448 350 448 409 286 212 0 125 524 438 401 61 366 280 133 276 231 254
309 451 353 451 412 289 215 125 0 527 441 404 64 369 283 136 279 234 257
278 240 412 96 131 348 470 524 527 0 86 123 463 158 342 391 248 293 270
192 154 326 10 45 262 384 438 441 86 0 37 377 72 256 305 162 207 184
155 117 289 47 8 225 347 401 404 123 37 0 340 35 219 268 125 170 147
245 387 289 387 348 225 151 61 64 463 377 340 0 305 219 72 215 170 193
120 82 254 82 43 190 312 366 369 158 72 35 305 0 184 233 90 135 112
124 266 70 266 227 6 226 280 283 342 256 219 219 184 0 147 94 49 72
173 315 217 315 276 153 79 133 136 391 305 268 72 233 147 0 143 98 121
30 172 164 172 133 100 222 276 279 248 162 125 215 90 94 143 0 45 22
75 217 119 217 178 55 177 231 234 293 207 170 170 135 49 98 45 0 23
52 194 142 194 155 78 200 254 257 270 184 147 193 112 72 121 22 23 0
