0 221 99 408 281 405 329 438 429 400 323 326 377 59 347 170 157 246 294
221 0 174 279 115 297 217 301 240 290 242 168 234 127 249 41 38 181 200
99 174 0 349 234 410 324 388 395 368 319 294 313 68 269 171 156 234 346
408 279 349 0 314 278 225 325 50 221 184 232 26 311 252 228 237 127 47
281 115 234 314 0 304 224 338 319 273 255 253 242 179 215 83 103 132 241
405 297 410 278 304 0 88 220 242 132 118 108 231 346 82 298 265 161 228
329 217 324 225 224 88 0 88 273 23 18 42 168 258 -17 153 167 58 90
438 301 388 325 338 220 88 0 269 168 115 136 268 331 106 260 257 161 198
429 240 395 50 319 242 273 269 0 299 199 183 20 293 196 154 199 123 47
400 290 368 221 273 132 23 168 299 0 30 102 208 313 51 196 188 182 187
323 242 319 184 255 118 18 115 199 30 0 20 182 298 34 147 160 77 98
326 168 294 232 253 108 42 136 183 102 20 0 143 202 7 129 128 33 127
377 234 313 26 242 231 168 268 20 208 182 143 0 292 140 194 190 116 35
59 127 68 311 179 346 258 331 293 313 298 202 292 0 216 105 85 138 237
347 249 269 252 215 82 -17 106 196 51 34 7 140 216 0 180 163 44 111
170 41 171 228 83 298 153 260 154 196 147 129 194 105 180 0 0 141 191
157 38 156 237 103 265 167 257 199 188 160 128 190 85 163 0 0 86 121
246 181 234 127 132 161 58 161 123 182 77 33 116 138 44 141 86 0 62
294 200 346 47 241 228 90 198 47 187 98 127 35 237 111 191 121 62 0
