0 211 191 267 223 378 387 178 351 217 170 341 292 209 175 152 144 74 61
211 0 114 330 146 301 310 85 274 280 233 264 215 132 98 59 67 137 150
191 114 0 310 64 219 228 81 192 260 213 182 133 50 16 55 47 117 130
267 330 310 0 342 497 506 297 470 144 97 460 411 328 294 271 263 193 206
223 146 64 342 0 183 192 113 156 292 245 146 97 14 48 87 79 149 162
378 301 219 497 183 0 181 268 145 447 400 135 86 169 203 242 234 304 317
387 310 228 506 192 181 0 277 56 456 409 46 95 178 212 251 243 313 326
178 85 81 297 113 268 277 0 241 247 200 231 182 99 65 26 34 104 117
351 274 192 470 156 145 56 241 0 420 373 10 59 142 176 215 207 277 290
217 280 260 144 292 447 456 247 420 0 47 410 361 278 244 221 213 143 156
170 233 213 97 245 400 409 200 373 47 0 363 314 231 197 174 166 96 109
341 264 182 460 146 135 46 231 10 410 363 0 49 132 166 205 197 267 280
292 215 133 411 97 86 95 182 59 361 314 49 0 83 117 156 148 218 231
209 132 50 328 14 169 178 99 142 278 231 132 83 0 34 73 65 135 148
175 98 16 294 48 203 212 65 176 244 197 166 117 34 0 39 31 101 114
152 59 55 271 87 242 251 26 215 221 174 205 156 73 39 0 8 78 91
144 67 47 263 79 234 243 34 207 213 166 197 148 65 31 8 0 70 83
74 137 117 193 149 304 313 104 277 143 96 267 218 135 101 78 70 0 13
61 150 130 206 162 317 326 117 290 156 109 280 231 148 114 91 83 13 0
