0 215 27 195 113 270 204 265 277 272 18 120 66 230 221 206 172 222 239
215 0 199 234 193 168 127 193 182 54 230 158 105 97 100 110 36 0 64
27 199 0 169 91 251 241 279 247 283 -22 105 88 163 233 181 144 228 225
195 234 169 0 91 252 222 270 245 258 118 65 76 172 152 176 136 186 263
113 193 91 91 0 216 155 214 181 189 132 45 30 153 135 146 116 133 208
270 168 251 252 216 0 77 157 143 219 229 194 206 27 51 64 133 161 201
204 127 241 222 155 77 0 64 122 174 188 179 101 37 13 4 51 130 186
265 193 279 270 214 157 64 0 155 223 332 182 182 14 96 69 105 129 234
277 182 247 245 181 143 122 155 0 227 299 162 178 77 103 83 168 157 198
272 54 283 258 189 219 174 223 227 0 250 154 121 140 188 138 124 79 12
18 230 -22 118 132 229 188 332 299 250 0 96 97 230 155 197 140 164 216
120 158 105 65 45 194 179 182 162 154 96 0 -42 96 118 150 24 105 211
66 105 88 76 30 206 101 182 178 121 97 -42 0 143 95 74 12 115 140
230 97 163 172 153 27 37 14 77 140 230 96 143 0 -9 1 45 88 134
221 100 233 152 135 51 13 96 103 188 155 118 95 -9 0 -38 54 63 121
206 110 181 176 146 64 4 69 83 138 197 150 74 1 -38 0 16 111 117
172 36 144 136 116 133 51 105 168 124 140 24 12 45 54 16 0 -20 72
222 0 228 186 133 161 130 129 157 79 164 105 115 88 63 111 -20 0 44
239 64 225 263 208 201 186 234 198 12 216 211 140 134 121 117 72 44 0
