0 267 261 193 41 270 264 283 223 192 61 190 211 198 121 65 147 214 256
267 0 314 127 305 325 480 464 423 196 282 362 218 220 299 258 159 85 100
261 314 0 199 272 149 361 383 348 89 278 336 80 65 242 210 87 187 223
193 127 199 0 291 227 371 376 342 104 217 308 174 141 236 175 104 51 -8
41 305 272 291 0 322 238 285 204 229 87 142 231 240 126 34 162 295 239
270 325 149 227 322 0 399 473 404 106 270 311 97 87 247 251 87 199 280
264 480 361 371 238 399 0 150 253 348 251 103 357 341 168 207 335 341 369
283 464 383 376 285 473 150 0 210 366 218 79 338 352 140 216 290 394 366
223 423 348 342 204 404 253 210 0 271 149 150 324 261 118 129 195 327 299
192 196 89 104 229 106 348 366 271 0 145 262 66 18 212 151 82 102 135
61 282 278 217 87 270 251 218 149 145 0 165 171 194 86 32 106 181 186
190 362 336 308 142 311 103 79 150 262 165 0 307 244 64 160 201 288 316
211 218 80 174 231 97 357 338 324 66 171 307 0 9 223 193 84 162 192
198 220 65 141 240 87 341 352 261 18 194 244 9 0 203 120 49 134 109
121 299 242 236 126 247 168 140 118 212 86 64 223 203 0 -7 129 205 210
65 258 210 175 34 251 207 216 129 151 32 160 193 120 -7 0 125 154 162
147 159 87 104 162 87 335 290 195 82 106 201 84 49 129 125 0 81 87
214 85 187 51 295 199 341 394 327 102 181 288 162 134 205 154 81 0 16
256 100 223 -8 239 280 369 366 299 135 186 316 192 109 210 162 87 16 0
