0 191 384 347 268 145 165 283 314 193 66 309 244 25 159 65 221 119 169
191 0 355 341 118 309 338 102 360 264 216 353 74 145 -4 137 285 195 192
384 355 0 58 452 489 530 476 236 325 431 86 443 321 419 299 142 262 217
347 341 58 0 487 488 461 479 197 310 387 42 461 299 406 280 99 207 177
268 118 452 487 0 369 359 18 434 293 288 432 0 210 47 176 299 182 271
145 309 489 488 369 0 133 445 473 302 74 440 335 185 349 210 347 225 328
165 338 530 461 359 133 0 401 480 324 58 423 377 120 302 204 387 223 302
283 102 476 479 18 445 401 0 439 280 260 427 47 253 106 200 379 257 294
314 360 236 197 434 473 480 439 0 323 375 116 413 305 342 280 135 225 207
193 264 325 310 293 302 324 280 323 0 229 251 266 192 162 64 184 72 109
66 216 431 387 288 74 58 260 375 229 0 361 256 68 248 93 284 181 241
309 353 86 42 432 440 423 427 116 251 361 0 384 245 351 187 78 188 133
244 74 443 461 0 335 377 47 413 266 256 384 0 194 99 204 328 194 266
25 145 321 299 210 185 120 253 305 192 68 245 194 0 113 112 267 137 159
159 -4 419 406 47 349 302 106 342 162 248 351 99 113 0 84 255 131 236
65 137 299 280 176 210 204 200 280 64 93 187 204 112 84 0 199 54 107
221 285 142 99 299 347 387 379 135 184 284 78 328 267 255 199 0 121 72
119 195 262 207 182 225 223 257 225 72 181 188 194 137 131 54 121 0 31
169 192 217 177 271 328 302 294 207 109 241 133 266 159 236 107 72 31 0
