0 171 386 100 398 128 242 192 336 167 361 294 164 76 66 169 64 140 215
171 0 277 143 289 171 285 25 227 210 252 185 207 119 109 2 107 31 106
386 277 0 358 62 386 500 298 134 425 25 92 422 334 324 275 322 246 171
100 143 358 0 370 96 210 164 308 135 333 266 132 44 34 141 36 112 187
398 289 62 370 0 398 512 310 146 437 37 104 434 346 336 287 334 258 183
128 171 386 96 398 0 218 192 336 143 361 294 140 52 62 169 64 140 215
242 285 500 210 512 218 0 306 450 81 475 408 78 166 176 283 178 254 329
192 25 298 164 310 192 306 0 248 231 273 206 228 140 130 23 128 52 127
336 227 134 308 146 336 450 248 0 375 109 42 372 284 274 225 272 196 121
167 210 425 135 437 143 81 231 375 0 400 333 3 91 101 208 103 179 254
361 252 25 333 37 361 475 273 109 400 0 67 397 309 299 250 297 221 146
294 185 92 266 104 294 408 206 42 333 67 0 330 242 232 183 230 154 79
164 207 422 132 434 140 78 228 372 3 397 330 0 88 98 205 100 176 251
76 119 334 44 346 52 166 140 284 91 309 242 88 0 10 117 12 88 163
66 109 324 34 336 62 176 130 274 101 299 232 98 10 0 107 2 78 153
169 2 275 141 287 169 283 23 225 208 250 183 205 117 107 0 105 29 104
64 107 322 36 334 64 178 128 272 103 297 230 100 12 2 105 0 76 151
140 31 246 112 258 140 254 52 196 179 221 154 176 88 78 29 76 0 75
215 106 171 187 183 215 329 127 121 254 146 79 251 163 153 104 151 75 0
