0 364 231 306 112 322 135 156 147 305 276 283 70 95 212 186 64 53 105
364 0 171 118 370 314 393 414 405 297 88 275 328 353 152 178 322 311 259
231 171 0 113 237 181 260 281 272 164 83 142 195 220 19 45 189 178 126
306 118 113 0 312 256 335 356 347 239 30 217 270 295 94 120 264 253 201
112 370 237 312 0 328 119 140 69 311 282 289 54 17 218 192 48 59 111
322 314 181 256 328 0 351 372 363 61 226 39 286 311 162 136 280 269 217
135 393 260 335 119 351 0 151 154 334 305 312 65 102 241 215 71 82 134
156 414 281 356 140 372 151 0 175 355 326 333 86 123 262 236 92 103 155
147 405 272 347 69 363 154 175 0 346 317 324 89 52 253 227 83 94 146
305 297 164 239 311 61 334 355 346 0 209 22 269 294 145 119 263 252 200
276 88 83 30 282 226 305 326 317 209 0 187 240 265 64 90 234 223 171
283 275 142 217 289 39 312 333 324 22 187 0 247 272 123 97 241 230 178
70 328 195 270 54 286 65 86 89 269 240 247 0 37 176 150 6 17 69
95 353 220 295 17 311 102 123 52 294 265 272 37 0 201 175 31 42 94
212 152 19 94 218 162 241 262 253 145 64 123 176 201 0 26 170 159 107
186 178 45 120 192 136 215 236 227 119 90 97 150 175 26 0 144 133 81
64 322 189 264 48 280 71 92 83 263 234 241 6 31 170 144 0 11 63
53 311 178 253 59 269 82 103 94 252 223 230 17 42 159 133 11 0 52
105 259 126 201 111 217 134 155 146 200 171 178 69 94 107 81 63 52 0
