0 291 381 202 239 240 184 140 206 388 19 304 166 93 282 162 140 261 203
291 0 158 273 353 169 381 468 325 172 314 121 270 285 82 229 257 91 133
381 158 0 294 337 143 395 395 320 102 370 21 242 290 46 269 191 129 180
202 273 294 0 90 171 205 241 107 273 190 210 -6 54 141 72 54 169 80
239 353 337 90 0 252 243 276 67 314 179 274 57 131 230 84 89 155 156
240 169 143 171 252 0 275 363 228 183 245 151 161 177 127 144 139 21 46
184 381 395 205 243 275 0 239 226 322 177 356 199 89 278 123 156 245 211
140 468 395 241 276 363 239 0 304 413 95 394 289 98 383 195 214 326 286
206 325 320 107 67 228 226 304 0 290 237 248 43 142 253 117 112 146 237
388 172 102 273 314 183 322 413 290 0 344 40 322 285 73 220 210 129 182
19 314 370 190 179 245 177 95 237 344 0 296 169 65 300 156 105 184 150
304 121 21 210 274 151 356 394 248 40 296 0 190 197 23 211 191 88 104
166 270 242 -6 57 161 199 289 43 322 169 190 0 106 216 -7 -31 147 77
93 285 290 54 131 177 89 98 142 285 65 197 106 0 136 72 66 125 98
282 82 46 141 230 127 278 383 253 73 300 23 216 136 0 147 130 89 64
162 229 269 72 84 144 123 195 117 220 156 211 -7 72 147 0 49 89 96
140 257 191 54 89 139 156 214 112 210 105 191 -31 66 130 49 0 76 56
261 91 129 169 155 21 245 326 146 129 184 88 147 125 89 89 76 0 -7
203 133 180 80 156 46 211 286 237 182 150 104 77 98 64 96 56 -7 0
