0 237 373 316 291 273 288 331 333 284 224 336 143 223 14 241 203 234 115
237 0 567 280 385 357 372 199 492 405 174 431 145 362 169 358 381 362 288
373 567 0 596 126 226 185 593 84 248 543 110 450 171 337 194 164 195 248
316 280 596 0 482 414 409 151 534 486 90 519 177 482 220 452 461 429 317
291 385 126 482 0 72 48 432 122 105 386 117 309 62 176 25 100 52 106
273 357 226 414 72 0 75 406 109 106 369 72 286 -20 159 33 54 -5 116
288 372 185 409 48 75 0 405 113 87 370 116 280 29 149 33 22 16 121
331 199 593 151 432 406 405 0 497 445 66 485 132 408 227 440 351 355 293
333 492 84 534 122 109 113 497 0 173 407 22 384 86 294 84 89 76 149
284 405 248 486 105 106 87 445 173 0 434 181 330 102 230 109 50 74 190
224 174 543 90 386 369 370 66 407 434 0 472 65 332 208 344 406 328 219
336 431 110 519 117 72 116 485 22 181 472 0 323 56 240 59 106 79 185
143 145 450 177 309 286 280 132 384 330 65 323 0 259 82 263 278 294 214
223 362 171 482 62 -20 29 408 86 102 332 56 259 0 185 24 42 -30 47
14 169 337 220 176 159 149 227 294 230 208 240 82 185 0 177 159 138 71
241 358 194 452 25 33 33 440 84 109 344 59 263 24 177 0 40 -15 96
203 381 164 461 100 54 22 351 89 50 406 106 278 42 159 40 0 5 144
234 362 195 429 52 -5 16 355 76 74 328 79 294 -30 138 -15 5 0 107
115 288 248 317 106 116 121 293 149 190 219 185 214 47 71 96 144 107 0
