0 449 334 421 268 287 92 455 436 447 77 399 201 161 380 352 305 281 240
449 0 221 308 395 414 387 144 323 334 372 286 328 288 69 239 192 168 209
334 221 0 145 280 299 272 227 160 171 257 123 213 173 152 76 29 53 94
421 308 145 0 367 386 359 314 153 164 344 116 300 260 239 69 116 140 181
268 395 280 367 0 153 206 401 382 393 191 345 67 107 326 298 251 227 186
287 414 299 386 153 0 225 420 401 412 210 364 86 126 345 317 270 246 205
92 387 272 359 206 225 0 393 374 385 15 337 139 99 318 290 243 219 178
455 144 227 314 401 420 393 0 329 340 378 292 334 294 75 245 198 174 215
436 323 160 153 382 401 374 329 0 85 359 37 315 275 254 84 131 155 196
447 334 171 164 393 412 385 340 85 0 370 48 326 286 265 95 142 166 207
77 372 257 344 191 210 15 378 359 370 0 322 124 84 303 275 228 204 163
399 286 123 116 345 364 337 292 37 48 322 0 278 238 217 47 94 118 159
201 328 213 300 67 86 139 334 315 326 124 278 0 40 259 231 184 160 119
161 288 173 260 107 126 99 294 275 286 84 238 40 0 219 191 144 120 79
380 69 152 239 326 345 318 75 254 265 303 217 259 219 0 170 123 99 140
352 239 76 69 298 317 290 245 84 95 275 47 231 191 170 0 47 71 112
305 192 29 116 251 270 243 198 131 142 228 94 184 144 123 47 0 24 65
281 168 53 140 227 246 219 174 155 166 204 118 160 120 99 71 24 0 41
240 209 94 181 186 205 178 215 196 207 163 159 119 79 140 112 65 41 0
