0 141 310 205 165 342 181 143 267 296 130 51 141 56 252 54 180 151 226
141 0 349 244 204 381 220 182 306 335 169 90 180 95 291 93 219 190 265
310 349 0 407 367 350 383 345 275 304 332 259 343 258 260 256 188 159 84
205 244 407 0 88 439 274 236 364 393 223 154 64 149 349 151 277 248 323
165 204 367 88 0 399 234 196 324 353 183 114 24 109 309 111 237 208 283
342 381 350 439 399 0 415 377 249 134 364 291 375 290 90 288 162 191 266
181 220 383 274 234 415 0 64 340 369 51 130 210 125 325 127 253 224 299
143 182 345 236 196 377 64 0 302 331 13 92 172 87 287 89 215 186 261
267 306 275 364 324 249 340 302 0 203 289 216 300 215 159 213 87 116 191
296 335 304 393 353 134 369 331 203 0 318 245 329 244 44 242 116 145 220
130 169 332 223 183 364 51 13 289 318 0 79 159 74 274 76 202 173 248
51 90 259 154 114 291 130 92 216 245 79 0 90 5 201 3 129 100 175
141 180 343 64 24 375 210 172 300 329 159 90 0 85 285 87 213 184 259
56 95 258 149 109 290 125 87 215 244 74 5 85 0 200 2 128 99 174
252 291 260 349 309 90 325 287 159 44 274 201 285 200 0 198 72 101 176
54 93 256 151 111 288 127 89 213 242 76 3 87 2 198 0 126 97 172
180 219 188 277 237 162 253 215 87 116 202 129 213 128 72 126 0 29 104
151 190 159 248 208 191 224 186 116 145 173 100 184 99 101 97 29 0 75
226 265 84 323 283 266 299 261 191 220 248 175 259 174 176 172 104 75 0
