0 239 313 302 284 171 233 86 116 353 255 -8 196 307 145 137 157 53 115
239 0 437 405 342 150 68 345 123 416 318 241 111 332 99 95 266 149 228
313 437 0 135 275 373 419 427 385 334 75 302 335 252 328 269 153 246 186
302 405 135 0 216 336 327 419 338 335 44 338 338 197 307 298 109 196 234
284 342 275 216 0 304 319 383 300 68 180 242 267 56 294 229 58 203 152
171 150 373 336 304 0 78 207 11 391 224 154 34 309 107 26 230 110 149
233 68 419 327 319 78 0 209 89 364 251 188 54 283 9 43 187 87 162
86 345 427 419 383 207 209 0 262 414 333 131 240 392 257 190 235 125 161
116 123 385 338 300 11 89 262 0 350 274 145 -4 244 83 32 242 134 206
353 416 334 335 68 391 364 414 350 0 311 322 368 89 393 377 123 269 236
255 318 75 44 180 224 251 333 274 311 0 254 243 169 307 201 110 187 132
-8 241 302 338 242 154 188 131 145 322 254 0 170 253 121 128 142 82 84
196 111 335 338 267 34 54 240 -4 368 243 170 0 292 69 57 176 68 131
307 332 252 197 56 309 283 392 244 89 169 253 292 0 258 219 64 166 136
145 99 328 307 294 107 9 257 83 393 307 121 69 258 0 67 158 123 125
137 95 269 298 229 26 43 190 32 377 201 128 57 219 67 0 95 62 167
157 266 153 109 58 230 187 235 242 123 110 142 176 64 158 95 0 110 125
53 149 246 196 203 110 87 125 134 269 187 82 68 166 123 62 110 0 69
115 228 186 234 152 149 162 161 206 236 132 84 131 136 125 167 125 69 0
