0 261 354 305 252 242 222 204 209 211 228 324 265 61 184 126 200 80 120
261 0 109 110 136 125 265 178 223 226 105 62 0 183 79 159 82 114 178
354 109 0 103 222 219 311 293 309 316 269 64 64 282 138 255 171 209 250
305 110 103 0 215 201 334 207 268 334 186 42 97 255 147 260 141 195 190
252 136 222 215 0 124 274 36 267 284 20 229 156 208 119 213 89 176 195
242 125 219 201 124 0 253 109 197 265 121 163 65 111 33 157 -10 125 132
222 265 311 334 274 253 0 316 101 213 287 275 269 102 213 103 192 98 156
204 178 293 207 36 109 316 0 227 214 9 178 196 137 99 192 96 142 117
209 223 309 268 267 197 101 227 0 199 224 200 253 59 150 53 145 73 73
211 226 316 334 284 265 213 214 199 0 256 252 252 99 132 175 173 115 78
228 105 269 186 20 121 287 9 224 256 0 130 95 147 63 175 69 186 132
324 62 64 42 229 163 275 178 200 252 130 0 8 148 87 206 115 160 127
265 0 64 97 156 65 269 196 253 252 95 8 0 150 121 150 14 142 118
61 183 282 255 208 111 102 137 59 99 147 148 150 0 66 12 83 34 -5
184 79 138 147 119 33 213 99 150 132 63 87 121 66 0 141 0 85 79
126 159 255 260 213 157 103 192 53 175 175 206 150 12 141 0 85 -11 47
200 82 171 141 89 -10 192 96 145 173 69 115 14 83 0 85 0 88 81
80 114 209 195 176 125 98 142 73 115 186 160 142 34 85 -11 88 0 15
120 178 250 190 195 132 156 117 73 78 132 127 118 -5 79 47 81 15 0
