0 270 280 316 141 285 251 296 200 247 91 220 191 182 198 139 160 233 256
270 0 230 120 229 277 243 288 150 197 179 212 141 132 190 131 110 37 60
280 230 0 276 239 287 253 298 98 163 189 222 89 98 200 141 120 193 216
316 120 276 0 275 323 289 334 196 243 225 258 187 178 236 177 156 83 60
141 229 239 275 0 244 210 255 159 206 50 179 150 141 157 98 119 192 215
285 277 287 323 244 0 140 185 207 254 194 109 198 189 87 146 167 240 263
251 243 253 289 210 140 0 107 173 220 160 31 164 155 53 112 133 206 229
296 288 298 334 255 185 107 0 218 265 205 76 209 200 98 157 178 251 274
200 150 98 196 159 207 173 218 0 83 109 142 9 18 120 61 40 113 136
247 197 163 243 206 254 220 265 83 0 156 189 74 65 167 108 87 160 183
91 179 189 225 50 194 160 205 109 156 0 129 100 91 107 48 69 142 165
220 212 222 258 179 109 31 76 142 189 129 0 133 124 22 81 102 175 198
191 141 89 187 150 198 164 209 9 74 100 133 0 9 111 52 31 104 127
182 132 98 178 141 189 155 200 18 65 91 124 9 0 102 43 22 95 118
198 190 200 236 157 87 53 98 120 167 107 22 111 102 0 59 80 153 176
139 131 141 177 98 146 112 157 61 108 48 81 52 43 59 0 21 94 117
160 110 120 156 119 167 133 178 40 87 69 102 31 22 80 21 0 73 96
233 37 193 83 192 240 206 251 113 160 142 175 104 95 153 94 73 0 23
256 60 216 60 215 263 229 274 136 183 165 198 127 118 176 117 96 23 0
