0 173 254 61 281 339 382 461 447 191 405 334 257 217 189 133 29 96 131
173 0 235 176 262 320 363 442 428 172 386 315 238 198 170 114 144 77 112
254 235 0 257 269 327 370 449 435 67 393 322 245 205 65 121 225 158 123
61 176 257 0 284 342 385 464 450 194 408 337 260 220 192 136 32 99 134
281 262 269 284 0 186 229 308 294 206 252 181 104 64 204 148 252 185 150
339 320 327 342 186 0 207 286 272 264 230 159 82 122 262 206 310 243 208
382 363 370 385 229 207 0 175 161 307 119 48 125 165 305 249 353 286 251
461 442 449 464 308 286 175 0 98 386 56 127 204 244 384 328 432 365 330
447 428 435 450 294 272 161 98 0 372 42 113 190 230 370 314 418 351 316
191 172 67 194 206 264 307 386 372 0 330 259 182 142 2 58 162 95 60
405 386 393 408 252 230 119 56 42 330 0 71 148 188 328 272 376 309 274
334 315 322 337 181 159 48 127 113 259 71 0 77 117 257 201 305 238 203
257 238 245 260 104 82 125 204 190 182 148 77 0 40 180 124 228 161 126
217 198 205 220 64 122 165 244 230 142 188 117 40 0 140 84 188 121 86
189 170 65 192 204 262 305 384 370 2 328 257 180 140 0 56 160 93 58
133 114 121 136 148 206 249 328 314 58 272 201 124 84 56 0 104 37 2
29 144 225 32 252 310 353 432 418 162 376 305 228 188 160 104 0 67 102
96 77 158 99 185 243 286 365 351 95 309 238 161 121 93 37 67 0 35
131 112 123 134 150 208 251 330 316 60 274 203 126 86 58 2 102 35 0
