0 349 243 344 202 385 260 247 100 337 302 312 212 80 233 229 192 108 131
349 0 126 89 335 276 393 380 289 228 47 203 345 269 116 120 325 241 218
243 126 0 121 229 170 287 274 183 122 79 97 239 163 10 14 219 135 112
344 89 121 0 330 271 388 375 284 223 42 198 340 264 111 115 320 236 213
202 335 229 330 0 371 78 65 142 323 288 298 30 122 219 215 10 94 117
385 276 170 271 371 0 429 416 325 98 229 73 381 305 160 156 361 277 254
260 393 287 388 78 429 0 83 200 381 346 356 48 180 277 273 68 152 175
247 380 274 375 65 416 83 0 187 368 333 343 35 167 264 260 55 139 162
100 289 183 284 142 325 200 187 0 277 242 252 152 20 173 169 132 48 71
337 228 122 223 323 98 381 368 277 0 181 25 333 257 112 108 313 229 206
302 47 79 42 288 229 346 333 242 181 0 156 298 222 69 73 278 194 171
312 203 97 198 298 73 356 343 252 25 156 0 308 232 87 83 288 204 181
212 345 239 340 30 381 48 35 152 333 298 308 0 132 229 225 20 104 127
80 269 163 264 122 305 180 167 20 257 222 232 132 0 153 149 112 28 51
233 116 10 111 219 160 277 264 173 112 69 87 229 153 0 4 209 125 102
229 120 14 115 215 156 273 260 169 108 73 83 225 149 4 0 205 121 98
192 325 219 320 10 361 68 55 132 313 278 288 20 112 209 205 0 84 107
108 241 135 236 94 277 152 139 48 229 194 204 104 28 125 121 84 0 23
131 218 112 213 117 254 175 162 71 206 171 181 127 51 102 98 107 23 0
