0 70 283 283 125 267 218 262 189 233 178 158 92 200 78 266 63 160 163
70 0 348 130 98 256 234 248 220 343 48 195 -27 280 77 242 110 175 167
283 348 0 442 353 74 182 228 253 17 312 157 299 25 206 26 203 101 96
283 130 442 0 70 402 402 413 314 430 92 326 98 465 202 439 270 278 384
125 98 353 70 0 356 297 364 258 336 -4 244 68 302 57 308 154 270 188
267 256 74 402 356 0 170 215 284 65 312 123 283 30 233 -49 166 117 77
218 234 182 402 297 170 0 129 229 149 296 20 299 143 186 180 137 78 77
262 248 228 413 364 215 129 0 292 237 337 53 246 211 209 193 146 119 131
189 220 253 314 258 284 229 292 0 293 257 179 182 235 132 205 99 207 186
233 343 17 430 336 65 149 237 293 0 308 134 326 37 259 90 213 148 148
178 48 312 92 -4 312 296 337 257 308 0 207 11 318 117 263 163 221 242
158 195 157 326 244 123 20 53 179 134 207 0 225 142 125 116 77 47 22
92 -27 299 98 68 283 299 246 182 326 11 225 0 271 87 278 114 203 263
200 280 25 465 302 30 143 211 235 37 318 142 271 0 179 10 119 75 81
78 77 206 202 57 233 186 209 132 259 117 125 87 179 0 190 85 76 75
266 242 26 439 308 -49 180 193 205 90 263 116 278 10 190 0 104 62 83
63 110 203 270 154 166 137 146 99 213 163 77 114 119 85 104 0 74 111
160 175 101 278 270 117 78 119 207 148 221 47 203 75 76 62 74 0 7
163 167 96 384 188 77 77 131 186 148 242 22 263 81 75 83 111 7 0
