0 134 252 137 355 442 420 530 539 223 464 422 335 270 218 187 82 104 172
134 0 178 107 281 368 346 456 465 149 390 348 261 196 144 113 52 30 98
252 178 0 225 233 320 298 408 417 39 342 300 213 148 34 65 170 148 80
137 107 225 0 328 415 393 503 512 196 437 395 308 243 191 160 55 77 145
355 281 233 328 0 257 235 345 354 204 279 237 150 85 199 168 273 251 183
442 368 320 415 257 0 192 128 137 291 62 20 107 172 286 255 360 338 270
420 346 298 393 235 192 0 280 289 269 214 172 85 150 264 233 338 316 248
530 456 408 503 345 128 280 0 141 379 66 108 195 260 374 343 448 426 358
539 465 417 512 354 137 289 141 0 388 75 117 204 269 383 352 457 435 367
223 149 39 196 204 291 269 379 388 0 313 271 184 119 5 36 141 119 51
464 390 342 437 279 62 214 66 75 313 0 42 129 194 308 277 382 360 292
422 348 300 395 237 20 172 108 117 271 42 0 87 152 266 235 340 318 250
335 261 213 308 150 107 85 195 204 184 129 87 0 65 179 148 253 231 163
270 196 148 243 85 172 150 260 269 119 194 152 65 0 114 83 188 166 98
218 144 34 191 199 286 264 374 383 5 308 266 179 114 0 31 136 114 46
187 113 65 160 168 255 233 343 352 36 277 235 148 83 31 0 105 83 15
82 52 170 55 273 360 338 448 457 141 382 340 253 188 136 105 0 22 90
104 30 148 77 251 338 316 426 435 119 360 318 231 166 114 83 22 0 68
172 98 80 145 183 270 248 358 367 51 292 250 163 98 46 15 90 68 0
