0 333 341 118 344 383 420 471 285 352 32 304 396 347 253 262 225 134 175
333 0 452 377 199 256 260 318 412 84 270 46 214 221 123 68 320 298 202
341 452 0 350 428 488 462 586 169 419 267 404 482 437 347 321 87 151 201
118 377 350 0 344 464 447 508 395 440 90 385 386 411 290 271 257 165 207
344 199 428 344 0 154 194 271 406 204 307 142 164 85 39 67 288 196 137
383 256 488 464 154 0 89 197 415 263 348 218 57 33 182 148 353 250 199
420 260 462 447 194 89 0 119 485 292 378 250 14 100 173 158 363 282 251
471 318 586 508 271 197 119 0 541 383 435 283 66 122 265 255 469 361 288
285 412 169 395 406 415 485 541 0 430 252 364 434 424 297 271 67 204 226
352 84 419 440 204 263 292 383 430 0 358 35 244 232 142 111 358 249 234
32 270 267 90 307 348 378 435 252 358 0 274 347 301 215 185 212 19 167
304 46 404 385 142 218 250 283 364 35 274 0 190 179 86 92 290 227 140
396 214 482 386 164 57 14 66 434 244 347 190 0 5 180 153 342 248 199
347 221 437 411 85 33 100 122 424 232 301 179 5 0 70 113 308 229 172
253 123 347 290 39 182 173 265 297 142 215 86 180 70 0 37 242 74 112
262 68 321 271 67 148 158 255 271 111 185 92 153 113 37 0 202 131 128
225 320 87 257 288 353 363 469 67 358 212 290 342 308 242 202 0 93 115
134 298 151 165 196 250 282 361 204 249 19 227 248 229 74 131 93 0 50
175 202 201 207 137 199 251 288 226 234 167 140 199 172 112 128 115 50 0
