0 325 470 320 282 132 357 420 354 316 265 306 356 222 52 179 255 166 126
325 0 325 157 226 228 115 341 204 213 18 109 255 101 212 38 194 88 155
470 325 0 404 176 419 392 158 339 342 369 340 120 294 349 274 201 249 269
320 157 404 0 258 289 258 368 242 184 124 167 294 108 245 61 230 144 130
282 226 176 258 0 230 247 165 217 198 206 210 74 173 192 115 49 112 147
132 228 419 289 230 0 276 354 254 297 228 226 299 182 80 145 221 124 124
357 115 392 258 247 276 0 403 200 194 32 163 318 69 221 67 197 122 144
420 341 158 368 165 354 403 0 363 379 312 313 102 304 387 258 205 240 303
354 204 339 242 217 254 200 363 0 77 144 14 258 59 157 112 187 109 147
316 213 342 184 198 297 194 379 77 0 162 30 292 93 214 91 167 153 141
265 18 369 124 206 228 32 312 144 162 0 150 257 60 153 79 91 51 106
306 109 340 167 210 226 163 313 14 30 150 0 269 80 169 65 173 81 148
356 255 120 294 74 299 318 102 258 292 257 269 0 199 253 187 101 183 162
222 101 294 108 173 182 69 304 59 93 60 80 199 0 103 66 66 4 90
52 212 349 245 192 80 221 387 157 214 153 169 253 103 0 129 184 124 57
179 38 274 61 115 145 67 258 112 91 79 65 187 66 129 0 92 51 33
255 194 201 230 49 221 197 205 187 167 91 173 101 66 184 92 0 123 140
166 88 249 144 112 124 122 240 109 153 51 81 183 4 124 51 123 0 60
126 155 269 130 147 124 144 303 147 141 106 148 162 90 57 33 140 60 0
