0 201 385 184 389 270 354 241 312 266 357 276 281 203 129 188 15 124 176
201 0 364 330 418 423 473 50 219 453 317 245 383 251 205 21 138 74 151
385 364 0 523 104 583 714 432 165 652 66 139 590 470 468 397 359 292 258
184 330 523 0 604 315 356 357 439 247 500 399 241 157 81 321 130 272 334
389 418 104 604 0 646 729 484 247 664 86 192 642 544 457 418 395 323 250
270 423 583 315 646 0 276 461 501 183 561 471 174 87 149 363 249 299 342
354 473 714 356 729 276 0 517 612 32 644 559 130 187 248 486 342 437 488
241 50 432 357 484 461 517 0 328 557 353 321 450 375 295 84 272 125 169
312 219 165 439 247 501 612 328 0 524 84 51 533 388 342 260 267 164 160
266 453 652 247 664 183 32 557 524 0 577 528 9 135 207 402 238 345 391
357 317 66 500 86 561 644 353 84 577 0 68 523 475 376 329 292 195 198
276 245 139 399 192 471 559 321 51 528 68 0 492 410 287 203 255 142 76
281 383 590 241 642 174 130 450 533 9 523 492 0 90 160 391 224 302 405
203 251 470 157 544 87 187 375 388 135 475 410 90 0 63 270 154 261 326
129 205 468 81 457 149 248 295 342 207 376 287 160 63 0 236 69 193 228
188 21 397 321 418 363 486 84 260 402 329 203 391 270 236 0 148 36 138
15 138 359 130 395 249 342 272 267 238 292 255 224 154 69 148 0 95 132
124 74 292 272 323 299 437 125 164 345 195 142 302 261 193 36 95 0 23
176 151 258 334 250 342 488 169 160 391 198 76 405 326 228 138 132 23 0
