0 399 344 405 334 236 322 93 298 265 288 218 179 94 84 225 424 332 297
399 0 500 136 141 397 386 394 255 420 369 361 332 402 292 198 98 109 82
344 500 0 410 418 127 144 290 328 57 24 132 89 200 163 274 390 350 316
405 136 410 0 25 300 287 401 159 402 323 311 264 330 222 143 20 -35 66
334 141 418 25 0 366 350 326 239 370 337 316 344 325 257 168 30 47 59
236 397 127 300 366 0 116 185 292 32 61 21 39 242 103 201 312 310 280
322 386 144 287 350 116 0 204 269 159 155 95 67 198 101 235 331 294 249
93 394 290 401 326 185 204 0 271 259 272 167 181 31 178 172 351 341 249
298 255 328 159 239 292 269 271 0 278 290 255 203 227 159 72 189 188 147
265 420 57 402 370 32 159 259 278 0 15 70 148 216 147 200 373 368 292
288 369 24 323 337 61 155 272 290 15 0 48 73 192 108 184 337 312 280
218 361 132 311 316 21 95 167 255 70 48 0 50 165 82 164 292 293 235
179 332 89 264 344 39 67 181 203 148 73 50 0 116 22 176 288 223 260
94 402 200 330 325 242 198 31 227 216 192 165 116 0 92 213 289 314 293
84 292 163 222 257 103 101 178 159 147 108 82 22 92 0 52 260 220 147
225 198 274 143 168 201 235 172 72 200 184 164 176 213 52 0 151 107 81
424 98 390 20 30 312 331 351 189 373 337 292 288 289 260 151 0 46 58
332 109 350 -35 47 310 294 341 188 368 312 293 223 314 220 107 46 0 24
297 82 316 66 59 280 249 249 147 292 280 235 260 293 147 81 58 24 0
