0 376 51 356 324 321 392 342 481 486 327 391 319 298 251 82 282 189 234
376 0 267 147 138 285 250 311 297 335 136 286 169 181 88 271 264 172 99
51 267 0 300 283 279 339 212 409 425 194 354 292 257 154 22 191 114 120
356 147 300 0 58 302 114 280 119 170 42 88 43 22 73 271 292 134 98
324 138 283 58 0 323 67 325 187 193 45 115 -7 41 51 239 303 187 109
321 285 279 302 323 0 421 173 481 497 364 428 358 288 255 270 106 145 200
392 250 339 114 67 421 0 384 212 228 26 175 66 127 99 347 331 227 250
342 311 212 280 325 173 384 0 409 460 294 397 284 285 214 228 38 91 191
481 297 409 119 187 481 212 409 0 120 197 60 146 178 261 412 384 296 239
486 335 425 170 193 497 228 460 120 0 158 98 144 155 207 455 381 358 235
327 136 194 42 45 364 26 294 197 158 0 111 -45 38 78 290 228 170 77
391 286 354 88 115 428 175 397 60 98 111 0 80 80 139 339 320 246 246
319 169 292 43 -7 358 66 284 146 144 -45 80 0 7 90 226 201 150 135
298 181 257 22 41 288 127 285 178 155 38 80 7 0 74 236 213 135 160
251 88 154 73 51 255 99 214 261 207 78 139 90 74 0 180 153 111 81
82 271 22 271 239 270 347 228 412 455 290 339 226 236 180 0 120 58 108
282 264 191 292 303 106 331 38 384 381 228 320 201 213 153 120 0 117 96
189 172 114 134 187 145 227 91 296 358 170 246 150 135 111 58 117 0 62
234 99 120 98 109 200 250 191 239 235 77 246 135 160 81 108 96 62 0
