0 271 346 335 353 206 320 380 119 295 249 85 258 202 300 191 235 190 147
271 0 119 226 244 95 211 271 220 184 22 186 149 91 191 80 126 81 124
346 119 0 301 319 170 286 346 295 259 97 261 224 166 266 155 201 156 199
335 226 301 0 172 161 185 245 284 250 204 250 77 157 165 146 100 145 188
353 244 319 172 0 179 203 263 302 268 222 268 95 175 183 164 118 163 206
206 95 170 161 179 0 146 206 155 97 73 121 84 4 126 15 61 16 59
320 211 286 185 203 146 0 100 269 235 189 235 108 142 20 131 85 130 173
380 271 346 245 263 206 100 0 329 295 249 295 168 202 80 191 145 190 233
119 220 295 284 302 155 269 329 0 244 198 34 207 151 249 140 184 139 96
295 184 259 250 268 97 235 295 244 0 162 210 173 93 215 104 150 105 148
249 22 97 204 222 73 189 249 198 162 0 164 127 69 169 58 104 59 102
85 186 261 250 268 121 235 295 34 210 164 0 173 117 215 106 150 105 62
258 149 224 77 95 84 108 168 207 173 127 173 0 80 88 69 23 68 111
202 91 166 157 175 4 142 202 151 93 69 117 80 0 122 11 57 12 55
300 191 266 165 183 126 20 80 249 215 169 215 88 122 0 111 65 110 153
191 80 155 146 164 15 131 191 140 104 58 106 69 11 111 0 46 1 44
235 126 201 100 118 61 85 145 184 150 104 150 23 57 65 46 0 45 88
190 81 156 145 163 16 130 190 139 105 59 105 68 12 110 1 45 0 43
147 124 199 188 206 59 173 233 96 148 102 62 111 55 153 44 88 43 0
