0 76 248 154 315 215 129 236 120 178 120 124 87 218 5 173 -1 38 160
76 0 268 111 365 350 255 300 183 173 52 188 45 307 50 285 149 118 238
248 268 0 369 95 47 235 283 305 416 351 266 270 11 211 23 201 170 76
154 111 369 0 472 451 353 383 262 78 62 283 132 377 176 338 192 239 332
315 365 95 472 0 124 358 372 347 459 437 268 385 140 285 73 214 220 126
215 350 47 451 124 0 294 346 322 434 385 263 306 52 256 106 232 200 118
129 255 235 353 358 294 0 96 274 356 278 20 168 242 158 254 88 95 245
236 300 283 383 372 346 96 0 327 408 346 134 280 301 223 278 200 152 225
120 183 305 262 347 322 274 327 0 342 244 220 178 251 87 249 151 107 220
178 173 416 78 459 434 356 408 342 0 101 345 171 395 198 384 238 230 342
120 52 351 62 437 385 278 346 244 101 0 263 60 327 104 360 126 189 259
124 188 266 283 268 263 20 134 220 345 263 0 162 231 99 194 92 82 179
87 45 270 132 385 306 168 280 178 171 60 162 0 272 56 262 53 110 163
218 307 11 377 140 52 242 301 251 395 327 231 272 0 206 70 165 219 17
5 50 211 176 285 256 158 223 87 198 104 99 56 206 0 188 21 65 112
173 285 23 338 73 106 254 278 249 384 360 194 262 70 188 0 181 133 12
-1 149 201 192 214 232 88 200 151 238 126 92 53 165 21 181 0 43 102
38 118 170 239 220 200 95 152 107 230 189 82 110 219 65 133 43 0 119
160 238 76 332 126 118 245 225 220 342 259 179 163 17 112 12 102 119 0
