0 228 23 171 138 280 229 285 273 274 18 100 105 213 208 206 164 212 266
228 0 215 199 156 180 129 185 173 78 210 128 123 113 108 106 64 16 70
23 215 0 158 125 267 216 272 260 261 5 87 92 200 195 193 151 199 253
171 199 158 0 109 251 200 256 244 245 153 71 76 184 179 177 135 183 237
138 156 125 109 0 208 157 213 201 202 120 38 33 141 136 134 92 140 194
280 180 267 251 208 0 97 153 141 226 262 180 175 81 76 74 116 164 218
229 129 216 200 157 97 0 98 86 175 211 129 124 26 21 23 65 113 167
285 185 272 256 213 153 98 0 132 231 267 185 180 72 77 79 121 169 223
273 173 260 244 201 141 86 132 0 219 255 173 168 60 65 67 109 157 211
274 78 261 245 202 226 175 231 219 0 256 174 169 159 154 152 110 62 8
18 210 5 153 120 262 211 267 255 256 0 82 87 195 190 188 146 194 248
100 128 87 71 38 180 129 185 173 174 82 0 5 113 108 106 64 112 166
105 123 92 76 33 175 124 180 168 169 87 5 0 108 103 101 59 107 161
213 113 200 184 141 81 26 72 60 159 195 113 108 0 5 7 49 97 151
208 108 195 179 136 76 21 77 65 154 190 108 103 5 0 2 44 92 146
206 106 193 177 134 74 23 79 67 152 188 106 101 7 2 0 42 90 144
164 64 151 135 92 116 65 121 109 110 146 64 59 49 44 42 0 48 102
212 16 199 183 140 164 113 169 157 62 194 112 107 97 92 90 48 0 54
266 70 253 237 194 218 167 223 211 8 248 166 161 151 146 144 102 54 0
