0 308 319 337 305 289 129 232 300 103 225 258 270 166 88 69 174 130 144
308 0 295 385 163 337 299 280 276 273 83 234 318 142 258 239 222 178 164
319 295 0 396 292 348 310 291 103 284 212 61 329 153 269 250 233 189 175
337 385 396 0 382 86 328 221 377 302 302 335 67 243 287 268 163 207 221
305 163 292 382 0 334 296 277 273 270 80 231 315 139 255 236 219 175 161
289 337 348 86 334 0 280 173 329 254 254 287 19 195 239 220 115 159 173
129 299 310 328 296 280 0 223 291 56 216 249 261 157 41 60 165 121 135
232 280 291 221 277 173 223 0 272 197 197 230 154 138 182 163 58 102 116
300 276 103 377 273 329 291 272 0 265 193 42 310 134 250 231 214 170 156
103 273 284 302 270 254 56 197 265 0 190 223 235 131 15 34 139 95 109
225 83 212 302 80 254 216 197 193 190 0 151 235 59 175 156 139 95 81
258 234 61 335 231 287 249 230 42 223 151 0 268 92 208 189 172 128 114
270 318 329 67 315 19 261 154 310 235 235 268 0 176 220 201 96 140 154
166 142 153 243 139 195 157 138 134 131 59 92 176 0 116 97 80 36 22
88 258 269 287 255 239 41 182 250 15 175 208 220 116 0 19 124 80 94
69 239 250 268 236 220 60 163 231 34 156 189 201 97 19 0 105 61 75
174 222 233 163 219 115 165 58 214 139 139 172 96 80 124 105 0 44 58
130 178 189 207 175 159 121 102 170 95 95 128 140 36 80 61 44 0 14
144 164 175 221 161 173 135 116 156 109 81 114 154 22 94 75 58 14 0
