0 206 76 366 255 408 321 357 328 197 312 270 195 24 116 170 127 231 255
206 0 139 188 137 252 79 237 210 24 225 184 40 91 -27 5 38 89 127
76 139 0 298 224 365 227 312 303 130 288 278 206 32 128 77 108 197 250
366 188 298 0 265 250 283 58 210 258 200 13 214 272 134 180 151 27 58
255 137 224 265 0 318 53 378 322 181 336 289 74 219 120 146 111 154 261
408 252 365 250 318 0 336 199 36 280 46 188 293 305 259 243 189 105 160
321 79 227 283 53 336 0 272 311 142 289 268 78 200 66 123 144 187 258
357 237 312 58 378 199 272 0 170 211 178 54 218 300 188 180 221 140 112
328 210 303 210 322 36 311 170 0 241 26 174 279 297 230 210 169 68 130
197 24 130 258 181 280 142 211 241 0 245 208 57 98 62 33 37 156 148
312 225 288 200 336 46 289 178 26 245 0 146 246 304 169 210 171 66 103
270 184 278 13 289 188 268 54 174 208 146 0 219 189 153 180 116 19 20
195 40 206 214 74 293 78 218 279 57 246 219 0 145 6 40 64 143 218
24 91 32 272 219 305 200 300 297 98 304 189 145 0 62 60 73 169 231
116 -27 128 134 120 259 66 188 230 62 169 153 6 62 0 0 -2 47 160
170 5 77 180 146 243 123 180 210 33 210 180 40 60 0 0 3 80 80
127 38 108 151 111 189 144 221 169 37 171 116 64 73 -2 3 0 83 148
231 89 197 27 154 105 187 140 68 156 66 19 143 169 47 80 83 0 45
255 127 250 58 261 160 258 112 130 148 103 20 218 231 160 80 148 45 0
