0 313 245 294 332 83 261 356 254 426 291 9 349 239 164 82 280 265 180
313 0 394 77 115 378 410 139 403 209 74 304 132 388 313 231 63 48 133
245 394 0 375 413 310 178 437 171 507 372 236 430 156 81 163 361 346 261
294 77 375 0 44 359 391 90 384 160 3 285 83 369 294 212 14 29 114
332 115 413 44 0 397 429 128 422 198 41 323 121 407 332 250 52 67 152
83 378 310 359 397 0 326 421 319 491 356 74 414 304 229 147 345 330 245
261 410 178 391 429 326 0 453 37 523 388 252 446 22 97 179 377 362 277
356 139 437 90 128 421 453 0 446 84 87 347 7 431 356 274 76 91 176
254 403 171 384 422 319 37 446 0 516 381 245 439 15 90 172 370 355 270
426 209 507 160 198 491 523 84 516 0 157 417 77 501 426 344 146 161 246
291 74 372 3 41 356 388 87 381 157 0 282 80 366 291 209 11 26 111
9 304 236 285 323 74 252 347 245 417 282 0 340 230 155 73 271 256 171
349 132 430 83 121 414 446 7 439 77 80 340 0 424 349 267 69 84 169
239 388 156 369 407 304 22 431 15 501 366 230 424 0 75 157 355 340 255
164 313 81 294 332 229 97 356 90 426 291 155 349 75 0 82 280 265 180
82 231 163 212 250 147 179 274 172 344 209 73 267 157 82 0 198 183 98
280 63 361 14 52 345 377 76 370 146 11 271 69 355 280 198 0 15 100
265 48 346 29 67 330 362 91 355 161 26 256 84 340 265 183 15 0 85
180 133 261 114 152 245 277 176 270 246 111 171 169 255 180 98 100 85 0
