0 259 372 92 170 406 246 189 116 287 327 264 217 183 114 76 53 31 104
259 0 265 245 323 299 139 220 313 180 220 157 110 76 145 229 206 228 301
372 265 0 358 436 124 184 333 426 131 45 108 155 189 258 342 319 341 414
92 245 358 0 110 392 232 175 146 273 313 250 203 169 100 16 39 61 134
170 323 436 110 0 470 310 253 224 351 391 328 281 247 178 94 117 139 212
406 299 124 392 470 0 218 367 460 165 79 142 189 223 292 376 353 375 448
246 139 184 232 310 218 0 207 300 99 139 76 29 63 132 216 193 215 288
189 220 333 175 253 367 207 0 243 248 288 225 178 144 75 159 136 158 231
116 313 426 146 224 460 300 243 0 341 381 318 271 237 168 130 107 85 12
287 180 131 273 351 165 99 248 341 0 86 23 70 104 173 257 234 256 329
327 220 45 313 391 79 139 288 381 86 0 63 110 144 213 297 274 296 369
264 157 108 250 328 142 76 225 318 23 63 0 47 81 150 234 211 233 306
217 110 155 203 281 189 29 178 271 70 110 47 0 34 103 187 164 186 259
183 76 189 169 247 223 63 144 237 104 144 81 34 0 69 153 130 152 225
114 145 258 100 178 292 132 75 168 173 213 150 103 69 0 84 61 83 156
76 229 342 16 94 376 216 159 130 257 297 234 187 153 84 0 23 45 118
53 206 319 39 117 353 193 136 107 234 274 211 164 130 61 23 0 22 95
31 228 341 61 139 375 215 158 85 256 296 233 186 152 83 45 22 0 73
104 301 414 134 212 448 288 231 12 329 369 306 259 225 156 118 95 73 0
