0 384 339 129 448 222 527 377 232 187 440 183 104 87 364 334 178 284 190
384 0 55 339 264 250 343 193 442 397 256 393 314 297 180 50 206 100 194
339 55 0 294 219 205 298 148 397 352 211 348 269 252 135 5 161 55 149
129 339 294 0 403 177 482 332 153 108 395 104 25 42 319 289 133 239 145
448 264 219 403 0 314 95 97 506 461 8 457 378 361 84 214 270 164 258
222 250 205 177 314 0 393 243 280 235 306 231 152 135 230 200 44 150 56
527 343 298 482 95 393 0 176 585 540 87 536 457 440 163 293 349 243 337
377 193 148 332 97 243 176 0 435 390 89 386 307 290 13 143 199 93 187
232 442 397 153 506 280 585 435 0 53 498 49 128 145 422 392 236 342 248
187 397 352 108 461 235 540 390 53 0 453 4 83 100 377 347 191 297 203
440 256 211 395 8 306 87 89 498 453 0 449 370 353 76 206 262 156 250
183 393 348 104 457 231 536 386 49 4 449 0 79 96 373 343 187 293 199
104 314 269 25 378 152 457 307 128 83 370 79 0 17 294 264 108 214 120
87 297 252 42 361 135 440 290 145 100 353 96 17 0 277 247 91 197 103
364 180 135 319 84 230 163 13 422 377 76 373 294 277 0 130 186 80 174
334 50 5 289 214 200 293 143 392 347 206 343 264 247 130 0 156 50 144
178 206 161 133 270 44 349 199 236 191 262 187 108 91 186 156 0 106 12
284 100 55 239 164 150 243 93 342 297 156 293 214 197 80 50 106 0 94
190 194 149 145 258 56 337 187 248 203 250 199 120 103 174 144 12 94 0
