0 136 223 195 220 176 230 188 175 204 164 169 105 149 23 111 180 97 39
136 0 313 121 310 266 320 114 265 294 90 259 31 239 113 201 270 187 129
223 313 0 372 145 177 259 365 60 233 341 54 282 74 200 112 209 126 184
195 121 372 0 369 325 379 55 324 353 31 318 90 298 172 260 329 246 188
220 310 145 369 0 174 256 362 97 230 338 91 279 71 197 109 206 123 181
176 266 177 325 174 0 212 318 129 186 294 123 235 103 153 65 162 79 137
230 320 259 379 256 212 0 372 211 74 348 205 289 185 207 147 50 133 191
188 114 365 55 362 318 372 0 317 346 24 311 83 291 165 253 322 239 181
175 265 60 324 97 129 211 317 0 185 293 6 234 26 152 64 161 78 136
204 294 233 353 230 186 74 346 185 0 322 179 263 159 181 121 24 107 165
164 90 341 31 338 294 348 24 293 322 0 287 59 267 141 229 298 215 157
169 259 54 318 91 123 205 311 6 179 287 0 228 20 146 58 155 72 130
105 31 282 90 279 235 289 83 234 263 59 228 0 208 82 170 239 156 98
149 239 74 298 71 103 185 291 26 159 267 20 208 0 126 38 135 52 110
23 113 200 172 197 153 207 165 152 181 141 146 82 126 0 88 157 74 16
111 201 112 260 109 65 147 253 64 121 229 58 170 38 88 0 97 14 72
180 270 209 329 206 162 50 322 161 24 298 155 239 135 157 97 0 83 141
97 187 126 246 123 79 133 239 78 107 215 72 156 52 74 14 83 0 58
39 129 184 188 181 137 191 181 136 165 157 130 98 110 16 72 141 58 0
