0 138 216 201 208 216 239 220 192 219 138 195 130 178 23 102 150 43 78
138 0 324 132 263 265 337 157 286 277 65 273 20 210 123 166 280 167 116
216 324 0 382 144 204 239 364 68 254 327 64 286 36 194 132 186 148 172
201 132 382 0 366 306 403 74 344 332 44 331 82 382 182 247 352 201 160
208 263 144 366 0 166 264 383 77 210 362 48 292 83 180 127 215 174 206
216 265 204 306 166 0 250 322 153 118 257 77 202 129 161 95 169 77 138
239 337 239 403 264 250 0 355 144 31 367 232 307 172 195 137 69 160 187
220 157 364 74 383 322 355 0 326 340 31 346 110 299 154 242 352 220 197
192 286 68 344 77 153 144 326 0 180 304 -4 223 2 140 23 132 106 153
219 277 254 332 210 118 31 340 180 0 287 222 319 141 155 103 22 113 173
138 65 327 44 362 257 367 31 304 287 0 323 34 221 126 213 276 193 175
195 273 64 331 48 77 232 346 -4 222 323 0 237 10 150 66 181 83 164
130 20 286 82 292 202 307 110 223 319 34 237 0 235 36 212 244 90 115
178 210 36 382 83 129 172 299 2 141 221 10 235 0 106 57 136 55 144
23 123 194 182 180 161 195 154 140 155 126 150 36 106 0 130 200 68 15
102 166 132 247 127 95 137 242 23 103 213 66 212 57 130 0 103 16 73
150 280 186 352 215 169 69 352 132 22 276 181 244 136 200 103 0 84 159
43 167 148 201 174 77 160 220 106 113 193 83 90 55 68 16 84 0 55
78 116 172 160 206 138 187 197 153 173 175 164 115 144 15 73 159 55 0
