0 349 339 300 428 178 345 404 394 411 341 85 374 329 265 170 311 251 212
349 0 158 309 437 357 354 413 85 420 350 264 383 20 84 179 320 260 221
339 158 0 299 427 347 344 403 203 410 340 254 373 138 74 169 310 250 211
300 309 299 0 226 308 143 202 354 209 139 215 172 289 225 130 109 49 88
428 437 427 226 0 436 91 210 482 217 87 343 180 417 353 258 117 177 216
178 357 347 308 436 0 353 412 402 419 349 93 382 337 273 178 319 259 220
345 354 344 143 91 353 0 127 399 134 4 260 97 334 270 175 34 94 133
404 413 403 202 210 412 127 0 458 67 123 319 30 393 329 234 93 153 192
394 85 203 354 482 402 399 458 0 465 395 309 428 65 129 224 365 305 266
411 420 410 209 217 419 134 67 465 0 130 326 37 400 336 241 100 160 199
341 350 340 139 87 349 4 123 395 130 0 256 93 330 266 171 30 90 129
85 264 254 215 343 93 260 319 309 326 256 0 289 244 180 85 226 166 127
374 383 373 172 180 382 97 30 428 37 93 289 0 363 299 204 63 123 162
329 20 138 289 417 337 334 393 65 400 330 244 363 0 64 159 300 240 201
265 84 74 225 353 273 270 329 129 336 266 180 299 64 0 95 236 176 137
170 179 169 130 258 178 175 234 224 241 171 85 204 159 95 0 141 81 42
311 320 310 109 117 319 34 93 365 100 30 226 63 300 236 141 0 60 99
251 260 250 49 177 259 94 153 305 160 90 166 123 240 176 81 60 0 39
212 221 211 88 216 220 133 192 266 199 129 127 162 201 137 42 99 39 0
