0 304 91 221 176 91 257 79 261 328 41 147 83 298 30 232 176 34 111
304 0 335 465 420 327 97 315 213 36 277 391 327 6 274 72 128 270 193
91 335 0 146 101 122 288 110 292 359 72 72 8 329 61 263 207 65 142
221 465 146 0 103 252 418 240 422 489 202 74 138 459 191 393 337 195 272
176 420 101 103 0 207 373 195 377 444 157 29 93 414 146 348 292 150 227
91 327 122 252 207 0 280 88 284 351 50 178 114 321 61 255 199 57 134
257 97 288 418 373 280 0 268 166 121 230 344 280 91 227 25 81 223 146
79 315 110 240 195 88 268 0 272 339 38 166 102 309 49 243 187 45 122
261 213 292 422 377 284 166 272 0 237 234 348 284 207 231 141 85 227 150
328 36 359 489 444 351 121 339 237 0 301 415 351 30 298 96 152 294 217
41 277 72 202 157 50 230 38 234 301 0 128 64 271 11 205 149 7 84
147 391 72 74 29 178 344 166 348 415 128 0 64 385 117 319 263 121 198
83 327 8 138 93 114 280 102 284 351 64 64 0 321 53 255 199 57 134
298 6 329 459 414 321 91 309 207 30 271 385 321 0 268 66 122 264 187
30 274 61 191 146 61 227 49 231 298 11 117 53 268 0 202 146 4 81
232 72 263 393 348 255 25 243 141 96 205 319 255 66 202 0 56 198 121
176 128 207 337 292 199 81 187 85 152 149 263 199 122 146 56 0 142 65
34 270 65 195 150 57 223 45 227 294 7 121 57 264 4 198 142 0 77
111 193 142 272 227 134 146 122 150 217 84 198 134 187 81 121 65 77 0
