((object010:87.61380,object004:12.38620):33.22328,(((object019:42.71438,
object017:87.28562):136.48670,(((object015:50.66011,object014:101.33989):27.62570,
object012:2.75832):20.59299,object009:196.26340):46.92055):82.97233,
(((object016:38.43820,object008:60.56180):18.36421,(object006:57.66281,
object005:2.33719):126.69031):44.03540,((object002:66.26742,
object001:104.73258):12.11482,(object007:0.00000,(((object018:76.71949,
object013:53.28051):39.66453,object011:92.18056):81.81625,
object003:84.15063):82.82059):62.26631):137.75985):18.96769):86.16833,object000:19.79131);
