0 306 358 400 447 347 451 369 191 426 409 458 418 110 495 453 494 472 563 544
306 0 428 470 517 417 521 135 155 192 479 528 184 324 565 523 564 542 633 614
358 428 0 330 377 277 381 491 313 548 157 388 540 376 243 383 242 220 311 292
400 470 330 0 369 269 223 533 355 590 381 380 582 418 467 375 466 444 535 516
447 517 377 369 0 282 420 580 402 637 428 205 629 465 514 200 513 491 582 563
347 417 277 269 282 0 320 480 302 537 328 293 529 365 414 288 413 391 482 463
451 521 381 223 420 320 0 584 406 641 432 431 633 469 518 426 517 495 586 567
369 135 491 533 580 480 584 0 218 149 542 591 91 387 628 586 627 605 696 677
191 155 313 355 402 302 406 218 0 275 364 413 267 209 450 408 449 427 518 499
426 192 548 590 637 537 641 149 275 0 599 648 198 444 685 643 684 662 753 734
409 479 157 381 428 328 432 542 364 599 0 439 591 427 152 434 151 165 256 237
458 528 388 380 205 293 431 591 413 648 439 0 640 476 525 55 524 502 593 574
418 184 540 582 629 529 633 91 267 198 591 640 0 436 677 635 676 654 745 726
110 324 376 418 465 365 469 387 209 444 427 476 436 0 513 471 512 490 581 562
495 565 243 467 514 414 518 628 450 685 152 525 677 513 0 520 43 251 342 323
453 523 383 375 200 288 426 586 408 643 434 55 635 471 520 0 519 497 588 569
494 564 242 466 513 413 517 627 449 684 151 524 676 512 43 519 0 250 341 322
472 542 220 444 491 391 495 605 427 662 165 502 654 490 251 497 250 0 107 118
563 633 311 535 582 482 586 696 518 753 256 593 745 581 342 588 341 107 0 209
544 614 292 516 563 463 567 677 499 734 237 574 726 562 323 569 322 118 209 0
