0 570 359 341 347 422 309 170 331 520 354 259 222 221 380 461 475 320 421 296
570 0 443 321 741 238 703 564 415 142 334 653 616 615 360 441 869 714 505 690
359 443 0 214 530 295 492 353 100 393 227 442 405 404 253 334 658 503 120 479
341 321 214 0 512 173 474 335 186 271 39 424 387 386 87 168 640 485 276 461
347 741 530 512 0 593 230 277 502 691 525 180 329 328 551 632 582 85 592 403
422 238 295 173 593 0 555 416 267 188 186 505 468 467 212 293 721 566 357 542
309 703 492 474 230 555 0 239 464 653 487 110 291 290 513 594 544 203 554 365
170 564 353 335 277 416 239 0 325 514 348 189 148 73 374 455 401 250 415 148
331 415 100 186 502 267 464 325 0 365 199 414 377 376 225 306 630 475 162 451
520 142 393 271 691 188 653 514 365 0 284 603 566 565 310 391 819 664 455 640
354 334 227 39 525 186 487 348 199 284 0 437 400 399 100 181 653 498 289 474
259 653 442 424 180 505 110 189 414 603 437 0 241 240 463 544 494 153 504 315
222 616 405 387 329 468 291 148 377 566 400 241 0 199 426 507 347 302 467 274
221 615 404 386 328 467 290 73 376 565 399 240 199 0 425 506 452 301 466 161
380 360 253 87 551 212 513 374 225 310 100 463 426 425 0 147 679 524 315 500
461 441 334 168 632 293 594 455 306 391 181 544 507 506 147 0 760 605 396 581
475 869 658 640 582 721 544 401 630 819 653 494 347 452 679 760 0 555 720 527
320 714 503 485 85 566 203 250 475 664 498 153 302 301 524 605 555 0 565 376
421 505 120 276 592 357 554 415 162 455 289 504 467 466 315 396 720 565 0 541
296 690 479 461 403 542 365 148 451 640 474 315 274 161 500 581 527 376 541 0
