     20
object000 0 385 357 520 68 267 371 348 273 420 131 580 253 590 368 307 234 438 596 348
object001 385 0 171 377 383 395 478 192 379 602 464 455 409 456 572 541 341 563 422 526
object002 357 171 0 363 357 415 452 126 359 558 465 471 399 373 554 436 316 540 393 503
object003 520 377 363 0 543 582 613 149 457 727 622 249 529 270 691 607 448 661 282 666
object004 68 383 357 543 0 300 447 341 264 471 100 604 293 648 366 394 232 482 629 367
object005 267 395 415 582 300 0 60 386 231 558 420 604 324 630 468 415 189 508 646 475
object006 371 478 452 613 447 60 0 457 261 563 465 666 379 742 517 494 218 543 648 531
object007 348 192 126 149 341 386 457 0 326 559 415 242 356 306 483 460 310 518 314 506
object008 273 379 359 457 264 231 261 326 0 438 320 605 279 585 437 384 99 396 590 430
object009 420 602 558 727 471 558 563 559 438 0 505 814 231 759 315 304 492 454 802 438
object010 131 464 465 622 100 420 465 415 320 505 0 695 404 644 491 502 337 529 713 496
object011 580 455 471 249 604 604 666 242 605 814 695 0 640 173 763 737 514 807 230 750
object012 253 409 399 529 293 324 379 356 279 231 404 640 0 598 138 79 318 307 648 237
object013 590 456 373 270 648 630 742 306 585 759 644 173 598 0 751 699 545 777 130 705
object014 368 572 554 691 366 468 517 483 437 315 491 763 138 751 0 152 392 445 771 401
object015 307 541 436 607 394 415 494 460 384 304 502 737 79 699 152 0 376 357 669 314
object016 234 341 316 448 232 189 218 310 99 492 337 514 318 545 392 376 0 425 622 381
object017 438 563 540 661 482 508 543 518 396 454 529 807 307 777 445 357 425 0 805 130
object018 596 422 393 282 629 646 648 314 590 802 713 230 648 130 771 669 622 805 0 756
object019 348 526 503 666 367 475 531 506 430 438 496 750 237 705 401 314 381 130 756 0
