0 371 350 500 81 319 375 339 253 426 151 586 252 573 375 339 241 400 596 371
371 0 133 363 408 422 478 202 356 579 478 449 405 436 528 492 344 553 459 524
350 133 0 342 387 401 457 181 335 558 457 428 384 415 507 471 323 532 438 503
500 363 342 0 537 551 607 195 485 708 607 248 534 235 657 621 473 682 258 653
81 408 387 537 0 356 412 376 290 463 106 623 289 610 412 376 278 437 633 408
319 422 401 551 356 0 142 390 192 527 426 637 353 624 476 440 178 501 647 472
375 478 457 607 412 142 0 446 248 583 482 693 409 680 532 496 234 557 703 528
339 202 181 195 376 390 446 0 324 547 446 281 373 268 496 460 312 521 291 492
253 356 335 485 290 192 248 324 0 461 360 571 287 558 410 374 114 435 581 406
426 579 558 708 463 527 583 547 461 0 533 794 232 781 355 319 449 464 804 435
151 478 457 607 106 426 482 446 360 533 0 693 359 680 482 446 348 507 703 478
586 449 428 248 623 637 693 281 571 794 693 0 620 179 743 707 559 768 202 739
252 405 384 534 289 353 409 373 287 232 359 620 0 607 125 89 275 290 630 261
573 436 415 235 610 624 680 268 558 781 680 179 607 0 730 694 546 755 145 726
375 528 507 657 412 476 532 496 410 355 482 743 125 730 0 152 398 413 753 384
339 492 471 621 376 440 496 460 374 319 446 707 89 694 152 0 362 377 717 348
241 344 323 473 278 178 234 312 114 449 348 559 275 546 398 362 0 423 569 394
400 553 532 682 437 501 557 521 435 464 507 768 290 755 413 377 423 0 778 189
596 459 438 258 633 647 703 291 581 804 703 202 630 145 753 717 569 778 0 749
371 524 503 653 408 472 528 492 406 435 478 739 261 726 384 348 394 189 749 0
