0 140 475 439 406 448 474 488 333 379 392 410 280 265 501 290 428 550 427 538 411 135 172 367 347 388 417 294 434 358 331 316 340 165 229 163 329 192 275
140 0 460 410 359 439 421 442 320 405 413 425 263 220 449 249 377 502 437 526 462 88 198 349 368 412 355 276 468 347 367 293 339 147 196 213 326 287 248
475 460 0 460 162 569 102 301 378 446 493 315 435 383 265 251 213 565 186 576 499 395 341 464 154 45 460 413 334 153 108 380 209 298 372 253 123 223 184
439 410 460 0 412 224 546 524 281 293 163 427 366 309 531 287 388 185 430 192 119 283 274 45 438 439 176 76 454 402 349 195 393 277 179 203 377 301 287
406 359 162 412 0 488 136 264 363 405 442 188 378 342 216 223 8 544 35 585 455 335 267 370 -17 96 448 351 232 41 73 356 104 276 252 199 113 163 146
448 439 569 224 488 0 538 565 300 373 67 494 386 415 575 318 479 312 512 342 222 330 301 140 470 504 83 89 500 406 420 256 438 240 196 249 411 343 320
474 421 102 546 136 538 0 327 382 416 489 224 404 416 275 252 176 588 212 590 530 419 309 405 142 31 468 419 256 117 70 363 184 316 281 228 88 228 168
488 442 301 524 264 565 327 0 473 467 544 197 469 408 66 353 272 594 307 573 563 454 387 492 266 290 525 469 79 196 227 430 171 316 386 319 230 252 252
333 320 378 281 363 300 382 473 0 54 254 377 323 255 417 190 380 373 363 374 334 245 179 214 325 361 263 169 425 310 258 44 304 151 90 195 272 157 248
379 405 446 293 405 373 416 467 54 0 276 412 330 276 487 287 426 406 398 412 345 278 239 262 377 351 302 192 416 311 360 88 353 209 125 182 271 237 206
392 413 493 163 442 67 489 544 254 276 0 429 366 331 511 298 481 286 411 245 260 297 268 113 425 488 51 92 484 439 359 206 374 253 197 198 350 227 288
410 425 315 427 188 494 224 197 377 412 429 0 377 393 180 188 217 568 213 595 510 380 278 381 175 194 440 399 161 234 149 376 79 242 316 226 128 183 205
280 263 435 366 378 386 404 469 323 330 366 377 0 152 362 191 319 491 339 475 417 176 74 312 383 361 346 257 385 302 327 261 327 112 162 132 283 177 234
265 220 383 309 342 415 416 408 255 276 331 393 152 0 426 147 419 482 377 465 382 136 92 334 355 309 321 232 401 326 325 266 311 99 145 110 244 161 209
501 449 265 531 216 575 275 66 417 487 511 180 362 426 0 275 241 670 324 613 519 411 390 432 266 255 508 422 13 229 201 377 66 304 284 292 160 285 251
290 249 251 287 223 318 252 353 190 287 298 188 191 147 275 0 261 410 210 452 324 181 139 262 238 211 280 203 305 160 175 183 114 118 92 43 155 19 58
428 377 213 388 8 479 176 272 380 426 481 217 319 419 241 261 0 548 73 562 525 321 309 458 2 137 427 394 243 70 69 339 142 270 311 226 92 193 162
550 502 565 185 544 312 588 594 373 406 286 568 491 482 670 410 548 0 575 89 69 400 360 151 507 584 261 184 560 528 490 388 513 340 291 306 479 356 407
427 437 186 430 35 512 212 307 363 398 411 213 339 377 324 210 73 575 0 571 510 322 310 368 32 106 456 354 179 41 41 302 130 243 246 214 90 204 167
538 526 576 192 585 342 590 573 374 412 245 595 475 465 613 452 562 89 571 0 105 436 388 108 522 575 232 179 602 536 481 368 462 313 331 304 444 361 389
411 462 499 119 455 222 530 563 334 345 260 510 417 382 519 324 525 69 510 105 0 410 306 81 449 482 163 152 479 398 435 231 451 289 191 285 366 288 339
135 88 395 283 335 330 419 454 245 278 297 380 176 136 411 181 321 400 322 436 410 0 148 264 303 323 268 238 323 341 270 232 297 43 106 59 244 192 223
172 198 341 274 267 301 309 387 179 239 268 278 74 92 390 139 309 360 310 388 306 148 0 201 298 269 252 247 303 238 207 192 185 44 81 73 186 125 174
367 349 464 45 370 140 405 492 214 262 113 381 312 334 432 262 458 151 368 108 81 264 201 0 370 427 131 48 399 307 328 166 368 200 161 219 303 218 209
347 368 154 438 -17 470 142 266 325 377 425 175 383 355 266 238 2 507 32 522 449 303 298 370 0 126 424 355 157 30 45 321 108 232 272 158 93 215 119
388 412 45 439 96 504 31 290 361 351 488 194 361 309 255 211 137 584 106 575 482 323 269 427 126 0 417 352 196 95 55 344 117 249 267 244 48 204 142
417 355 460 176 448 83 468 525 263 302 51 440 346 321 508 280 427 261 456 232 163 268 252 131 424 417 0 49 459 405 347 230 359 236 133 199 334 241 291
294 276 413 76 351 89 419 469 169 192 92 399 257 232 422 203 394 184 354 179 152 238 247 48 355 352 49 0 356 284 321 134 321 146 73 169 253 215 257
434 468 334 454 232 500 256 79 425 416 484 161 385 401 13 305 243 560 179 602 479 323 303 399 157 196 459 356 0 157 165 352 112 245 274 259 75 193 198
358 347 153 402 41 406 117 196 310 311 439 234 302 326 229 160 70 528 41 536 398 341 238 307 30 95 405 284 157 0 2 322 119 246 247 194 62 150 95
331 367 108 349 73 420 70 227 258 360 359 149 327 325 201 175 69 490 41 481 435 270 207 328 45 55 347 321 165 2 0 311 38 159 212 205 -10 115 66
316 293 380 195 356 256 363 430 44 88 206 376 261 266 377 183 339 388 302 368 231 232 192 166 321 344 230 134 352 322 311 0 266 188 70 152 248 109 157
340 339 209 393 104 438 184 171 304 353 374 79 327 311 66 114 142 513 130 462 451 297 185 368 108 117 359 321 112 119 38 266 0 180 198 150 17 79 58
165 147 298 277 276 240 316 316 151 209 253 242 112 99 304 118 270 340 243 313 289 43 44 200 232 249 236 146 245 246 159 188 180 0 80 0 157 90 83
229 196 372 179 252 196 281 386 90 125 197 316 162 145 284 92 311 291 246 331 191 106 81 161 272 267 133 73 274 247 212 70 198 80 0 83 181 122 93
163 213 253 203 199 249 228 319 195 182 198 226 132 110 292 43 226 306 214 304 285 59 73 219 158 244 199 169 259 194 205 152 150 0 83 0 119 4 109
329 326 123 377 113 411 88 230 272 271 350 128 283 244 160 155 92 479 90 444 366 244 186 303 93 48 334 253 75 62 -10 248 17 157 181 119 0 101 33
192 287 223 301 163 343 228 252 157 237 227 183 177 161 285 19 193 356 204 361 288 192 125 218 215 204 241 215 193 150 115 109 79 90 122 4 101 0 69
275 248 184 287 146 320 168 252 248 206 288 205 234 209 251 58 162 407 167 389 339 223 174 209 119 142 291 257 198 95 66 157 58 83 93 109 33 69 0
