0 469 233 355 207 171 502 505 521 247 463 428 289 436 211 251 293 256 461 423 395 376 435 402 218 443 261 164 218 450 55 99 330 243 340 113 262 154 213
469 0 224 437 457 427 346 409 423 470 352 179 448 327 505 360 383 538 82 53 180 288 320 263 395 42 372 442 375 25 400 356 120 329 187 302 175 352 365
233 224 0 249 226 267 241 285 334 251 230 190 336 259 342 190 218 323 267 267 168 198 216 149 258 180 213 276 227 151 185 173 64 211 71 126 20 110 232
355 437 249 0 329 315 527 562 564 361 514 417 349 469 412 65 58 398 520 461 445 417 474 410 290 458 77 365 295 429 223 190 342 69 295 229 286 171 75
207 457 226 329 0 208 496 547 516 56 482 406 157 453 329 239 295 349 473 451 422 408 431 386 95 394 299 246 22 403 166 148 327 259 253 107 234 157 212
171 427 267 315 208 0 475 439 518 279 435 397 302 466 267 262 257 241 488 491 356 412 442 373 219 432 304 201 197 382 106 103 324 275 273 132 242 148 198
502 346 241 527 496 475 0 453 484 525 417 88 543 417 575 432 414 624 384 318 91 344 393 299 477 297 475 517 427 262 449 390 189 454 218 347 276 336 410
505 409 285 562 547 439 453 0 144 571 257 376 593 241 615 475 473 581 491 424 331 199 97 171 501 364 521 544 482 339 425 505 321 479 225 440 296 336 481
521 423 334 564 516 518 484 144 0 524 300 366 591 291 602 549 513 652 470 456 388 197 114 190 535 479 505 530 512 353 508 453 317 536 279 447 324 397 478
247 470 251 361 56 279 525 571 524 0 488 386 102 472 358 257 245 371 495 401 384 377 496 398 41 473 267 303 74 439 174 199 268 241 283 98 244 163 239
463 352 230 514 482 435 417 257 300 488 0 354 544 100 534 386 471 578 412 384 300 79 177 82 458 283 444 479 426 322 413 426 184 419 139 359 274 301 376
428 179 190 417 406 397 88 376 366 386 354 0 438 312 479 391 382 559 206 231 -7 262 334 238 341 217 350 435 356 195 319 303 94 320 129 302 149 275 389
289 448 336 349 157 302 543 593 591 102 544 438 0 515 357 312 304 406 546 490 443 449 515 367 122 452 302 360 64 477 235 211 374 278 353 171 314 147 336
436 327 259 469 453 466 417 241 291 472 100 312 515 0 549 417 395 567 404 341 294 108 156 102 382 334 434 460 424 340 410 360 212 429 130 320 236 293 410
211 505 342 412 329 267 575 615 602 358 534 479 357 549 0 285 325 154 572 511 412 463 554 454 350 500 333 27 245 469 136 188 343 293 381 252 283 227 311
251 360 190 65 239 262 432 475 549 257 386 391 312 417 285 0 6 386 450 409 347 335 454 341 262 418 29 297 224 364 199 210 245 -25 230 126 256 71 18
293 383 218 58 295 257 414 473 513 245 471 382 304 395 325 6 0 391 463 440 365 341 448 348 243 379 -2 283 231 384 173 191 290 19 225 147 184 116 10
256 538 323 398 349 241 624 581 652 371 578 559 406 567 154 386 391 0 648 527 483 459 583 438 300 522 347 89 325 524 148 131 433 368 368 269 339 319 345
461 82 267 520 473 488 384 491 470 495 412 206 546 404 572 450 463 648 0 86 271 359 420 325 446 16 443 483 442 46 412 390 220 417 180 329 292 324 434
423 53 267 461 451 491 318 424 456 401 384 231 490 341 511 409 440 527 86 0 246 286 347 292 423 -1 421 488 377 46 423 350 132 389 192 354 238 307 388
395 180 168 445 422 356 91 331 388 384 300 -7 443 294 412 347 365 483 271 246 0 257 317 156 384 183 388 366 341 147 320 307 48 308 163 226 212 218 345
376 288 198 417 408 412 344 199 197 377 79 262 449 108 463 335 341 459 359 286 257 0 74 5 371 250 411 386 348 267 295 316 122 305 100 245 184 244 324
435 320 216 474 431 442 393 97 114 496 177 334 515 156 554 454 448 583 420 347 317 74 0 85 415 311 419 520 436 291 366 353 212 380 210 341 216 293 430
402 263 149 410 386 373 299 171 190 398 82 238 367 102 454 341 348 438 325 292 156 5 85 0 319 238 334 381 317 245 308 261 132 322 141 261 134 161 311
218 395 258 290 95 219 477 501 535 41 458 341 122 382 350 262 243 300 446 423 384 371 415 319 0 390 258 223 31 360 115 72 287 188 234 33 211 86 223
443 42 180 458 394 432 297 364 479 473 283 217 452 334 500 418 379 522 16 -1 183 250 311 238 390 0 416 447 394 32 348 381 141 404 160 267 202 270 322
261 372 213 77 299 304 475 521 505 267 444 350 302 434 333 29 -2 347 443 421 388 411 419 334 258 416 0 350 233 402 232 172 279 -6 203 136 202 117 44
164 442 276 365 246 201 517 544 530 303 479 435 360 460 27 297 283 89 483 488 366 386 520 381 223 447 350 0 209 378 79 97 321 280 290 163 271 132 269
218 375 227 295 22 197 427 482 512 74 426 356 64 424 245 224 231 325 442 377 341 348 436 317 31 394 233 209 0 385 130 102 225 227 221 50 211 137 210
450 25 151 429 403 382 262 339 353 439 322 195 477 340 469 364 384 524 46 46 147 267 291 245 360 32 402 378 385 0 338 301 106 335 138 287 169 264 340
55 400 185 223 166 106 449 425 508 174 413 319 235 410 136 199 173 148 412 423 320 295 366 308 115 348 232 79 130 338 0 -9 221 178 213 44 189 82 142
99 356 173 190 148 103 390 505 453 199 426 303 211 360 188 210 191 131 390 350 307 316 353 261 72 381 172 97 102 301 -9 0 184 143 211 66 137 82 129
330 120 64 342 327 324 189 321 317 268 184 94 374 212 343 245 290 433 220 132 48 122 212 132 287 141 279 321 225 106 221 184 0 210 55 191 118 181 210
243 329 211 69 259 275 454 479 536 241 419 320 278 429 293 -25 19 368 417 389 308 305 380 322 188 404 -6 280 227 335 178 143 210 0 224 98 136 84 -19
340 187 71 295 253 273 218 225 279 283 139 129 353 130 381 230 225 368 180 192 163 100 210 141 234 160 203 290 221 138 213 211 55 224 0 130 44 140 217
113 302 126 229 107 132 347 440 447 98 359 302 171 320 252 126 147 269 329 354 226 245 341 261 33 267 136 163 50 287 44 66 191 98 130 0 112 -37 106
262 175 20 286 234 242 276 296 324 244 274 149 314 236 283 256 184 339 292 238 212 184 216 134 211 202 202 271 211 169 189 137 118 136 44 112 0 38 162
154 352 110 171 157 148 336 336 397 163 301 275 147 293 227 71 116 319 324 307 218 244 293 161 86 270 117 132 137 264 82 82 181 84 140 -37 38 0 94
213 365 232 75 212 198 410 481 478 239 376 389 336 410 311 18 10 345 434 388 345 324 430 311 223 322 44 269 210 340 142 129 210 -19 217 106 162 94 0
