0 470 365 476 236 148 547 607 646 645 592 500 330 101 125 312 413 603 392 552 472 560 560 478 294 508 398 53 197 434 48 123 407 304 384 167 302 256 290
470 0 231 434 372 372 203 309 348 347 294 156 466 475 499 270 371 205 528 154 128 262 262 180 430 110 356 427 333 36 422 347 63 262 86 303 168 214 248
365 231 0 329 267 267 308 368 407 406 353 261 361 370 394 165 266 364 423 313 233 321 321 239 325 269 251 322 228 195 317 242 168 157 145 198 63 109 143
476 434 329 0 378 378 511 571 610 609 556 464 472 481 505 180 93 567 534 516 436 524 524 442 436 472 78 433 339 398 428 353 371 172 348 309 266 220 186
236 372 267 378 0 138 449 509 548 547 494 402 172 241 265 214 315 505 234 454 374 462 462 380 136 410 300 193 39 336 188 113 309 206 286 69 204 158 192
148 372 267 378 138 0 449 509 548 547 494 402 232 153 177 214 315 505 294 454 374 462 462 380 196 410 300 105 99 336 100 25 309 206 286 69 204 158 192
547 203 308 511 449 449 0 386 425 424 371 103 543 552 576 347 448 336 605 285 75 339 339 257 507 241 433 504 410 167 499 424 140 339 163 380 245 291 325
607 309 368 571 509 509 386 0 133 296 243 339 603 612 636 407 508 442 665 391 311 211 47 129 567 347 493 564 470 273 559 484 246 399 223 440 305 351 385
646 348 407 610 548 548 425 133 0 335 282 378 642 651 675 446 547 481 704 430 350 250 86 168 606 386 532 603 509 312 598 523 285 438 262 479 344 390 424
645 347 406 609 547 547 424 296 335 0 117 377 641 650 674 445 546 480 703 429 349 85 249 167 605 385 531 602 508 311 597 522 284 437 261 478 343 389 423
592 294 353 556 494 494 371 243 282 117 0 324 588 597 621 392 493 427 650 376 296 32 196 114 552 332 478 549 455 258 544 469 231 384 208 425 290 336 370
500 156 261 464 402 402 103 339 378 377 324 0 496 505 529 300 401 289 558 238 28 292 292 210 460 194 386 457 363 120 452 377 93 292 116 333 198 244 278
330 466 361 472 172 232 543 603 642 641 588 496 0 335 359 308 409 599 134 548 468 556 556 474 36 504 394 287 133 430 282 207 403 300 380 163 298 252 286
101 475 370 481 241 153 552 612 651 650 597 505 335 0 120 317 418 608 397 557 477 565 565 483 299 513 403 48 202 439 53 128 412 309 389 172 307 261 295
125 499 394 505 265 177 576 636 675 674 621 529 359 120 0 341 442 632 421 581 501 589 589 507 323 537 427 72 226 463 77 152 436 333 413 196 331 285 319
312 270 165 180 214 214 347 407 446 445 392 300 308 317 341 0 117 403 370 352 272 360 360 278 272 308 102 269 175 234 264 189 207 8 184 145 102 56 22
413 371 266 93 315 315 448 508 547 546 493 401 409 418 442 117 0 504 471 453 373 461 461 379 373 409 15 370 276 335 365 290 308 109 285 246 203 157 123
603 205 364 567 505 505 336 442 481 480 427 289 599 608 632 403 504 0 661 139 261 395 395 313 563 95 489 560 466 169 555 480 196 395 219 436 301 347 381
392 528 423 534 234 294 605 665 704 703 650 558 134 397 421 370 471 661 0 610 530 618 618 536 98 566 456 349 195 492 344 269 465 362 442 225 360 314 348
552 154 313 516 454 454 285 391 430 429 376 238 548 557 581 352 453 139 610 0 210 344 344 262 512 44 438 509 415 118 504 429 145 344 168 385 250 296 330
472 128 233 436 374 374 75 311 350 349 296 28 468 477 501 272 373 261 530 210 0 264 264 182 432 166 358 429 335 92 424 349 65 264 88 305 170 216 250
560 262 321 524 462 462 339 211 250 85 32 292 556 565 589 360 461 395 618 344 264 0 164 82 520 300 446 517 423 226 512 437 199 352 176 393 258 304 338
560 262 321 524 462 462 339 47 86 249 196 292 556 565 589 360 461 395 618 344 264 164 0 82 520 300 446 517 423 226 512 437 199 352 176 393 258 304 338
478 180 239 442 380 380 257 129 168 167 114 210 474 483 507 278 379 313 536 262 182 82 82 0 438 218 364 435 341 144 430 355 117 270 94 311 176 222 256
294 430 325 436 136 196 507 567 606 605 552 460 36 299 323 272 373 563 98 512 432 520 520 438 0 468 358 251 97 394 246 171 367 264 344 127 262 216 250
508 110 269 472 410 410 241 347 386 385 332 194 504 513 537 308 409 95 566 44 166 300 300 218 468 0 394 465 371 74 460 385 101 300 124 341 206 252 286
398 356 251 78 300 300 433 493 532 531 478 386 394 403 427 102 15 489 456 438 358 446 446 364 358 394 0 355 261 320 350 275 293 94 270 231 188 142 108
53 427 322 433 193 105 504 564 603 602 549 457 287 48 72 269 370 560 349 509 429 517 517 435 251 465 355 0 154 391 5 80 364 261 341 124 259 213 247
197 333 228 339 39 99 410 470 509 508 455 363 133 202 226 175 276 466 195 415 335 423 423 341 97 371 261 154 0 297 149 74 270 167 247 30 165 119 153
434 36 195 398 336 336 167 273 312 311 258 120 430 439 463 234 335 169 492 118 92 226 226 144 394 74 320 391 297 0 386 311 27 226 50 267 132 178 212
48 422 317 428 188 100 499 559 598 597 544 452 282 53 77 264 365 555 344 504 424 512 512 430 246 460 350 5 149 386 0 75 359 256 336 119 254 208 242
123 347 242 353 113 25 424 484 523 522 469 377 207 128 152 189 290 480 269 429 349 437 437 355 171 385 275 80 74 311 75 0 284 181 261 44 179 133 167
407 63 168 371 309 309 140 246 285 284 231 93 403 412 436 207 308 196 465 145 65 199 199 117 367 101 293 364 270 27 359 284 0 199 23 240 105 151 185
304 262 157 172 206 206 339 399 438 437 384 292 300 309 333 8 109 395 362 344 264 352 352 270 264 300 94 261 167 226 256 181 199 0 176 137 94 48 14
384 86 145 348 286 286 163 223 262 261 208 116 380 389 413 184 285 219 442 168 88 176 176 94 344 124 270 341 247 50 336 261 23 176 0 217 82 128 162
167 303 198 309 69 69 380 440 479 478 425 333 163 172 196 145 246 436 225 385 305 393 393 311 127 341 231 124 30 267 119 44 240 137 217 0 135 89 123
302 168 63 266 204 204 245 305 344 343 290 198 298 307 331 102 203 301 360 250 170 258 258 176 262 206 188 259 165 132 254 179 105 94 82 135 0 46 80
256 214 109 220 158 158 291 351 390 389 336 244 252 261 285 56 157 347 314 296 216 304 304 222 216 252 142 213 119 178 208 133 151 48 128 89 46 0 34
290 248 143 186 192 192 325 385 424 423 370 278 286 295 319 22 123 381 348 330 250 338 338 256 250 286 108 247 153 212 242 167 185 14 162 123 80 34 0
