0 364 260 284 530 447 362 282 455 310 536 576 595 264 110 402 495 143 604 427 195 234 287 228 515 108 406 504 457 66 471 437 136 373 196 393 257 316 345
364 0 232 376 502 419 152 190 427 218 508 548 567 356 342 374 467 375 576 399 287 142 77 136 487 340 378 476 429 298 443 409 228 345 168 365 229 288 317
260 232 0 272 276 193 230 150 201 178 282 322 341 252 238 148 241 271 350 173 183 102 155 96 261 236 152 250 203 194 217 183 124 119 64 139 3 62 91
284 376 272 0 542 459 374 294 467 322 548 588 607 158 262 414 507 295 616 439 89 246 299 240 527 260 418 516 469 218 483 449 148 385 208 405 269 328 357
530 502 276 542 0 191 500 420 353 448 280 320 211 522 508 300 239 541 220 325 453 372 425 366 131 506 304 248 73 464 215 181 394 271 334 137 273 214 243
447 419 193 459 191 0 417 337 270 365 109 149 256 439 425 217 68 458 265 242 370 289 342 283 176 423 221 77 118 381 44 10 311 188 251 54 190 131 160
362 152 230 374 500 417 0 188 425 216 506 546 565 354 340 372 465 373 574 397 285 140 75 134 485 338 376 474 427 296 441 407 226 343 166 363 227 286 315
282 190 150 294 420 337 188 0 345 124 426 466 485 274 260 292 385 293 494 317 205 48 113 54 405 258 296 394 347 216 361 327 146 263 86 283 147 206 235
455 427 201 467 353 270 425 345 0 373 359 399 418 447 433 111 318 466 427 70 378 297 350 291 338 431 49 327 280 389 294 260 319 82 259 216 198 139 110
310 218 178 322 448 365 216 124 373 0 454 494 513 302 288 320 413 321 522 345 233 76 141 82 433 286 324 422 375 244 389 355 174 291 114 311 175 234 263
536 508 282 548 280 109 506 426 359 454 0 104 345 528 514 306 89 547 354 331 459 378 431 372 265 512 310 32 207 470 65 99 400 277 340 143 279 220 249
576 548 322 588 320 149 546 466 399 494 104 0 385 568 554 346 129 587 394 371 499 418 471 412 305 552 350 72 247 510 105 139 440 317 380 183 319 260 289
595 567 341 607 211 256 565 485 418 513 345 385 0 587 573 365 304 606 169 390 518 437 490 431 80 571 369 313 138 529 280 246 459 336 399 202 338 279 308
264 356 252 158 522 439 354 274 447 302 528 568 587 0 242 394 487 275 596 419 69 226 279 220 507 240 398 496 449 198 463 429 128 365 188 385 249 308 337
110 342 238 262 508 425 340 260 433 288 514 554 573 242 0 380 473 37 582 405 173 212 265 206 493 2 384 482 435 44 449 415 114 351 174 371 235 294 323
402 374 148 414 300 217 372 292 111 320 306 346 365 394 380 0 265 413 374 83 325 244 297 238 285 378 62 274 227 336 241 207 266 29 206 163 145 86 57
495 467 241 507 239 68 465 385 318 413 89 129 304 487 473 265 0 506 313 290 418 337 390 331 224 471 269 57 166 429 24 58 359 236 299 102 238 179 208
143 375 271 295 541 458 373 293 466 321 547 587 606 275 37 413 506 0 615 438 206 245 298 239 526 35 417 515 468 77 482 448 147 384 207 404 268 327 356
604 576 350 616 220 265 574 494 427 522 354 394 169 596 582 374 313 615 0 399 527 446 499 440 89 580 378 322 147 538 289 255 468 345 408 211 347 288 317
427 399 173 439 325 242 397 317 70 345 331 371 390 419 405 83 290 438 399 0 350 269 322 263 310 403 21 299 252 361 266 232 291 54 231 188 170 111 82
195 287 183 89 453 370 285 205 378 233 459 499 518 69 173 325 418 206 527 350 0 157 210 151 438 171 329 427 380 129 394 360 59 296 119 316 180 239 268
234 142 102 246 372 289 140 48 297 76 378 418 437 226 212 244 337 245 446 269 157 0 65 6 357 210 248 346 299 168 313 279 98 215 38 235 99 158 187
287 77 155 299 425 342 75 113 350 141 431 471 490 279 265 297 390 298 499 322 210 65 0 59 410 263 301 399 352 221 366 332 151 268 91 288 152 211 240
228 136 96 240 366 283 134 54 291 82 372 412 431 220 206 238 331 239 440 263 151 6 59 0 351 204 242 340 293 162 307 273 92 209 32 229 93 152 181
515 487 261 527 131 176 485 405 338 433 265 305 80 507 493 285 224 526 89 310 438 357 410 351 0 491 289 233 58 449 200 166 379 256 319 122 258 199 228
108 340 236 260 506 423 338 258 431 286 512 552 571 240 2 378 471 35 580 403 171 210 263 204 491 0 382 480 433 42 447 413 112 349 172 369 233 292 321
406 378 152 418 304 221 376 296 49 324 310 350 369 398 384 62 269 417 378 21 329 248 301 242 289 382 0 278 231 340 245 211 270 33 210 167 149 90 61
504 476 250 516 248 77 474 394 327 422 32 72 313 496 482 274 57 515 322 299 427 346 399 340 233 480 278 0 175 438 33 67 368 245 308 111 247 188 217
457 429 203 469 73 118 427 347 280 375 207 247 138 449 435 227 166 468 147 252 380 299 352 293 58 433 231 175 0 391 142 108 321 198 261 64 200 141 170
66 298 194 218 464 381 296 216 389 244 470 510 529 198 44 336 429 77 538 361 129 168 221 162 449 42 340 438 391 0 405 371 70 307 130 327 191 250 279
471 443 217 483 215 44 441 361 294 389 65 105 280 463 449 241 24 482 289 266 394 313 366 307 200 447 245 33 142 405 0 34 335 212 275 78 214 155 184
437 409 183 449 181 10 407 327 260 355 99 139 246 429 415 207 58 448 255 232 360 279 332 273 166 413 211 67 108 371 34 0 301 178 241 44 180 121 150
136 228 124 148 394 311 226 146 319 174 400 440 459 128 114 266 359 147 468 291 59 98 151 92 379 112 270 368 321 70 335 301 0 237 60 257 121 180 209
373 345 119 385 271 188 343 263 82 291 277 317 336 365 351 29 236 384 345 54 296 215 268 209 256 349 33 245 198 307 212 178 237 0 177 134 116 57 28
196 168 64 208 334 251 166 86 259 114 340 380 399 188 174 206 299 207 408 231 119 38 91 32 319 172 210 308 261 130 275 241 60 177 0 197 61 120 149
393 365 139 405 137 54 363 283 216 311 143 183 202 385 371 163 102 404 211 188 316 235 288 229 122 369 167 111 64 327 78 44 257 134 197 0 136 77 106
257 229 3 269 273 190 227 147 198 175 279 319 338 249 235 145 238 268 347 170 180 99 152 93 258 233 149 247 200 191 214 180 121 116 61 136 0 59 88
316 288 62 328 214 131 286 206 139 234 220 260 279 308 294 86 179 327 288 111 239 158 211 152 199 292 90 188 141 250 155 121 180 57 120 77 59 0 29
345 317 91 357 243 160 315 235 110 263 249 289 308 337 323 57 208 356 317 82 268 187 240 181 228 321 61 217 170 279 184 150 209 28 149 106 88 29 0
