0 168 177 206 426 503 515 205 631 386 473 489 388 537 322 432 382 313 318 404 393 143 386 532 255 379 413 441 391 185 326 100 112 92 365 339 184 213 349
168 0 191 66 329 338 358 189 502 249 274 373 266 409 316 244 231 296 330 300 283 8 282 403 225 272 321 335 242 240 260 154 134 71 202 170 -16 104 145
177 191 0 210 437 479 489 211 664 339 418 482 403 520 303 411 375 305 297 410 397 176 385 573 222 390 432 448 364 183 366 139 55 68 317 304 157 268 301
206 66 210 0 313 406 381 176 482 259 324 419 248 455 328 302 217 341 321 299 294 56 285 437 288 275 261 384 288 279 265 167 144 98 191 215 32 110 246
426 329 437 313 0 224 106 415 273 332 173 136 85 180 556 147 376 563 589 122 24 252 88 204 474 103 176 97 33 467 56 372 387 321 79 213 230 159 119
503 338 479 406 224 0 250 511 490 433 119 321 218 397 645 212 423 643 658 250 217 341 171 375 593 234 72 296 197 525 172 459 350 413 152 414 402 265 213
515 358 489 381 106 250 0 495 373 442 231 194 255 233 631 235 439 627 648 212 85 354 159 304 596 210 220 223 69 486 123 454 374 401 158 405 364 244 187
205 189 211 176 415 511 495 0 665 395 443 467 452 585 174 461 374 158 221 455 492 159 452 578 154 410 453 524 372 70 362 32 79 135 324 315 104 280 323
631 502 664 482 273 490 373 665 0 537 352 218 390 70 733 329 520 774 776 400 269 479 318 79 732 313 385 139 277 674 250 642 504 502 307 473 457 426 290
386 249 339 259 332 433 442 395 537 0 357 483 375 452 524 356 93 522 566 352 348 196 316 496 420 312 367 427 319 407 292 344 296 289 258 63 193 111 246
473 274 418 324 173 119 231 443 352 357 0 242 138 257 587 174 375 572 553 199 152 268 115 285 511 128 15 279 154 455 66 430 401 332 94 288 263 233 108
489 373 482 419 136 321 194 467 218 483 242 0 194 128 625 226 435 624 689 207 165 341 191 110 564 184 282 78 122 528 163 452 429 403 142 392 361 298 140
388 266 403 248 85 218 255 452 390 375 138 194 0 291 532 82 305 514 595 80 146 245 63 288 503 9 130 173 82 476 88 394 322 341 107 266 289 193 106
537 409 520 455 180 397 233 585 70 452 257 128 291 0 669 267 495 729 691 286 191 386 215 2 598 246 349 57 203 606 186 553 475 424 232 404 447 314 243
322 316 303 328 556 645 631 174 733 524 587 625 532 669 0 543 504 182 183 550 545 331 507 696 139 518 566 659 575 135 501 192 173 213 481 446 297 383 423
432 244 411 302 147 212 235 461 329 356 174 226 82 267 543 0 356 542 541 70 84 229 24 216 490 -14 139 194 86 449 89 423 274 321 84 282 234 184 58
382 231 375 217 376 423 439 374 520 93 375 435 305 495 504 356 0 494 516 351 363 211 241 475 390 337 386 394 321 423 252 340 276 266 238 99 192 136 243
313 296 305 341 563 643 627 158 774 522 572 624 514 729 182 542 494 0 126 587 542 272 534 675 57 513 577 605 495 80 458 200 223 246 516 438 259 387 429
318 330 297 321 589 658 648 221 776 566 553 689 595 691 183 541 516 126 0 595 546 319 559 778 86 513 592 596 522 98 508 182 243 215 486 452 316 383 452
404 300 410 299 122 250 212 455 400 352 199 207 80 286 550 70 351 587 595 0 145 272 39 275 448 97 198 130 103 482 84 427 367 343 61 340 295 212 84
393 283 397 294 24 217 85 492 269 348 152 165 146 191 545 84 363 542 546 145 0 272 140 200 461 61 150 76 33 464 49 440 328 347 77 294 253 193 79
143 8 176 56 252 341 354 159 479 196 268 341 245 386 331 229 211 272 319 272 272 0 237 426 211 249 308 344 210 206 230 117 57 155 255 137 64 102 168
386 282 385 285 88 171 159 452 318 316 115 191 63 215 507 24 241 534 559 39 140 237 0 263 456 -30 174 122 35 422 0 381 308 273 16 249 180 174 74
532 403 573 437 204 375 304 578 79 496 285 110 288 2 696 216 475 675 778 275 200 426 263 0 645 207 308 101 191 610 212 504 478 461 233 450 411 323 243
255 225 222 288 474 593 596 154 732 420 511 564 503 598 139 490 390 57 86 448 461 211 456 645 0 445 504 549 417 50 447 90 116 127 457 374 229 295 412
379 272 390 275 103 234 210 410 313 312 128 184 9 246 518 -14 337 513 513 97 61 249 -30 207 445 0 174 163 65 439 60 393 333 316 13 229 189 155 25
413 321 432 261 176 72 220 453 385 367 15 282 130 349 566 139 386 577 592 198 150 308 174 308 504 174 0 207 123 456 79 372 335 298 90 264 264 146 82
441 335 448 384 97 296 223 524 139 427 279 78 173 57 659 194 394 605 596 130 76 344 122 101 549 163 207 0 79 566 100 408 381 399 135 357 363 228 172
391 242 364 288 33 197 69 372 277 319 154 122 82 203 575 86 321 495 522 103 33 210 35 191 417 65 123 79 0 431 -19 358 332 318 37 225 180 131 109
185 240 183 279 467 525 486 70 674 407 455 528 476 606 135 449 423 80 98 482 464 206 422 610 50 439 456 566 431 0 400 86 103 138 373 349 247 282 345
326 260 366 265 56 172 123 362 250 292 66 163 88 186 501 89 252 458 508 84 49 230 0 212 447 60 79 100 -19 400 0 321 228 214 -10 216 182 152 -26
100 154 139 167 372 459 454 32 642 344 430 452 394 553 192 423 340 200 182 427 440 117 381 504 90 393 372 408 358 86 321 0 35 14 328 301 123 179 263
112 134 55 144 387 350 374 79 504 296 401 429 322 475 173 274 276 223 243 367 328 57 308 478 116 333 335 381 332 103 228 35 0 -40 267 203 54 167 246
92 71 68 98 321 413 401 135 502 289 332 403 341 424 213 321 266 246 215 343 347 155 273 461 127 316 298 399 318 138 214 14 -40 0 221 300 47 108 194
365 202 317 191 79 152 158 324 307 258 94 142 107 232 481 84 238 516 486 61 77 255 16 233 457 13 90 135 37 373 -10 328 267 221 0 268 180 116 27
339 170 304 215 213 414 405 315 473 63 288 392 266 404 446 282 99 438 452 340 294 137 249 450 374 229 264 357 225 349 216 301 203 300 268 0 175 98 219
184 -16 157 32 230 402 364 104 457 193 263 361 289 447 297 234 192 259 316 295 253 64 180 411 229 189 264 363 180 247 182 123 54 47 180 175 0 95 140
213 104 268 110 159 265 244 280 426 111 233 298 193 314 383 184 136 387 383 212 193 102 174 323 295 155 146 228 131 282 152 179 167 108 116 98 95 0 90
349 145 301 246 119 213 187 323 290 246 108 140 106 243 423 58 243 429 452 84 79 168 74 243 412 25 82 172 109 345 -26 263 246 194 27 219 140 90 0
