0 321 365 59 638 367 431 502 198 490 432 573 552 180 101 407 596 603 476 544 580 540 34 457 89 334 539 481 384 307 100 478 404 273 266 317 97 249 162
321 0 154 312 461 142 254 209 325 313 255 396 375 307 244 230 419 426 183 251 403 363 287 164 232 157 362 304 91 14 227 301 227 48 55 140 224 72 159
365 154 0 356 505 200 298 335 369 357 299 440 419 351 288 274 463 470 309 377 447 407 331 290 276 201 406 348 217 140 271 345 271 106 99 184 268 116 203
59 312 356 0 629 358 422 493 189 481 423 564 543 171 92 398 587 594 467 535 571 531 25 448 80 325 530 472 375 298 91 469 395 264 257 308 88 240 153
638 461 505 629 0 507 261 642 642 172 436 255 112 624 561 411 156 163 616 684 140 100 604 597 549 338 99 163 524 447 544 160 234 413 406 321 541 389 476
367 142 200 358 507 0 300 323 371 359 301 442 421 353 290 276 465 472 297 365 449 409 333 278 278 203 408 350 205 128 273 347 273 94 101 186 270 118 205
431 254 298 422 261 300 0 435 435 113 229 196 175 417 354 204 219 226 409 477 203 163 397 390 342 131 162 104 317 240 337 101 27 206 199 114 334 182 269
502 209 335 493 642 323 435 0 506 494 436 577 556 488 425 411 600 607 210 132 584 544 468 45 413 338 543 485 118 195 408 482 408 229 236 321 405 253 340
198 325 369 189 642 371 435 506 0 494 436 577 556 178 121 411 600 607 480 548 584 544 164 461 109 338 543 485 388 311 98 482 408 277 270 321 101 253 166
490 313 357 481 172 359 113 494 494 0 288 101 86 476 413 263 130 137 468 536 114 74 456 449 401 190 73 9 376 299 396 12 86 265 258 173 393 241 328
432 255 299 423 436 301 229 436 436 288 0 371 350 418 355 171 394 401 410 478 378 338 398 391 343 98 337 279 318 241 338 276 202 207 200 115 335 183 270
573 396 440 564 255 442 196 577 577 101 371 0 169 559 496 346 213 220 551 619 197 157 539 532 484 273 156 92 459 382 479 95 169 348 341 256 476 324 411
552 375 419 543 112 421 175 556 556 86 350 169 0 538 475 325 68 75 530 598 52 12 518 511 463 252 13 77 438 361 458 74 148 327 320 235 455 303 390
180 307 351 171 624 353 417 488 178 476 418 559 538 0 103 393 582 589 462 530 566 526 146 443 91 320 525 467 370 293 80 464 390 259 252 303 83 235 148
101 244 288 92 561 290 354 425 121 413 355 496 475 103 0 330 519 526 399 467 503 463 67 380 12 257 462 404 307 230 23 401 327 196 189 240 20 172 85
407 230 274 398 411 276 204 411 411 263 171 346 325 393 330 0 369 376 385 453 353 313 373 366 318 73 312 254 293 216 313 251 177 182 175 90 310 158 245
596 419 463 587 156 465 219 600 600 130 394 213 68 582 519 369 0 39 574 642 16 56 562 555 507 296 57 121 482 405 502 118 192 371 364 279 499 347 434
603 426 470 594 163 472 226 607 607 137 401 220 75 589 526 376 39 0 581 649 23 63 569 562 514 303 64 128 489 412 509 125 199 378 371 286 506 354 441
476 183 309 467 616 297 409 210 480 468 410 551 530 462 399 385 574 581 0 252 558 518 442 165 387 312 517 459 92 169 382 456 382 203 210 295 379 227 314
544 251 377 535 684 365 477 132 548 536 478 619 598 530 467 453 642 649 252 0 626 586 510 87 455 380 585 527 160 237 450 524 450 271 278 363 447 295 382
580 403 447 571 140 449 203 584 584 114 378 197 52 566 503 353 16 23 558 626 0 40 546 539 491 280 41 105 466 389 486 102 176 355 348 263 483 331 418
540 363 407 531 100 409 163 544 544 74 338 157 12 526 463 313 56 63 518 586 40 0 506 499 451 240 1 65 426 349 446 62 136 315 308 223 443 291 378
34 287 331 25 604 333 397 468 164 456 398 539 518 146 67 373 562 569 442 510 546 506 0 423 55 300 505 447 350 273 66 444 370 239 232 283 63 215 128
457 164 290 448 597 278 390 45 461 449 391 532 511 443 380 366 555 562 165 87 539 499 423 0 368 293 498 440 73 150 363 437 363 184 191 276 360 208 295
89 232 276 80 549 278 342 413 109 401 343 484 463 91 12 318 507 514 387 455 491 451 55 368 0 245 450 392 295 218 11 389 315 184 177 228 8 160 73
334 157 201 325 338 203 131 338 338 190 98 273 252 320 257 73 296 303 312 380 280 240 300 293 245 0 239 181 220 143 240 178 104 109 102 17 237 85 172
539 362 406 530 99 408 162 543 543 73 337 156 13 525 462 312 57 64 517 585 41 1 505 498 450 239 0 64 425 348 445 61 135 314 307 222 442 290 377
481 304 348 472 163 350 104 485 485 9 279 92 77 467 404 254 121 128 459 527 105 65 447 440 392 181 64 0 367 290 387 3 77 256 249 164 384 232 319
384 91 217 375 524 205 317 118 388 376 318 459 438 370 307 293 482 489 92 160 466 426 350 73 295 220 425 367 0 77 290 364 290 111 118 203 287 135 222
307 14 140 298 447 128 240 195 311 299 241 382 361 293 230 216 405 412 169 237 389 349 273 150 218 143 348 290 77 0 213 287 213 34 41 126 210 58 145
100 227 271 91 544 273 337 408 98 396 338 479 458 80 23 313 502 509 382 450 486 446 66 363 11 240 445 387 290 213 0 384 310 179 172 223 3 155 68
478 301 345 469 160 347 101 482 482 12 276 95 74 464 401 251 118 125 456 524 102 62 444 437 389 178 61 3 364 287 384 0 74 253 246 161 381 229 316
404 227 271 395 234 273 27 408 408 86 202 169 148 390 327 177 192 199 382 450 176 136 370 363 315 104 135 77 290 213 310 74 0 179 172 87 307 155 242
273 48 106 264 413 94 206 229 277 265 207 348 327 259 196 182 371 378 203 271 355 315 239 184 184 109 314 256 111 34 179 253 179 0 7 92 176 24 111
266 55 99 257 406 101 199 236 270 258 200 341 320 252 189 175 364 371 210 278 348 308 232 191 177 102 307 249 118 41 172 246 172 7 0 85 169 17 104
317 140 184 308 321 186 114 321 321 173 115 256 235 303 240 90 279 286 295 363 263 223 283 276 228 17 222 164 203 126 223 161 87 92 85 0 220 68 155
97 224 268 88 541 270 334 405 101 393 335 476 455 83 20 310 499 506 379 447 483 443 63 360 8 237 442 384 287 210 3 381 307 176 169 220 0 152 65
249 72 116 240 389 118 182 253 253 241 183 324 303 235 172 158 347 354 227 295 331 291 215 208 160 85 290 232 135 58 155 229 155 24 17 68 152 0 87
162 159 203 153 476 205 269 340 166 328 270 411 390 148 85 245 434 441 314 382 418 378 128 295 73 172 377 319 222 145 68 316 242 111 104 155 65 87 0
