0 79 370 404 236 277 278 345 425 344 420 353 461 402 355 256 297 378 319 307 380 365 330 298 240 212 344 300 285 261 269 207 115 234 3 73 141 255 172
79 0 443 477 309 350 351 418 498 417 493 426 534 475 428 329 370 451 392 380 453 438 403 371 313 285 417 373 358 334 342 280 188 307 76 146 214 328 245
370 443 0 492 460 365 502 247 199 246 194 441 549 490 579 480 521 466 221 531 154 453 418 72 464 436 432 202 187 485 357 431 339 136 367 297 229 343 260
404 477 492 0 494 143 536 467 547 466 542 247 205 146 613 514 555 272 441 565 502 109 74 420 498 470 238 422 407 519 135 465 373 356 401 331 263 149 232
236 309 460 494 0 367 90 435 515 434 510 443 551 492 361 262 303 468 409 313 470 455 420 388 246 24 434 390 375 267 359 213 121 324 233 163 231 345 262
277 350 365 143 367 0 409 340 420 339 415 120 200 141 486 387 428 145 314 438 375 104 69 293 371 343 111 295 280 392 8 338 246 229 274 204 136 22 105
278 351 502 536 90 409 0 477 557 476 552 485 593 534 403 304 345 510 451 355 512 497 462 430 288 66 476 432 417 309 401 255 163 366 275 205 273 387 304
345 418 247 467 435 340 477 0 302 89 297 416 524 465 554 455 496 441 94 506 257 428 393 175 439 411 407 45 60 460 332 406 314 111 342 272 204 318 235
425 498 199 547 515 420 557 302 0 301 85 496 604 545 634 535 576 521 276 586 45 508 473 127 519 491 487 257 242 540 412 486 394 191 422 352 284 398 315
344 417 246 466 434 339 476 89 301 0 296 415 523 464 553 454 495 440 93 505 256 427 392 174 438 410 406 44 59 459 331 405 313 110 341 271 203 317 234
420 493 194 542 510 415 552 297 85 296 0 491 599 540 629 530 571 516 271 581 40 503 468 122 514 486 482 252 237 535 407 481 389 186 417 347 279 393 310
353 426 441 247 443 120 485 416 496 415 491 0 304 245 562 463 504 43 390 514 451 208 173 369 447 419 9 371 356 468 112 414 322 305 350 280 212 98 181
461 534 549 205 551 200 593 524 604 523 599 304 0 133 670 571 612 329 498 622 559 96 131 477 555 527 295 479 464 576 192 522 430 413 458 388 320 206 289
402 475 490 146 492 141 534 465 545 464 540 245 133 0 611 512 553 270 439 563 500 37 72 418 496 468 236 420 405 517 133 463 371 354 399 329 261 147 230
355 428 579 613 361 486 403 554 634 553 629 562 670 611 0 197 238 587 528 140 589 574 539 507 181 337 553 509 494 94 478 148 240 443 352 282 350 464 381
256 329 480 514 262 387 304 455 535 454 530 463 571 512 197 0 73 488 429 149 490 475 440 408 16 238 454 410 395 103 379 49 141 344 253 183 251 365 282
297 370 521 555 303 428 345 496 576 495 571 504 612 553 238 73 0 529 470 190 531 516 481 449 57 279 495 451 436 144 420 90 182 385 294 224 292 406 323
378 451 466 272 468 145 510 441 521 440 516 43 329 270 587 488 529 0 415 539 476 233 198 394 472 444 34 396 381 493 137 439 347 330 375 305 237 123 206
319 392 221 441 409 314 451 94 276 93 271 390 498 439 528 429 470 415 0 480 231 402 367 149 413 385 381 49 34 434 306 380 288 85 316 246 178 292 209
307 380 531 565 313 438 355 506 586 505 581 514 622 563 140 149 190 539 480 0 541 526 491 459 133 289 505 461 446 46 430 100 192 395 304 234 302 416 333
380 453 154 502 470 375 512 257 45 256 40 451 559 500 589 490 531 476 231 541 0 463 428 82 474 446 442 212 197 495 367 441 349 146 377 307 239 353 270
365 438 453 109 455 104 497 428 508 427 503 208 96 37 574 475 516 233 402 526 463 0 35 381 459 431 199 383 368 480 96 426 334 317 362 292 224 110 193
330 403 418 74 420 69 462 393 473 392 468 173 131 72 539 440 481 198 367 491 428 35 0 346 424 396 164 348 333 445 61 391 299 282 327 257 189 75 158
298 371 72 420 388 293 430 175 127 174 122 369 477 418 507 408 449 394 149 459 82 381 346 0 392 364 360 130 115 413 285 359 267 64 295 225 157 271 188
240 313 464 498 246 371 288 439 519 438 514 447 555 496 181 16 57 472 413 133 474 459 424 392 0 222 438 394 379 87 363 33 125 328 237 167 235 349 266
212 285 436 470 24 343 66 411 491 410 486 419 527 468 337 238 279 444 385 289 446 431 396 364 222 0 410 366 351 243 335 189 97 300 209 139 207 321 238
344 417 432 238 434 111 476 407 487 406 482 9 295 236 553 454 495 34 381 505 442 199 164 360 438 410 0 362 347 459 103 405 313 296 341 271 203 89 172
300 373 202 422 390 295 432 45 257 44 252 371 479 420 509 410 451 396 49 461 212 383 348 130 394 366 362 0 15 415 287 361 269 66 297 227 159 273 190
285 358 187 407 375 280 417 60 242 59 237 356 464 405 494 395 436 381 34 446 197 368 333 115 379 351 347 15 0 400 272 346 254 51 282 212 144 258 175
261 334 485 519 267 392 309 460 540 459 535 468 576 517 94 103 144 493 434 46 495 480 445 413 87 243 459 415 400 0 384 54 146 349 258 188 256 370 287
269 342 357 135 359 8 401 332 412 331 407 112 192 133 478 379 420 137 306 430 367 96 61 285 363 335 103 287 272 384 0 330 238 221 266 196 128 14 97
207 280 431 465 213 338 255 406 486 405 481 414 522 463 148 49 90 439 380 100 441 426 391 359 33 189 405 361 346 54 330 0 92 295 204 134 202 316 233
115 188 339 373 121 246 163 314 394 313 389 322 430 371 240 141 182 347 288 192 349 334 299 267 125 97 313 269 254 146 238 92 0 203 112 42 110 224 141
234 307 136 356 324 229 366 111 191 110 186 305 413 354 443 344 385 330 85 395 146 317 282 64 328 300 296 66 51 349 221 295 203 0 231 161 93 207 124
3 76 367 401 233 274 275 342 422 341 417 350 458 399 352 253 294 375 316 304 377 362 327 295 237 209 341 297 282 258 266 204 112 231 0 70 138 252 169
73 146 297 331 163 204 205 272 352 271 347 280 388 329 282 183 224 305 246 234 307 292 257 225 167 139 271 227 212 188 196 134 42 161 70 0 68 182 99
141 214 229 263 231 136 273 204 284 203 279 212 320 261 350 251 292 237 178 302 239 224 189 157 235 207 203 159 144 256 128 202 110 93 138 68 0 114 31
255 328 343 149 345 22 387 318 398 317 393 98 206 147 464 365 406 123 292 416 353 110 75 271 349 321 89 273 258 370 14 316 224 207 252 182 114 0 83
172 245 260 232 262 105 304 235 315 234 310 181 289 230 381 282 323 206 209 333 270 193 158 188 266 238 172 190 175 287 97 233 141 124 169 99 31 83 0
