0 440 256 91 548 411 382 422 176 344 326 492 542 154 79 338 462 558 468 432 475 459 55 363 66 405 487 495 380 322 179 295 371 332 245 375 96 226 141
440 0 164 370 457 278 273 82 223 295 331 417 507 302 341 292 413 442 45 84 451 364 284 67 292 224 349 355 33 78 249 314 313 95 127 265 226 228 165
256 164 0 341 334 177 212 346 198 171 92 229 323 251 299 227 360 271 188 214 340 240 299 266 218 207 334 275 295 105 168 298 235 -6 159 154 103 97 115
91 370 341 0 518 390 391 439 265 447 486 436 532 123 156 435 474 493 463 424 490 496 129 348 75 323 506 504 489 387 95 448 388 280 318 348 97 274 323
548 457 334 518 0 525 240 558 556 230 363 317 108 436 541 260 58 72 568 537 153 81 560 531 485 169 122 332 501 496 388 93 128 447 315 276 310 358 270
411 278 177 390 525 0 446 315 343 336 260 421 487 371 417 322 483 493 280 286 553 403 413 158 330 173 481 387 282 161 309 371 272 135 212 142 341 195 228
382 273 212 391 240 446 0 427 398 125 128 216 213 382 393 186 173 210 415 445 59 135 387 450 363 73 240 98 426 378 272 171 53 336 221 30 318 144 165
422 82 346 439 558 315 427 0 419 536 458 441 536 384 528 339 619 541 150 89 492 531 441 41 494 360 445 429 98 136 464 393 430 244 240 391 440 330 306
176 223 198 265 556 343 398 419 0 328 303 365 553 66 183 320 443 433 369 459 410 503 114 431 67 268 356 277 310 244 85 319 280 296 154 254 45 249 105
344 295 171 447 230 336 125 536 328 0 155 144 213 295 449 145 172 198 364 339 165 153 294 385 303 149 176 34 225 293 361 8 23 297 193 91 328 231 239
326 331 92 486 363 260 128 458 303 155 0 191 343 357 357 71 313 356 381 410 289 194 299 409 376 1 193 239 313 277 250 157 228 242 159 131 281 109 181
492 417 229 436 317 421 216 441 365 144 191 0 212 433 495 253 228 171 431 520 150 208 468 577 426 97 154 76 385 362 331 75 145 367 332 179 358 302 331
542 507 323 532 108 487 213 536 553 213 343 212 0 380 530 294 121 193 456 516 95 153 506 451 494 273 108 211 384 453 403 163 149 352 278 151 464 317 309
154 302 251 123 436 371 382 384 66 295 357 433 380 0 81 381 400 448 337 434 464 368 64 337 81 225 330 306 324 353 21 266 300 225 125 292 136 133 233
79 341 299 156 541 417 393 528 183 449 357 495 530 81 0 307 446 558 332 361 501 522 3 386 60 326 455 439 314 397 81 304 393 259 239 320 122 256 215
338 292 227 435 260 322 186 339 320 145 71 253 294 381 307 0 320 221 314 309 257 189 422 335 351 53 337 169 306 284 226 118 194 219 159 71 251 123 129
462 413 360 474 58 483 173 619 443 172 313 228 121 400 446 320 0 152 609 518 20 119 392 545 552 241 140 262 471 435 466 235 149 287 359 283 405 246 267
558 442 271 493 72 493 210 541 433 198 356 171 193 448 558 221 152 0 535 571 -76 24 356 548 528 221 49 117 393 466 335 162 87 403 326 185 416 255 291
468 45 188 463 568 280 415 150 369 364 381 431 456 337 332 314 609 535 0 51 437 473 266 46 412 269 411 374 108 116 355 378 396 90 183 432 370 245 300
432 84 214 424 537 286 445 89 459 339 410 520 516 434 361 309 518 571 51 0 475 430 489 92 400 341 414 456 82 118 473 391 340 195 247 234 306 195 242
475 451 340 490 153 553 59 492 410 165 289 150 95 464 501 257 20 -76 437 475 0 35 434 441 458 184 14 81 360 385 384 115 153 316 272 92 470 241 200
459 364 240 496 81 403 135 531 503 153 194 208 153 368 522 189 119 24 473 430 35 0 473 444 297 183 6 61 381 388 389 116 125 293 294 210 334 238 256
55 284 299 129 560 413 387 441 114 294 299 468 506 64 3 422 392 356 266 489 434 473 0 453 28 246 464 385 410 302 123 387 344 279 236 205 108 237 187
363 67 266 348 531 158 450 41 431 385 409 577 451 337 386 335 545 548 46 92 441 444 453 0 371 228 402 417 -13 -20 248 317 368 118 175 230 255 139 191
66 292 218 75 485 330 363 494 67 303 376 426 494 81 60 351 552 528 412 400 458 297 28 371 0 251 474 380 294 411 142 263 274 234 105 226 88 128 99
405 224 207 323 169 173 73 360 268 149 1 97 273 225 326 53 241 221 269 341 184 183 246 228 251 0 158 131 255 209 176 39 29 149 168 12 230 84 164
487 349 334 506 122 481 240 445 356 176 193 154 108 330 455 337 140 49 411 414 14 6 464 402 474 158 0 74 364 406 344 93 153 266 209 151 379 201 205
495 355 275 504 332 387 98 429 277 34 239 76 211 306 439 169 262 117 374 456 81 61 385 417 380 131 74 0 348 291 353 56 70 334 275 51 305 196 212
380 33 295 489 501 282 426 98 310 225 313 385 384 324 314 306 471 393 108 82 360 381 410 -13 294 255 364 348 0 -68 275 270 370 -23 165 244 260 224 172
322 78 105 387 496 161 378 136 244 293 277 362 453 353 397 284 435 466 116 118 385 388 302 -20 411 209 406 291 -68 0 285 322 281 97 94 125 272 159 167
179 249 168 95 388 309 272 464 85 361 250 331 403 21 81 226 466 335 355 473 384 389 123 248 142 176 344 353 275 285 0 364 278 253 133 242 -52 86 97
295 314 298 448 93 371 171 393 319 8 157 75 163 266 304 118 235 162 378 391 115 116 387 317 263 39 93 56 270 322 364 0 -39 204 137 60 237 54 135
371 313 235 388 128 272 53 430 280 23 228 145 149 300 393 194 149 87 396 340 153 125 344 368 274 29 153 70 370 281 278 -39 0 188 112 35 310 201 140
332 95 -6 280 447 135 336 244 296 297 242 367 352 225 259 219 287 403 90 195 316 293 279 118 234 149 266 334 -23 97 253 204 188 0 9 160 175 65 63
245 127 159 318 315 212 221 240 154 193 159 332 278 125 239 159 359 326 183 247 272 294 236 175 105 168 209 275 165 94 133 137 112 9 0 66 67 61 45
375 265 154 348 276 142 30 391 254 91 131 179 151 292 320 71 283 185 432 234 92 210 205 230 226 12 151 51 244 125 242 60 35 160 66 0 204 67 31
96 226 103 97 310 341 318 440 45 328 281 358 464 136 122 251 405 416 370 306 470 334 108 255 88 230 379 305 260 272 -52 237 310 175 67 204 0 153 71
226 228 97 274 358 195 144 330 249 231 109 302 317 133 256 123 246 255 245 195 241 238 237 139 128 84 201 196 224 159 86 54 201 65 61 67 153 0 -14
141 165 115 323 270 228 165 306 105 239 181 331 309 233 215 129 267 291 300 242 200 256 187 191 99 164 205 212 172 167 97 135 140 63 45 31 71 -14 0
