0 282 491 333 327 551 305 423 500 497 291 539 88 389 507 184 229 595 594 256 507 97 434 463 394 376 203 137 364 237 424 385 355 312 208 369 250 223 385
282 0 520 238 285 425 321 311 417 455 388 440 276 272 360 284 436 584 499 136 379 318 407 319 322 161 248 319 75 224 338 238 325 206 164 278 127 125 290
491 520 0 345 158 601 461 118 392 513 256 311 530 392 318 415 480 339 374 490 415 475 -14 251 317 237 490 341 399 374 497 192 428 269 350 199 297 291 306
333 238 345 0 334 246 463 329 350 300 216 237 326 186 273 293 320 512 358 302 383 328 221 253 229 186 370 221 104 221 233 157 152 136 152 91 163 121 152
327 285 158 334 0 444 437 237 135 320 280 182 355 147 150 272 423 207 336 307 160 371 209 199 84 94 468 210 349 199 393 59 239 33 164 122 196 157 305
551 425 601 246 444 0 598 526 479 77 447 499 492 177 465 364 557 589 587 438 501 416 426 529 364 427 466 377 396 356 174 327 236 361 323 291 227 283 110
305 321 461 463 437 598 0 457 461 541 404 528 294 368 497 234 150 576 668 270 457 176 470 478 419 484 45 221 328 245 421 312 399 316 226 271 222 367 342
423 311 118 329 237 526 457 0 294 444 287 247 471 318 236 378 530 355 257 401 299 252 22 189 172 147 464 367 322 324 382 173 327 202 219 78 178 189 172
500 417 392 350 135 479 461 294 0 407 204 160 425 305 -26 239 433 215 56 416 45 452 209 110 -53 37 420 297 174 232 444 88 332 121 250 167 193 127 241
497 455 513 300 320 77 541 444 407 0 290 493 417 95 392 368 447 535 517 399 395 353 343 461 388 294 466 415 373 245 46 325 53 309 281 139 215 106 133
291 388 256 216 280 447 404 287 204 290 0 147 290 189 169 120 343 329 275 219 292 297 213 231 136 105 317 260 248 170 258 202 333 87 229 40 56 178 205
539 440 311 237 182 499 528 247 160 493 147 0 401 311 198 324 490 233 363 449 207 424 247 189 273 101 442 353 336 312 440 94 264 102 218 226 272 260 267
88 276 530 326 355 492 294 471 425 417 290 401 0 367 441 280 174 550 499 259 426 121 396 432 422 297 268 171 301 101 473 339 260 250 147 222 233 320 342
389 272 392 186 147 177 368 318 305 95 189 311 367 0 301 257 366 446 328 231 336 319 379 292 259 243 312 291 208 191 27 191 6 261 137 177 171 143 13
507 360 318 273 150 465 497 236 -26 392 169 198 441 301 0 235 545 254 104 351 162 353 146 -9 112 136 469 416 187 217 335 97 357 110 174 161 171 250 254
184 284 415 293 272 364 234 378 239 368 120 324 280 257 235 0 324 492 291 181 386 162 279 377 238 232 315 221 252 149 309 254 261 165 109 158 107 143 184
229 436 480 320 423 557 150 530 433 447 343 490 174 366 545 324 0 536 648 347 464 100 313 491 394 510 144 162 273 207 458 384 382 271 218 334 255 293 397
595 584 339 512 207 589 576 355 215 535 329 233 550 446 254 492 536 0 194 497 36 433 263 202 111 227 560 399 370 335 466 179 434 265 354 343 281 408 314
594 499 374 358 336 587 668 257 56 517 275 363 499 328 104 291 648 194 0 403 37 429 273 84 109 156 584 380 450 342 456 117 405 129 321 179 345 252 328
256 136 490 302 307 438 270 401 416 399 219 449 259 231 351 181 347 497 403 0 322 107 361 297 297 294 372 271 78 15 363 270 199 162 71 252 120 210 178
507 379 415 383 160 501 457 299 45 395 292 207 426 336 162 386 464 36 37 322 0 404 215 61 85 -6 442 390 374 351 435 131 316 161 212 202 197 249 270
97 318 475 328 371 416 176 252 452 353 297 424 121 319 353 162 100 433 429 107 404 0 281 368 418 409 127 107 211 151 242 233 277 241 91 289 238 200 280
434 407 -14 221 209 426 470 22 209 343 213 247 396 379 146 279 313 263 273 361 215 281 0 123 176 212 446 312 249 239 400 185 247 28 244 74 176 179 208
463 319 251 253 199 529 478 189 110 461 231 189 432 292 -9 377 491 202 84 297 61 368 123 0 36 140 463 283 212 273 308 87 250 -25 214 108 200 163 159
394 322 317 229 84 364 419 172 -53 388 136 273 422 259 112 238 394 111 109 297 85 418 176 36 0 105 409 298 231 316 399 33 233 126 200 37 255 197 262
376 161 237 186 94 427 484 147 37 294 105 101 297 243 136 232 510 227 156 294 -6 409 212 140 105 0 316 218 216 218 270 21 193 -62 175 137 155 85 212
203 248 490 370 468 466 45 464 420 466 317 442 268 312 469 315 144 560 584 372 442 127 446 463 409 316 0 12 272 140 392 330 393 262 156 164 127 253 260
137 319 341 221 210 377 221 367 297 415 260 353 171 291 416 221 162 399 380 271 390 107 312 283 298 218 12 0 89 163 267 274 206 126 77 260 188 140 177
364 75 399 104 349 396 328 322 174 373 248 336 301 208 187 252 273 370 450 78 374 211 249 212 231 216 272 89 0 88 244 258 257 243 91 186 115 149 123
237 224 374 221 199 356 245 324 232 245 170 312 101 191 217 149 207 335 342 15 351 151 239 273 316 218 140 163 88 0 313 91 202 77 -1 15 -37 65 208
424 338 497 233 393 174 421 382 444 46 258 440 473 27 335 309 458 466 456 363 435 242 400 308 399 270 392 267 244 313 0 266 53 233 205 133 167 68 94
385 238 192 157 59 327 312 173 88 325 202 94 339 191 97 254 384 179 117 270 131 233 185 87 33 21 330 274 258 91 266 0 157 14 202 32 35 174 199
355 325 428 152 239 236 399 327 332 53 333 264 260 6 357 261 382 434 405 199 316 277 247 250 233 193 393 206 257 202 53 157 0 206 159 177 82 165 40
312 206 269 136 33 361 316 202 121 309 87 102 250 261 110 165 271 265 129 162 161 241 28 -25 126 -62 262 126 243 77 233 14 206 0 252 51 76 117 52
208 164 350 152 164 323 226 219 250 281 229 218 147 137 174 109 218 354 321 71 212 91 244 214 200 175 156 77 91 -1 205 202 159 252 0 1 -48 43 31
369 278 199 91 122 291 271 78 167 139 40 226 222 177 161 158 334 343 179 252 202 289 74 108 37 137 164 260 186 15 133 32 177 51 1 0 20 86 79
250 127 297 163 196 227 222 178 193 215 56 272 233 171 171 107 255 281 345 120 197 238 176 200 255 155 127 188 115 -37 167 35 82 76 -48 20 0 -42 71
223 125 291 121 157 283 367 189 127 106 178 260 320 143 250 143 293 408 252 210 249 200 179 163 197 85 253 140 149 65 68 174 165 117 43 86 -42 0 27
385 290 306 152 305 110 342 172 241 133 205 267 342 13 254 184 397 314 328 178 270 280 208 159 262 212 260 177 123 208 94 199 40 52 31 79 71 27 0
