0 70 315 320 318 345 364 251 307 351 218 394 527 489 310 169 193 281 401 181 269 314 336 243 179 145 319 207 283 215 248 135 7 204 86 166 131 215 155
70 0 400 305 366 390 405 319 351 440 306 391 506 494 346 226 215 381 454 237 312 504 337 366 260 329 316 347 335 214 323 108 285 184 42 205 290 235 145
315 400 0 346 423 389 37 198 115 287 325 400 508 438 325 273 393 332 183 98 184 305 266 72 129 281 300 82 96 306 251 276 205 120 220 161 174 361 176
320 305 346 0 451 152 271 372 404 387 434 136 236 242 311 276 393 215 396 241 336 170 22 415 254 218 209 368 310 286 79 340 268 275 294 167 149 130 44
318 366 423 451 0 348 453 461 487 431 120 427 577 674 329 166 253 390 499 312 403 473 309 399 202 73 390 392 361 214 335 138 170 335 330 194 262 349 309
345 390 389 152 348 0 320 281 383 436 319 266 331 216 369 273 316 210 413 304 383 193 4 301 264 375 64 317 287 234 33 278 247 215 354 223 274 110 121
364 405 37 271 453 320 0 231 78 254 343 387 572 483 410 360 347 457 217 313 24 377 349 36 286 299 326 158 213 287 274 332 222 141 311 275 118 306 252
251 319 198 372 461 281 231 0 274 143 313 359 485 530 353 275 271 366 141 243 165 445 239 91 304 236 268 31 54 253 349 218 205 104 338 223 139 248 165
307 351 115 404 487 383 78 274 0 196 363 374 518 496 408 224 418 366 204 312 94 391 372 61 253 279 317 177 225 259 357 300 311 206 380 243 199 268 278
351 440 287 387 431 436 254 143 196 0 412 431 610 590 460 276 395 343 207 376 168 423 402 293 215 402 393 41 128 324 286 185 268 168 264 117 198 340 257
218 306 325 434 120 319 343 313 363 412 0 334 518 561 332 182 249 254 380 201 393 370 338 385 98 56 357 247 418 115 244 62 53 239 221 1 167 259 237
394 391 400 136 427 266 387 359 374 431 334 0 259 325 404 291 482 73 523 328 303 224 128 235 247 278 25 392 313 353 125 326 227 264 310 265 218 120 62
527 506 508 236 577 331 572 485 518 610 518 259 0 212 517 466 453 308 504 466 508 -91 166 509 383 503 268 411 512 404 175 314 406 374 371 374 321 250 270
489 494 438 242 674 216 483 530 496 590 561 325 212 0 520 443 563 341 505 467 469 151 238 384 488 457 333 525 537 505 144 427 399 450 394 342 298 266 296
310 346 325 311 329 369 410 353 408 460 332 404 517 520 0 73 268 382 376 190 429 481 372 276 264 241 360 429 308 74 309 155 72 245 155 200 225 279 263
169 226 273 276 166 273 360 275 224 276 182 291 466 443 73 0 136 237 394 173 209 349 353 266 45 113 180 178 175 80 129 92 77 248 180 98 149 190 137
193 215 393 393 253 316 347 271 418 395 249 482 453 563 268 136 0 366 449 132 335 492 308 314 94 205 284 334 419 157 222 77 132 312 223 201 146 301 176
281 381 332 215 390 210 457 366 366 343 254 73 308 341 382 237 366 0 312 293 256 270 162 301 282 377 113 337 299 288 119 262 313 284 372 239 175 165 100
401 454 183 396 499 413 217 141 204 207 380 523 504 505 376 394 449 312 0 309 179 469 302 178 299 372 388 67 96 424 404 302 300 176 284 255 262 294 288
181 237 98 241 312 304 313 243 312 376 201 328 466 467 190 173 132 293 309 0 318 367 293 289 -20 62 259 408 273 143 247 28 3 173 164 49 145 282 104
269 312 184 336 403 383 24 165 94 168 393 303 508 469 429 209 335 256 179 318 0 306 333 95 246 295 346 148 226 280 311 231 207 107 253 171 115 228 247
314 504 305 170 473 193 377 445 391 423 370 224 -91 151 481 349 492 270 469 367 306 0 127 365 327 472 244 359 349 300 141 372 268 283 297 330 299 157 198
336 337 266 22 309 4 349 239 372 402 338 128 166 238 372 353 308 162 302 293 333 127 0 375 149 210 132 275 226 239 29 279 164 221 336 63 39 151 141
243 366 72 415 399 301 36 91 61 293 385 235 509 384 276 266 314 301 178 289 95 365 375 0 191 224 366 263 84 276 206 172 212 90 221 217 154 220 208
179 260 129 254 202 264 286 304 253 215 98 247 383 488 264 45 94 282 299 -20 246 327 149 191 0 125 237 271 221 115 282 -1 64 170 112 25 129 132 201
145 329 281 218 73 375 299 236 279 402 56 278 503 457 241 113 205 377 372 62 295 472 210 224 125 0 258 308 312 40 215 108 120 278 237 92 114 340 245
319 316 300 209 390 64 326 268 317 393 357 25 268 333 360 180 284 113 388 259 346 244 132 366 237 258 0 255 211 278 -44 270 272 322 271 216 180 -9 136
207 347 82 368 392 317 158 31 177 41 247 392 411 525 429 178 334 337 67 408 148 359 275 263 271 308 255 0 -20 257 208 100 161 88 230 181 57 244 249
283 335 96 310 361 287 213 54 225 128 418 313 512 537 308 175 419 299 96 273 226 349 226 84 221 312 211 -20 0 152 249 130 219 71 321 182 23 254 92
215 214 306 286 214 234 287 253 259 324 115 353 404 505 74 80 157 288 424 143 280 300 239 276 115 40 278 257 152 0 232 -27 15 232 94 40 94 221 127
248 323 251 79 335 33 274 349 357 286 244 125 175 144 309 129 222 119 404 247 311 141 29 206 282 215 -44 208 249 232 0 170 70 98 294 130 150 63 62
135 108 276 340 138 278 332 218 300 185 62 326 314 427 155 92 77 262 302 28 231 372 279 172 -1 108 270 100 130 -27 170 0 -89 173 137 121 89 135 47
7 285 205 268 170 247 222 205 311 268 53 227 406 399 72 77 132 313 300 3 207 268 164 212 64 120 272 161 219 15 70 -89 0 137 123 -11 140 126 215
204 184 120 275 335 215 141 104 206 168 239 264 374 450 245 248 312 284 176 173 107 283 221 90 170 278 322 88 71 232 98 173 137 0 130 -6 26 193 131
86 42 220 294 330 354 311 338 380 264 221 310 371 394 155 180 223 372 284 164 253 297 336 221 112 237 271 230 321 94 294 137 123 130 0 110 141 253 147
166 205 161 167 194 223 275 223 243 117 1 265 374 342 200 98 201 239 255 49 171 330 63 217 25 92 216 181 182 40 130 121 -11 -6 110 0 75 37 256
131 290 174 149 262 274 118 139 199 198 167 218 321 298 225 149 146 175 262 145 115 299 39 154 129 114 180 57 23 94 150 89 140 26 141 75 0 166 48
215 235 361 130 349 110 306 248 268 340 259 120 250 266 279 190 301 165 294 282 228 157 151 220 132 340 -9 244 254 221 63 135 126 193 253 37 166 0 86
155 145 176 44 309 121 252 165 278 257 237 62 270 296 263 137 176 100 288 104 247 198 141 208 201 245 136 249 92 127 62 47 215 131 147 256 48 86 0
