0 331 501 168 411 390 603 261 228 316
331 0 534 370 421 412 636 75 211 345
501 534 0 528 243 473 311 448 433 404
168 370 528 0 445 394 635 287 268 341
411 421 243 445 0 373 328 357 301 310
390 412 473 394 373 0 579 323 303 279
603 636 311 635 328 579 0 588 531 508
261 75 448 287 357 323 588 0 150 279
228 211 433 268 301 303 531 150 0 216
316 345 404 341 310 279 508 279 216 0
