0 529 336 468 309 277 373 287 323 376
529 0 659 449 597 591 369 459 624 346
336 659 0 582 156 310 476 398 340 456
468 449 582 0 546 495 109 378 558 192
309 597 156 546 0 293 466 374 307 455
277 591 310 495 293 0 438 327 74 406
373 369 476 109 466 438 0 296 457 97
287 459 398 378 374 327 296 0 375 271
323 624 340 558 307 74 457 375 0 447
376 346 456 192 455 406 97 271 447 0
