0 401 313 134 506 514 291 444 421 239
401 0 352 367 183 191 524 309 286 328
313 352 0 279 457 465 436 395 372 240
134 367 279 0 472 480 227 410 387 205
506 183 457 472 0 72 629 414 391 433
514 191 465 480 72 0 637 422 399 441
291 524 436 227 629 637 0 567 544 362
444 309 395 410 414 422 567 0 245 371
421 286 372 387 391 399 544 245 0 348
239 328 240 205 433 441 362 371 348 0
