0 289 294 387 315 262 216 287 403 355
289 0 261 363 269 227 210 170 304 242
294 261 0 129 280 248 187 248 388 345
387 363 129 0 381 338 299 344 471 441
315 269 280 381 0 90 233 253 389 353
262 227 248 338 90 0 172 220 357 308
216 210 187 299 233 172 0 175 315 271
287 170 248 344 253 220 175 0 227 175
403 304 388 471 389 357 315 227 0 129
355 242 345 441 353 308 271 175 129 0
