0 95 502 478 280 466 439 437 369 271
95 0 431 393 207 366 348 344 282 179
502 431 0 98 408 434 565 405 323 414
478 393 98 0 401 384 528 366 282 376
280 207 408 401 0 373 295 379 300 186
466 366 434 384 373 0 508 180 285 368
439 348 565 528 295 508 0 499 442 322
437 344 405 366 379 180 499 0 273 365
369 282 323 282 300 285 442 273 0 289
271 179 414 376 186 368 322 365 289 0
