0 425 246 475 219 212 434 540 577 232
425 0 391 110 508 387 209 315 352 407
246 391 0 441 329 208 400 506 543 228
475 110 441 0 558 437 259 365 402 457
219 508 329 558 0 295 517 623 660 315
212 387 208 437 295 0 396 502 539 76
434 209 400 259 517 396 0 210 247 416
540 315 506 365 623 502 210 0 263 522
577 352 543 402 660 539 247 263 0 559
232 407 228 457 315 76 416 522 559 0
