0 282 618 573 753 782 213 578 489 110
282 0 450 405 585 614 229 410 321 298
618 450 0 75 391 420 565 358 269 634
573 405 75 0 346 375 520 313 224 589
753 585 391 346 0 163 700 493 404 769
782 614 420 375 163 0 729 522 433 798
213 229 565 520 700 729 0 525 436 229
578 410 358 313 493 522 525 0 93 594
489 321 269 224 404 433 436 93 0 505
110 298 634 589 769 798 229 594 505 0
