0 427 227 474 222 220 432 542 576 231
427 0 397 121 523 385 213 314 342 412
227 397 0 442 327 228 409 515 552 238
474 121 442 0 546 443 269 360 403 450
222 523 327 546 0 276 529 603 645 300
220 385 228 443 276 0 403 509 552 82
432 213 409 269 529 403 0 213 253 420
542 314 515 360 603 509 213 0 279 513
576 342 552 403 645 552 253 279 0 556
231 412 238 450 300 82 420 513 556 0
