0 81 180 264 506 470 235 376 449 395
81 0 257 341 583 547 312 453 526 472
180 257 0 332 574 538 245 444 517 463
264 341 332 0 478 442 387 348 421 367
506 583 574 478 0 156 629 404 477 423
470 547 538 442 156 0 593 368 441 387
235 312 245 387 629 593 0 499 572 518
376 453 444 348 404 368 499 0 229 175
449 526 517 421 477 441 572 229 0 106
395 472 463 367 423 387 518 175 106 0
