0 188 256 272 218 155 198 131 198 156
188 0 294 310 256 193 236 299 236 324
256 294 0 340 308 223 288 367 66 392
272 310 340 0 324 225 304 383 282 408
218 256 308 324 0 207 26 329 250 354
155 193 223 225 207 0 187 266 165 291
198 236 288 304 26 187 0 309 230 334
131 299 367 383 329 266 309 0 309 109
198 236 66 282 250 165 230 309 0 334
156 324 392 408 354 291 334 109 334 0
