0 17 416 457 412 148 452 434 316 346
17 0 417 458 413 149 453 435 317 347
416 417 0 283 238 334 278 260 430 460
457 458 283 0 115 375 285 267 471 501
412 413 238 115 0 330 240 222 426 456
148 149 334 375 330 0 370 352 234 264
452 453 278 285 240 370 0 90 466 496
434 435 260 267 222 352 90 0 448 478
316 317 430 471 426 234 466 448 0 46
346 347 460 501 456 264 496 478 46 0
