0 447 71 169 271 230 97 391 625 635
447 0 402 426 410 371 412 312 524 558
71 402 0 133 216 174 70 356 588 605
169 426 133 0 245 221 190 409 627 633
271 410 216 245 0 84 267 371 589 617
230 371 174 221 84 0 229 346 563 572
97 412 70 190 267 229 0 399 641 633
391 312 356 409 371 346 399 0 288 320
625 524 588 627 589 563 641 288 0 127
635 558 605 633 617 572 633 320 127 0
