0 198 329 417 293 339 35 367 408 486
198 0 327 415 291 337 181 365 406 484
329 327 0 118 262 308 312 336 377 455
417 415 118 0 350 396 400 424 465 543
293 291 262 350 0 150 276 178 165 243
339 337 308 396 150 0 322 112 265 343
35 181 312 400 276 322 0 350 391 469
367 365 336 424 178 112 350 0 293 371
408 406 377 465 165 265 391 293 0 254
486 484 455 543 243 343 469 371 254 0
