0 427 424 206 154 209 246 366 331 399
427 0 67 445 393 448 485 339 570 638
424 67 0 442 390 445 482 336 567 635
206 445 442 0 88 209 246 384 331 399
154 393 390 88 0 157 194 332 279 347
209 448 445 209 157 0 55 387 134 202
246 485 482 246 194 55 0 424 177 245
366 339 336 384 332 387 424 0 509 577
331 570 567 331 279 134 177 509 0 128
399 638 635 399 347 202 245 577 128 0
