0 222 242 227 105 173 70 140 186 304
222 0 270 257 189 203 272 224 270 164
242 270 0 277 209 223 292 244 290 352
227 257 277 0 194 168 277 229 275 339
105 189 209 194 0 140 155 93 139 271
173 203 223 168 140 0 223 175 221 285
70 272 292 277 155 223 0 190 236 354
140 224 244 229 93 175 190 0 70 306
186 270 290 275 139 221 236 70 0 352
304 164 352 339 271 285 354 306 352 0
