0 129 307 272 463 452 434 426 494 329
129 0 264 229 420 409 391 383 451 286
307 264 0 259 450 439 281 413 481 316
272 229 259 0 321 310 386 284 352 83
463 420 450 321 0 371 577 191 413 378
452 409 439 310 371 0 566 334 230 367
434 391 281 386 577 566 0 540 608 443
426 383 413 284 191 334 540 0 376 341
494 451 481 352 413 230 608 376 0 409
329 286 316 83 378 367 443 341 409 0
