0 396 34 351 435 396 243 245 376 356
396 0 400 293 377 338 605 607 738 298
34 400 0 355 439 400 247 249 380 360
351 293 355 0 212 173 560 562 693 179
435 377 439 212 0 121 644 646 777 263
396 338 400 173 121 0 605 607 738 224
243 605 247 560 644 605 0 166 401 565
245 607 249 562 646 607 166 0 403 567
376 738 380 693 777 738 401 403 0 698
356 298 360 179 263 224 565 567 698 0
