0 293 291 391 306 263 223 280 411 360
293 0 264 364 275 232 208 173 304 253
291 264 0 136 277 234 206 251 382 331
391 364 136 0 377 334 306 351 482 431
306 275 277 377 0 85 221 262 393 342
263 232 234 334 85 0 178 219 350 299
223 208 206 306 221 178 0 195 326 275
280 173 251 351 262 219 195 0 221 170
411 304 382 482 393 350 326 221 0 129
360 253 331 431 342 299 275 170 129 0
