0 362 249 520 417 352 530 378 191 163
362 0 285 422 319 388 432 280 393 365
249 285 0 443 340 125 453 301 280 252
520 422 443 0 335 546 114 338 551 523
417 319 340 335 0 443 345 235 448 420
352 388 125 546 443 0 556 404 383 355
530 432 453 114 345 556 0 348 561 533
378 280 301 338 235 404 348 0 409 381
191 393 280 551 448 383 561 409 0 118
163 365 252 523 420 355 533 381 118 0
