0 366 186 437 167 301 466 275 361 192
366 0 394 93 375 101 376 483 271 400
186 394 0 465 25 329 494 207 389 124
437 93 465 0 446 172 447 554 342 471
167 375 25 446 0 310 475 188 370 105
301 101 329 172 310 0 311 418 206 335
466 376 494 447 475 311 0 583 273 500
275 483 207 554 188 418 583 0 478 151
361 271 389 342 370 206 273 478 0 395
192 400 124 471 105 335 500 151 395 0
