0 146 216 301 225 230 266 453 252 384
146 0 166 171 95 180 350 403 202 334
216 166 0 321 245 70 420 293 206 224
301 171 321 0 100 335 505 558 357 489
225 95 245 100 0 259 429 482 281 413
230 180 70 335 259 0 434 261 220 192
266 350 420 505 429 434 0 657 456 588
453 403 293 558 482 261 657 0 443 217
252 202 206 357 281 220 456 443 0 374
384 334 224 489 413 192 588 217 374 0
