0 320 355 182 313 206 325 325 375 203
320 0 431 258 389 282 463 463 451 341
355 431 0 175 110 279 498 498 448 376
182 258 175 0 133 106 325 325 275 203
313 389 110 133 0 237 456 456 406 334
206 282 279 106 237 0 349 349 179 227
325 463 498 325 456 349 0 128 518 198
325 463 498 325 456 349 128 0 518 198
375 451 448 275 406 179 518 518 0 396
203 341 376 203 334 227 198 198 396 0
