0 421 354 421 452 406 278 388 389 449
421 0 301 368 271 225 413 141 142 202
354 301 0 137 332 286 346 268 269 329
421 368 137 0 399 353 413 335 336 396
452 271 332 399 0 74 444 238 239 299
406 225 286 353 74 0 398 192 193 253
278 413 346 413 444 398 0 380 381 441
388 141 268 335 238 192 380 0 15 129
389 142 269 336 239 193 381 15 0 130
449 202 329 396 299 253 441 129 130 0
