0 407 94 381 386 388 273 429 378 357
407 0 415 337 148 476 348 183 472 150
94 415 0 387 393 399 282 440 371 380
381 337 387 0 344 439 320 390 419 312
386 148 393 344 0 470 357 160 451 101
388 476 399 439 470 0 264 506 163 438
273 348 282 320 357 264 0 370 244 327
429 183 440 390 160 506 370 0 488 83
378 472 371 419 451 163 244 488 0 428
357 150 380 312 101 438 327 83 428 0
