0 333 389 391 300 412 408 335 426 73
333 0 484 486 395 507 137 430 155 346
389 484 0 180 273 373 559 296 577 402
391 486 180 0 275 375 561 298 579 404
300 395 273 275 0 296 470 219 488 313
412 507 373 375 296 0 582 235 600 425
408 137 559 561 470 582 0 505 72 421
335 430 296 298 219 235 505 0 523 348
426 155 577 579 488 600 72 523 0 439
73 346 402 404 313 425 421 348 439 0
