0 18 427 467 412 147 453 430 315 344
18 0 421 475 396 149 446 434 311 345
427 421 0 297 235 334 254 258 415 465
467 475 297 0 113 387 293 261 466 497
412 396 235 113 0 333 233 218 426 445
147 149 334 387 333 0 381 342 223 271
453 446 254 293 233 381 0 80 446 497
430 434 258 261 218 342 80 0 450 482
315 311 415 466 426 223 446 450 0 41
344 345 465 497 445 271 497 482 41 0
