0 240 370 337 465 486 89 270 282 133
240 0 357 324 476 483 194 260 284 221
370 357 0 125 333 348 335 197 198 372
337 324 125 0 305 299 313 158 162 350
465 476 333 305 0 99 434 294 311 513
486 483 348 299 99 0 451 311 325 505
89 194 335 313 434 451 0 249 226 110
270 260 197 158 294 311 249 0 71 279
282 284 198 162 311 325 226 71 0 312
133 221 372 350 513 505 110 279 312 0
