0 90 193 254 502 467 212 395 445 409
90 0 263 353 591 562 308 439 531 486
193 263 0 338 555 535 249 467 534 463
254 353 338 0 467 430 398 352 419 358
502 591 555 467 0 161 629 401 456 419
467 562 535 430 161 0 587 355 445 390
212 308 249 398 629 587 0 489 567 531
395 439 467 352 401 355 489 0 247 170
445 531 534 419 456 445 567 247 0 105
409 486 463 358 419 390 531 170 105 0
