0 327 433 538 570 107 154 404 400 176
327 0 309 453 447 233 193 288 281 294
433 309 0 360 368 353 303 313 290 412
538 453 360 0 137 472 419 410 395 523
570 447 368 137 0 506 447 449 426 547
107 233 353 472 506 0 74 333 305 65
154 193 303 419 447 74 0 272 256 138
404 288 313 410 449 333 272 0 103 405
400 281 290 395 426 305 256 103 0 364
176 294 412 523 547 65 138 405 364 0
