0 321 499 539 510 182 205 511 579 244
321 0 462 502 473 309 312 474 542 371
499 462 0 238 209 487 490 244 312 549
539 502 238 0 55 527 530 284 352 589
510 473 209 55 0 498 501 255 323 560
182 309 487 527 498 0 193 499 567 102
205 312 490 530 501 193 0 502 570 255
511 474 244 284 255 499 502 0 130 561
579 542 312 352 323 567 570 130 0 629
244 371 549 589 560 102 255 561 629 0
