0 341 295 410 395 323 206 236 400 336
341 0 382 317 482 230 299 255 307 155
295 382 0 451 208 364 253 277 441 377
410 317 451 0 551 277 368 324 168 312
395 482 208 551 0 464 353 377 541 477
323 230 364 277 464 0 281 237 267 225
206 299 253 368 353 281 0 194 358 294
236 255 277 324 377 237 194 0 314 250
400 307 441 168 541 267 358 314 0 302
336 155 377 312 477 225 294 250 302 0
