0 153 394 379 567 553 174 296 267 129
153 0 347 332 520 506 167 249 220 182
394 347 0 41 421 407 408 318 289 423
379 332 41 0 406 392 393 303 274 408
567 520 421 406 0 126 581 491 462 596
553 506 407 392 126 0 567 477 448 582
174 167 408 393 581 567 0 310 281 203
296 249 318 303 491 477 310 0 63 325
267 220 289 274 462 448 281 63 0 296
129 182 423 408 596 582 203 325 296 0
