0 207 199 119 256 216 243 241 226 226
207 0 304 300 239 321 348 346 209 331
199 304 0 292 353 107 134 230 323 215
119 300 292 0 349 309 336 334 319 319
256 239 353 349 0 370 397 395 70 380
216 321 107 309 370 0 147 247 340 232
243 348 134 336 397 147 0 274 367 259
241 346 230 334 395 247 274 0 365 223
226 209 323 319 70 340 367 365 0 350
226 331 215 319 380 232 259 223 350 0
