0 92 35 264 326 209 111 211 193 248
92 0 107 336 398 281 183 283 265 320
35 107 0 251 313 196 96 198 180 235
264 336 251 0 202 209 327 211 227 248
326 398 313 202 0 271 389 273 289 310
209 281 196 209 271 0 272 48 172 117
111 183 96 327 389 272 0 274 256 311
211 283 198 211 273 48 274 0 174 119
193 265 180 227 289 172 256 174 0 211
248 320 235 248 310 117 311 119 211 0
