0 170 298 406 276 387 209 261 337 391
170 0 360 468 338 449 159 323 399 453
298 360 0 516 376 181 399 371 447 185
406 468 516 0 494 605 507 365 135 609
276 338 376 494 0 465 377 349 425 469
387 449 181 605 465 0 488 460 536 104
209 159 399 507 377 488 0 362 438 492
261 323 371 365 349 460 362 0 296 464
337 399 447 135 425 536 438 296 0 540
391 453 185 609 469 104 492 464 540 0
