0 438 200 407 412 201 335 503 235 263
438 0 410 543 162 411 289 639 259 473
200 410 0 379 384 61 307 475 207 123
407 543 379 0 517 380 440 102 340 442
412 162 384 517 0 385 263 613 233 447
201 411 61 380 385 0 308 476 208 120
335 289 307 440 263 308 0 536 156 370
503 639 475 102 613 476 536 0 436 538
235 259 207 340 233 208 156 436 0 270
263 473 123 442 447 120 370 538 270 0
