0 463 563 532 262 689 277 367 397 226
463 0 294 263 623 272 638 728 308 303
563 294 0 51 723 520 738 828 408 403
532 263 51 0 692 489 707 797 377 372
262 623 723 692 0 849 403 133 557 386
689 272 520 489 849 0 864 954 534 529
277 638 738 707 403 864 0 508 572 401
367 728 828 797 133 954 508 0 662 491
397 308 408 377 557 534 572 662 0 237
226 303 403 372 386 529 401 491 237 0
