0 343 386 306 205 298 209 284 322 416
343 0 81 313 290 305 216 291 329 423
386 81 0 356 333 348 259 334 372 466
306 313 356 0 253 96 99 248 224 318
205 290 333 253 0 245 156 231 269 363
298 305 348 96 245 0 91 240 216 310
209 216 259 99 156 91 0 151 127 221
284 291 334 248 231 240 151 0 264 358
322 329 372 224 269 216 127 264 0 278
416 423 466 318 363 310 221 358 278 0
