0 200 202 438 234 420 385 297 418 465
200 0 30 328 222 310 275 187 308 355
202 30 0 330 224 312 277 189 310 357
438 328 330 0 460 136 249 373 420 467
234 222 224 460 0 442 407 319 440 487
420 310 312 136 442 0 231 355 402 449
385 275 277 249 407 231 0 320 367 414
297 187 189 373 319 355 320 0 353 400
418 308 310 420 440 402 367 353 0 439
465 355 357 467 487 449 414 400 439 0
