0 347 280 400 222 163 423 247 195 295
347 0 179 595 505 446 618 442 478 490
280 179 0 528 438 379 551 375 411 423
400 595 528 0 558 499 91 273 531 155
222 505 438 558 0 155 581 405 187 453
163 446 379 499 155 0 522 346 80 394
423 618 551 91 581 522 0 296 554 178
247 442 375 273 405 346 296 0 378 168
195 478 411 531 187 80 554 378 0 426
295 490 423 155 453 394 178 168 426 0
