0 236 332 328 259 368 203 219 336 178
236 0 214 364 265 250 357 255 372 332
332 214 0 460 361 166 453 351 468 428
328 364 460 0 387 496 449 309 200 424
259 265 361 387 0 397 380 278 395 355
368 250 166 496 397 0 489 387 504 464
203 357 453 449 380 489 0 340 457 153
219 255 351 309 278 387 340 0 317 315
336 372 468 200 395 504 457 317 0 432
178 332 428 424 355 464 153 315 432 0
