0 439 362 476 163 273 294 359 265 291
439 0 241 183 406 516 537 602 508 352
362 241 0 278 329 439 460 525 431 275
476 183 278 0 443 553 574 639 545 389
163 406 329 443 0 230 251 316 222 258
273 516 439 553 230 0 189 114 160 368
294 537 460 574 251 189 0 275 67 389
359 602 525 639 316 114 275 0 246 454
265 508 431 545 222 160 67 246 0 360
291 352 275 389 258 368 389 454 360 0
