0 215 444 223 232 589 248 599 471 723
215 0 313 78 87 458 247 468 340 592
444 313 0 321 330 173 476 183 221 307
223 78 321 0 25 466 255 476 348 600
232 87 330 25 0 475 264 485 357 609
589 458 173 466 475 0 621 246 366 370
248 247 476 255 264 621 0 631 503 755
599 468 183 476 485 246 631 0 376 244
471 340 221 348 357 366 503 376 0 500
723 592 307 600 609 370 755 244 500 0
