0 415 412 447 520 481 334 276 511 404
415 0 333 368 345 306 277 179 336 73
412 333 0 153 438 399 274 194 429 322
447 368 153 0 473 434 309 229 464 357
520 345 438 473 0 229 382 284 85 334
481 306 399 434 229 0 343 245 220 295
334 277 274 309 382 343 0 138 373 266
276 179 194 229 284 245 138 0 275 168
511 336 429 464 85 220 373 275 0 325
404 73 322 357 334 295 266 168 325 0
