0 212 370 240 282 288 153 431 366 365
212 0 584 182 465 224 228 616 543 553
370 584 0 604 455 648 503 599 175 537
240 182 604 0 500 82 256 653 572 581
282 465 455 500 0 575 414 311 427 239
288 224 648 82 575 0 301 702 625 630
153 228 503 256 414 301 0 564 477 492
431 616 599 653 311 702 564 0 565 135
366 543 175 572 427 625 477 565 0 517
365 553 537 581 239 630 492 135 517 0
