     15
object000 0 276 297 297 324 278 440 318 383 331 382 348 305 442 241
object001 276 0 361 396 444 176 533 115 337 417 296 159 387 524 310
object002 297 361 0 203 345 367 446 394 494 307 511 455 64 384 133
object003 297 396 203 0 371 399 390 363 458 299 476 373 170 407 13
object004 324 444 345 371 0 450 311 498 582 207 538 478 309 239 307
object005 278 176 367 399 450 0 519 198 286 438 141 262 353 489 374
object006 440 533 446 390 311 519 0 509 663 238 596 551 406 363 331
object007 318 115 394 363 498 198 509 0 334 382 323 69 381 527 294
object008 383 337 494 458 582 286 663 334 0 562 346 431 507 640 456
object009 331 417 307 299 207 438 238 382 562 0 567 455 336 269 228
object010 382 296 511 476 538 141 596 323 346 567 0 350 475 608 410
object011 348 159 455 373 478 262 551 69 431 455 350 0 384 604 405
object012 305 387 64 170 309 353 406 381 507 336 475 384 0 426 130
object013 442 524 384 407 239 489 363 527 640 269 608 604 426 0 387
object014 241 310 133 13 307 374 331 294 456 228 410 405 130 387 0
