0 329 286 240 288 296 283 227 383 303 322 280 321 496 471
329 0 435 389 437 445 496 440 158 222 471 429 470 187 162
286 435 0 214 282 180 453 397 489 409 316 274 315 602 577
240 389 214 0 236 224 407 351 443 363 270 228 269 556 531
288 437 282 236 0 292 455 399 491 411 274 232 273 604 579
296 445 180 224 292 0 463 407 499 419 326 284 325 612 587
283 496 453 407 455 463 0 310 550 470 489 447 488 663 638
227 440 397 351 399 407 310 0 494 414 433 391 432 607 582
383 158 489 443 491 499 550 494 0 276 525 483 524 325 300
303 222 409 363 411 419 470 414 276 0 445 403 444 389 364
322 471 316 270 274 326 489 433 525 445 0 114 281 638 613
280 429 274 228 232 284 447 391 483 403 114 0 239 596 571
321 470 315 269 273 325 488 432 524 444 281 239 0 637 612
496 187 602 556 604 612 663 607 325 389 638 596 637 0 55
471 162 577 531 579 587 638 582 300 364 613 571 612 55 0
