0 405 182 276 303 193 346 278 365 411 348 380 377 476 529
405 0 373 467 494 384 579 511 200 380 539 571 568 215 268
182 373 0 116 207 27 356 288 333 379 252 284 281 444 497
276 467 116 0 301 127 450 382 427 473 346 378 375 538 591
303 494 207 301 0 218 477 409 454 500 241 273 270 565 618
193 384 27 127 218 0 367 299 344 390 263 295 292 455 508
346 579 356 450 477 367 0 264 539 585 522 554 551 650 703
278 511 288 382 409 299 264 0 471 517 454 486 483 582 635
365 200 333 427 454 344 539 471 0 340 499 531 528 271 324
411 380 379 473 500 390 585 517 340 0 545 577 574 451 504
348 539 252 346 241 263 522 454 499 545 0 56 121 610 663
380 571 284 378 273 295 554 486 531 577 56 0 153 642 695
377 568 281 375 270 292 551 483 528 574 121 153 0 639 692
476 215 444 538 565 455 650 582 271 451 610 642 639 0 95
529 268 497 591 618 508 703 635 324 504 663 695 692 95 0
