((object010:163.58482,object006:19.41518):24.62966,((object011:75.21822,
object005:19.78178):36.63334,((((object012:168.75064,(object009:17.61826,
object008:4.38174):151.20291):8.94476,(((object014:24.39391,
object007:0.60609):72.85397,object004:41.63390):71.44757,
(object013:48.54299,object003:60.45701):37.86017):33.95699):32.44586,
object001:45.61881):134.64484,object002:74.74309):13.80465):74.14002,object000:0.80663);
