0 63 294 332 414 152 358 183 166 392 245 300 120 458 288
63 0 336 329 445 166 433 181 164 381 315 357 218 506 297
294 336 0 169 358 393 373 453 477 333 571 69 476 448 103
332 329 169 0 404 454 350 461 465 332 508 183 463 442 69
414 445 358 404 0 488 177 592 537 265 607 392 577 153 367
152 166 393 454 488 0 514 295 249 403 288 446 283 562 355
358 433 373 350 177 514 0 535 515 195 620 433 535 178 329
183 181 453 461 592 295 535 0 55 403 397 488 330 593 384
166 164 477 465 537 249 515 55 0 431 361 436 290 634 394
392 381 333 332 265 403 195 403 431 0 596 354 437 318 369
245 315 571 508 607 288 620 397 361 596 0 579 364 702 536
300 357 69 183 392 446 433 488 436 354 579 0 535 503 177
120 218 476 463 577 283 535 330 290 437 364 535 0 626 414
458 506 448 442 153 562 178 593 634 318 702 503 626 0 425
288 297 103 69 367 355 329 384 394 369 536 177 414 425 0
