0 326 106 106 222 215 309 372 367 227
326 0 344 315 321 301 46 454 439 167
106 344 0 144 283 280 358 388 401 297
106 315 144 0 215 237 317 370 369 243
222 321 283 215 0 106 295 209 221 249
215 301 280 237 106 0 312 159 165 229
309 46 358 317 295 312 0 447 439 156
372 454 388 370 209 159 447 0 116 387
367 439 401 369 221 165 439 116 0 370
227 167 297 243 249 229 156 387 370 0
