0 316 376 262 244 131 417 414 350 352
316 0 414 273 244 261 265 286 203 351
376 414 0 271 251 335 467 507 407 131
262 273 271 0 43 217 330 360 284 214
244 244 251 43 0 184 320 350 248 205
131 261 335 217 184 0 359 362 274 290
417 265 467 330 320 359 0 101 90 433
414 286 507 360 350 362 101 0 100 460
350 203 407 284 248 274 90 100 0 361
352 351 131 214 205 290 433 460 361 0
