0 205 244 374 235 344 72 460 331 423
205 0 157 405 266 257 151 491 244 454
244 157 0 444 305 194 190 530 181 493
374 405 444 0 221 544 320 278 531 241
235 266 305 221 0 405 181 307 392 270
344 257 194 544 405 0 290 630 109 593
72 151 190 320 181 290 0 406 277 369
460 491 530 278 307 630 406 0 617 129
331 244 181 531 392 109 277 617 0 580
423 454 493 241 270 593 369 129 580 0
