0 256 98 108 296 266 296 227 307 264
256 0 197 182 191 285 165 110 156 288
98 197 0 57 240 192 244 167 239 197
108 182 57 0 253 190 237 168 241 185
296 191 240 253 0 327 50 127 110 340
266 285 192 190 327 0 328 272 326 97
296 165 244 237 50 328 0 124 87 295
227 110 167 168 127 272 124 0 150 255
307 156 239 241 110 326 87 150 0 318
264 288 197 185 340 97 295 255 318 0
