0 431 418 337 181 479 255 523 273 337
431 0 177 414 450 166 533 198 373 432
418 177 0 396 404 228 493 244 341 412
337 414 396 0 352 463 436 517 129 176
181 450 404 352 0 487 101 531 281 347
479 166 228 463 487 0 582 94 416 487
255 533 493 436 101 582 0 592 347 434
523 198 244 517 531 94 592 0 447 507
273 373 341 129 281 416 347 447 0 129
337 432 412 176 347 487 434 507 129 0
