0 414 242 295 315 364 481 115 293 466
414 0 310 205 185 432 243 335 361 228
242 310 0 191 211 210 377 163 139 362
295 205 191 0 106 313 272 216 242 257
315 185 211 106 0 333 252 236 262 237
364 432 210 313 333 0 499 285 125 484
481 243 377 272 252 499 0 402 428 121
115 335 163 216 236 285 402 0 214 387
293 361 139 242 262 125 428 214 0 413
466 228 362 257 237 484 121 387 413 0
