0 260 64 162 162 404 360 336 344 242
260 0 208 234 234 210 166 120 150 76
64 208 0 110 110 352 308 284 292 190
162 234 110 0 102 378 334 310 318 216
162 234 110 102 0 378 334 310 318 216
404 210 352 378 378 0 62 286 206 220
360 166 308 334 334 62 0 242 162 176
336 120 284 310 310 286 242 0 226 152
344 150 292 318 318 206 162 226 0 160
242 76 190 216 216 220 176 152 160 0
