0 352 172 401 219 332 333 347 177 61
352 0 220 127 415 270 59 195 373 395
172 220 0 269 235 200 201 215 193 215
401 127 269 0 464 319 78 244 422 444
219 415 235 464 0 395 396 410 128 262
332 270 200 319 395 0 251 265 353 375
333 59 201 78 396 251 0 176 354 376
347 195 215 244 410 265 176 0 368 390
177 373 193 422 128 353 354 368 0 220
61 395 215 444 262 375 376 390 220 0
