0 71 365 212 311 157 154 128 177 259
71 0 344 190 286 250 235 229 266 233
365 344 0 288 70 547 519 503 533 223
212 190 288 0 242 376 359 344 394 199
311 286 70 242 0 486 468 452 485 151
157 250 547 376 486 0 182 197 226 409
154 235 519 359 468 182 0 177 231 416
128 229 503 344 452 197 177 0 67 379
177 266 533 394 485 226 231 67 0 449
259 233 223 199 151 409 416 379 449 0
