0 81 262 296 287 306 93 65 354 239
81 0 318 370 350 370 140 127 440 296
262 318 0 358 168 185 280 271 252 292
296 370 358 0 379 396 303 296 446 92
287 350 168 379 0 124 320 300 107 309
306 370 185 396 124 0 306 340 222 329
93 140 280 303 320 306 0 28 387 243
65 127 271 296 300 340 28 0 398 258
354 440 252 446 107 222 387 398 0 386
239 296 292 92 309 329 243 258 386 0
