0 383 307 256 188 146 198 352 265 360
383 0 108 395 515 473 525 299 404 147
307 108 0 319 439 397 449 223 328 85
256 395 319 0 388 346 398 364 81 372
188 515 439 388 0 110 162 484 397 492
146 473 397 346 110 0 82 442 355 450
198 525 449 398 162 82 0 494 407 502
352 299 223 364 484 442 494 0 373 276
265 404 328 81 397 355 407 373 0 381
360 147 85 372 492 450 502 276 381 0
