0 380 40 98 210 228 388 262 272 309
380 0 372 380 322 340 166 374 384 175
40 372 0 90 202 220 380 254 264 301
98 380 90 0 210 228 388 262 272 309
210 322 202 210 0 106 330 140 150 251
228 340 220 228 106 0 348 52 62 269
388 166 380 388 330 348 0 382 392 183
262 374 254 262 140 52 382 0 34 303
272 384 264 272 150 62 392 34 0 313
309 175 301 309 251 269 183 303 313 0
