0 187 280 216 80 318 353 325 115 192
187 0 405 370 211 475 489 446 110 302
280 405 0 190 285 90 290 286 369 195
216 370 190 0 239 252 166 129 319 168
80 211 285 239 0 360 363 341 163 180
318 475 90 252 360 0 348 340 422 273
353 489 290 166 363 348 0 71 427 299
325 446 286 129 341 340 71 0 412 278
115 110 369 319 163 422 427 412 0 256
192 302 195 168 180 273 299 278 256 0
