0 318 415 444 428 387 364 391 378 271
318 0 370 239 236 374 340 226 191 246
415 370 0 494 477 167 134 473 430 229
444 239 494 0 190 476 447 132 154 364
428 236 477 190 0 461 425 156 130 347
387 374 167 476 461 0 69 454 416 216
364 340 134 447 425 69 0 455 396 213
391 226 473 132 156 454 455 0 146 323
378 191 430 154 130 416 396 146 0 271
271 246 229 364 347 216 213 323 271 0
