0 170 190 142 260 179 197 238 121 213
170 0 100 90 390 309 145 368 251 343
190 100 0 110 410 329 165 388 271 363
142 90 110 0 362 281 67 340 223 315
260 390 410 362 0 249 417 114 145 89
179 309 329 281 249 0 336 227 110 202
197 145 165 67 417 336 0 395 278 370
238 368 388 340 114 227 395 0 123 65
121 251 271 223 145 110 278 123 0 98
213 343 363 315 89 202 370 65 98 0
