0 382 49 108 207 233 382 259 268 301
382 0 371 358 326 348 162 377 381 182
49 371 0 93 207 230 375 264 252 294
108 358 93 0 213 249 394 259 265 307
207 326 207 213 0 101 324 142 152 263
233 348 230 249 101 0 356 47 53 273
382 162 375 394 324 356 0 373 402 176
259 377 264 259 142 47 373 0 47 292
268 381 252 265 152 53 402 47 0 330
301 182 294 307 263 273 176 292 330 0
