0 341 192 232 343 232 322 139 261 316
341 0 339 343 150 120 143 291 433 402
192 339 0 254 344 246 348 136 65 320
232 343 254 0 330 232 333 215 332 86
343 150 344 330 0 124 105 314 437 422
232 120 246 232 124 0 111 180 295 302
322 143 348 333 105 111 0 297 401 414
139 291 136 215 314 180 297 0 218 281
261 433 65 332 437 295 401 218 0 394
316 402 320 86 422 302 414 281 394 0
