0 204 299 353 398 158 206 241 184 215
204 0 184 247 274 226 236 114 221 265
299 184 0 124 175 297 363 131 323 381
353 247 124 0 60 363 406 193 390 425
398 274 175 60 0 395 452 239 419 456
158 226 297 363 395 0 52 238 198 225
206 236 363 406 452 52 0 281 225 275
241 114 131 193 239 238 281 0 277 284
184 221 323 390 419 198 225 277 0 96
215 265 381 425 456 225 275 284 96 0
