0 335 257 308 376 373 436 173 350 494
335 0 219 142 77 372 138 296 307 169
257 219 0 174 288 180 307 220 154 351
308 142 174 0 217 316 239 253 296 302
376 77 288 217 0 417 168 380 364 241
373 372 180 316 417 0 475 344 85 497
436 138 307 239 168 475 0 377 418 98
173 296 220 253 380 344 377 0 302 440
350 307 154 296 364 85 418 302 0 464
494 169 351 302 241 497 98 440 464 0
