0 335 271 338 318 158 346 312 364 268
335 0 260 342 310 341 87 136 215 287
271 260 0 161 122 259 292 236 291 34
338 342 161 0 71 336 362 305 356 159
318 310 122 71 0 324 319 301 352 152
158 341 259 336 324 0 347 297 361 286
346 87 292 362 319 347 0 166 237 293
312 136 236 305 301 297 166 0 70 233
364 215 291 356 352 361 237 70 0 318
268 287 34 159 152 286 293 233 318 0
