0 92 150 221 226 177 235 218 302 380
92 0 220 291 296 247 305 288 372 450
150 220 0 231 146 187 155 228 222 300
221 291 231 0 307 86 316 127 383 461
226 296 146 307 0 263 43 304 120 198
177 247 187 86 263 0 272 53 339 417
235 305 155 316 43 272 0 313 129 207
218 288 228 127 304 53 313 0 380 458
302 372 222 383 120 339 129 380 0 96
380 450 300 461 198 417 207 458 96 0
