0 352 203 212 255 262 317 119 322 231
352 0 349 218 177 408 155 305 160 377
203 349 0 209 252 117 314 156 319 86
212 218 209 0 121 268 183 165 188 237
255 177 252 121 0 311 142 208 147 280
262 408 117 268 311 0 373 215 378 69
317 155 314 183 142 373 0 270 87 342
119 305 156 165 208 215 270 0 275 184
322 160 319 188 147 378 87 275 0 347
231 377 86 237 280 69 342 184 347 0
