0 243 129 280 353 58 258 249 200 294
243 0 182 105 468 282 -5 351 167 378
129 182 0 232 329 171 180 245 161 265
280 105 232 0 527 331 93 396 199 436
353 468 329 527 0 407 457 304 431 128
58 282 171 331 407 0 312 306 267 348
258 -5 180 93 457 312 0 355 202 397
249 351 245 396 304 306 355 0 326 217
200 167 161 199 431 267 202 326 0 362
294 378 265 436 128 348 397 217 362 0
