0 318 239 157 356 412 383 346 401 317
318 0 275 291 70 276 97 60 115 181
239 275 0 212 313 369 340 303 358 274
157 291 212 0 329 385 356 319 374 290
356 70 313 329 0 314 87 78 121 219
412 276 369 385 314 0 341 304 359 97
383 97 340 356 87 341 0 105 148 246
346 60 303 319 78 304 105 0 123 209
401 115 358 374 121 359 148 123 0 264
317 181 274 290 219 97 246 209 264 0
