0 262 106 87 302 263 292 235 300 255
262 0 196 203 176 291 166 109 174 283
106 196 0 47 236 197 226 169 234 189
87 203 47 0 243 204 233 176 241 196
302 176 236 243 0 331 42 133 104 323
263 291 197 204 331 0 321 264 329 96
292 166 226 233 42 321 0 123 94 313
235 109 169 176 133 264 123 0 131 256
300 174 234 241 104 329 94 131 0 321
255 283 189 196 323 96 313 256 321 0
