0 23 390 309 280 462 218 433 181 324
23 0 387 306 277 459 215 430 178 321
390 387 0 275 246 254 494 225 457 290
309 306 275 0 63 347 413 318 376 107
280 277 246 63 0 318 384 289 347 66
462 459 254 347 318 0 566 99 529 362
218 215 494 413 384 566 0 537 141 428
433 430 225 318 289 99 537 0 500 333
181 178 457 376 347 529 141 500 0 391
324 321 290 107 66 362 428 333 391 0
