0 213 121 141 200 146 286 207 246 169
213 0 187 201 143 250 215 136 188 284
121 187 0 39 172 185 247 192 236 183
141 201 39 0 196 197 274 196 241 195
200 143 172 196 0 245 186 116 163 245
146 250 185 197 245 0 327 264 298 34
286 215 247 274 186 327 0 196 79 334
207 136 192 196 116 264 196 0 189 261
246 188 236 241 163 298 79 189 0 332
169 284 183 195 245 34 334 261 332 0
