0 163 184 239 248 275 322 180 83 152
163 0 268 86 91 221 268 247 207 263
184 268 0 363 385 398 445 137 212 139
239 86 363 0 193 333 355 336 284 363
248 91 385 193 0 325 368 341 312 350
275 221 398 333 325 0 112 371 327 350
322 268 445 355 368 112 0 428 357 439
180 247 137 336 341 371 428 0 190 125
83 207 212 284 312 327 357 190 0 217
152 263 139 363 350 350 439 125 217 0
