0 341 167 399 209 330 337 330 169 57
341 0 230 130 378 269 51 197 363 408
167 230 0 270 247 187 195 234 210 204
399 130 270 0 474 288 62 222 435 450
209 378 247 474 0 381 405 406 121 257
330 269 187 288 381 0 251 267 356 370
337 51 195 62 405 251 0 176 339 368
330 197 234 222 406 267 176 0 366 391
169 363 210 435 121 356 339 366 0 213
57 408 204 450 257 370 368 391 213 0
