0 201 191 167 228 143 360 265 196 338
201 0 214 190 151 244 283 288 219 261
191 214 0 138 241 234 373 276 207 351
167 190 138 0 217 210 349 252 183 327
228 151 241 217 0 271 206 315 246 184
143 244 234 210 271 0 403 308 239 381
360 283 373 349 206 403 0 447 378 118
265 288 276 252 315 308 447 0 87 425
196 219 207 183 246 239 378 87 0 356
338 261 351 327 184 381 118 425 356 0
