0 153 283 347 337 265 392 138 315 361
153 0 212 280 302 237 322 36 254 306
283 212 0 210 200 171 321 235 166 299
347 280 210 0 16 142 386 277 172 365
337 302 200 16 0 165 376 271 174 375
265 237 171 142 165 0 340 232 103 305
392 322 321 386 376 340 0 349 356 152
138 36 235 277 271 232 349 0 247 308
315 254 166 172 174 103 356 247 0 348
361 306 299 365 375 305 152 308 348 0
