0 129 225 126 330 288 156 183 104 186
129 0 242 123 312 293 91 186 168 235
225 242 0 230 301 254 272 83 260 332
126 123 230 0 316 310 168 206 168 220
330 312 301 316 0 100 363 248 373 437
288 293 254 310 100 0 317 229 320 395
156 91 272 168 363 317 0 206 192 268
183 186 83 206 248 229 206 0 220 275
104 168 260 168 373 320 192 220 0 109
186 235 332 220 437 395 268 275 109 0
