0 305 116 283 218 165 386 355 339 217
305 0 309 48 403 350 193 162 146 202
116 309 0 287 222 169 390 359 343 221
283 48 287 0 381 328 171 140 124 180
218 403 222 381 0 111 484 453 437 315
165 350 169 328 111 0 431 400 384 262
386 193 390 171 484 431 0 121 107 283
355 162 359 140 453 400 121 0 76 252
339 146 343 124 437 384 107 76 0 236
217 202 221 180 315 262 283 252 236 0
