0 317 233 208 162 236 165 203 161 153
317 0 193 270 350 85 342 177 212 320
233 193 0 190 298 116 293 138 148 261
208 270 190 0 244 194 237 168 70 209
162 350 298 244 0 285 54 250 220 79
236 85 116 194 285 0 289 135 161 234
165 342 293 237 54 289 0 248 221 95
203 177 138 168 250 135 248 0 111 218
161 212 148 70 220 161 221 111 0 180
153 320 261 209 79 234 95 218 180 0
