0 389 329 444 410 142 227 393 205 474
389 0 104 268 240 401 287 229 317 98
329 104 0 215 184 349 241 174 240 193
444 268 215 0 128 461 373 148 364 372
410 240 184 128 0 434 302 119 305 339
142 401 349 461 434 0 244 405 235 498
227 287 241 373 302 244 0 323 45 392
393 229 174 148 119 405 323 0 310 313
205 317 240 364 305 235 45 310 0 404
474 98 193 372 339 498 392 313 404 0
