0 289 315 246 176 170 153 270 192 83
289 0 153 87 312 387 399 215 317 295
315 153 0 98 306 406 403 199 320 317
246 87 98 0 258 347 373 141 257 258
176 312 306 258 0 295 285 262 113 195
170 387 406 347 295 0 181 368 298 75
153 399 403 373 285 181 0 371 297 103
270 215 199 141 262 368 371 0 285 278
192 317 320 257 113 298 297 285 0 184
83 295 317 258 195 75 103 278 184 0
