0 182 151 110 415 221 456 244 320 226
182 0 125 98 283 111 324 112 188 116
151 125 0 67 358 164 399 187 263 169
110 98 67 0 331 137 372 160 236 142
415 283 358 331 0 344 87 257 147 349
221 111 164 137 344 0 385 173 249 37
456 324 399 372 87 385 0 298 188 390
244 112 187 160 257 173 298 0 162 178
320 188 263 236 147 249 188 162 0 254
226 116 169 142 349 37 390 178 254 0
