0 270 420 394 291 363 175 191 283 193
270 0 196 170 169 241 223 239 161 93
420 196 0 170 319 391 373 389 311 243
394 170 170 0 293 365 347 363 285 217
291 169 319 293 0 90 244 260 50 114
363 241 391 365 90 0 316 332 122 186
175 223 373 347 244 316 0 70 236 146
191 239 389 363 260 332 70 0 252 162
283 161 311 285 50 122 236 252 0 106
193 93 243 217 114 186 146 162 106 0
