0 268 253 238 266 274 297 147 239 279
268 0 247 214 181 309 140 234 244 96
253 247 0 196 236 232 274 215 189 254
238 214 196 0 199 257 256 200 183 226
266 181 236 199 0 282 228 231 235 169
274 309 232 257 282 0 327 244 127 286
297 140 274 256 228 327 0 289 259 90
147 234 215 200 231 244 289 0 185 234
239 244 189 183 235 127 259 185 0 234
279 96 254 226 169 286 90 234 234 0
