0 252 57 159 150 395 359 347 351 251
252 0 219 229 243 217 176 117 150 72
57 219 0 106 80 370 304 282 286 180
159 229 106 0 84 380 336 305 337 206
150 243 80 84 0 373 333 314 309 200
395 217 370 380 373 0 70 296 202 224
359 176 304 336 333 70 0 255 151 176
347 117 282 305 314 296 255 0 221 166
351 150 286 337 309 202 151 221 0 164
251 72 180 206 200 224 176 166 164 0
