0 192 297 198 236 261 136 332 234 336
192 0 222 156 171 168 172 274 157 279
297 222 0 267 276 126 265 382 130 390
198 156 267 0 108 212 203 177 213 181
236 171 276 108 0 255 243 206 223 210
261 168 126 212 255 0 231 342 1 341
136 172 265 203 243 231 0 318 239 320
332 274 382 177 206 342 318 0 337 146
234 157 130 213 223 1 239 337 0 340
336 279 390 181 210 341 320 146 340 0
