0 181 290 374 383 227 143 120 284 83
181 0 121 205 214 58 170 283 115 246
290 121 0 108 117 163 279 392 20 355
374 205 108 0 185 247 363 476 104 439
383 214 117 185 0 256 372 485 113 448
227 58 163 247 256 0 216 329 157 292
143 170 279 363 372 216 0 245 273 208
120 283 392 476 485 329 245 0 386 59
284 115 20 104 113 157 273 386 0 349
83 246 355 439 448 292 208 59 349 0
