0 279 105 256 554 572 383 519 359 452
279 0 232 119 419 437 248 384 224 317
105 232 0 209 507 525 336 472 312 405
256 119 209 0 396 414 225 361 201 294
554 419 507 396 0 38 329 133 305 200
572 437 525 414 38 0 347 151 323 218
383 248 336 225 329 347 0 294 114 227
519 384 472 361 133 151 294 0 270 165
359 224 312 201 305 323 114 270 0 203
452 317 405 294 200 218 227 165 203 0
