0 141 347 92 410 451 409 227 344 386
141 0 278 199 341 382 340 158 275 317
347 278 0 405 271 312 270 256 167 247
92 199 405 0 468 509 467 285 402 444
410 341 271 468 0 203 161 319 268 100
451 382 312 509 203 0 154 360 309 179
409 340 270 467 161 154 0 318 267 137
227 158 256 285 319 360 318 0 253 295
344 275 167 402 268 309 267 253 0 244
386 317 247 444 100 179 137 295 244 0
