0 149 385 123 523 584 616 207 607 402
149 0 380 168 518 579 611 202 602 397
385 380 0 404 334 395 427 254 418 213
123 168 404 0 542 603 635 226 626 421
523 518 334 542 0 219 251 392 242 193
584 579 395 603 219 0 60 453 133 254
616 611 427 635 251 60 0 485 165 286
207 202 254 226 392 453 485 0 476 271
607 602 418 626 242 133 165 476 0 277
402 397 213 421 193 254 286 271 277 0
