0 433 129 269 339 183 349 136 471 372
433 0 482 340 278 366 288 489 156 223
129 482 0 318 388 232 398 57 520 421
269 340 318 0 246 202 256 325 378 279
339 278 388 246 0 272 52 395 316 217
183 366 232 202 272 0 282 239 404 305
349 288 398 256 52 282 0 405 326 227
136 489 57 325 395 239 405 0 527 428
471 156 520 378 316 404 326 527 0 261
372 223 421 279 217 305 227 428 261 0
