0 107 302 333 401 337 420 228 230 351
107 0 255 286 354 290 373 181 183 304
302 255 0 293 285 221 304 234 236 311
333 286 293 0 392 328 411 265 267 154
401 354 285 392 0 174 115 333 335 410
337 290 221 328 174 0 193 269 271 346
420 373 304 411 115 193 0 352 354 429
228 181 234 265 333 269 352 0 4 283
230 183 236 267 335 271 354 4 0 285
351 304 311 154 410 346 429 283 285 0
