0 275 474 403 421 283 440 227 99 423
275 0 235 187 184 157 202 204 188 181
474 235 0 60 225 345 243 390 389 211
403 187 60 0 141 284 144 352 355 173
421 184 225 141 0 299 66 355 347 121
283 157 345 284 299 0 303 175 199 290
440 202 243 144 66 303 0 353 352 130
227 204 390 352 355 175 353 0 140 329
99 188 389 355 347 199 352 140 0 355
423 181 211 173 121 290 130 329 355 0
