0 139 279 336 341 288 391 142 311 368
139 0 222 279 284 231 334 49 254 311
279 222 0 195 200 147 332 225 170 309
336 279 195 0 9 144 389 282 167 366
341 284 200 9 0 149 394 287 172 371
288 231 147 144 149 0 341 234 105 318
391 334 332 389 394 341 0 337 364 155
142 49 225 282 287 234 337 0 257 314
311 254 170 167 172 105 364 257 0 341
368 311 309 366 371 318 155 314 341 0
