0 258 271 158 158 254 254 116 203 253
258 0 225 202 202 208 208 274 115 165
271 225 0 215 215 127 127 287 170 220
158 202 215 0 88 198 198 174 147 197
158 202 215 88 0 198 198 174 147 197
254 208 127 198 198 0 98 270 153 203
254 208 127 198 198 98 0 270 153 203
116 274 287 174 174 270 270 0 219 269
203 115 170 147 147 153 153 219 0 98
253 165 220 197 197 203 203 269 98 0
