0 233 276 237 210 380 270 221 110 395
233 0 41 110 201 159 138 203 192 176
276 41 0 139 248 121 181 233 235 135
237 110 139 0 225 268 146 194 212 266
210 201 248 225 0 364 237 77 190 373
380 159 121 268 364 0 304 374 363 203
270 138 181 146 237 304 0 265 245 289
221 203 233 194 77 374 265 0 183 356
110 192 235 212 190 363 245 183 0 344
395 176 135 266 373 203 289 356 344 0
