0 173 308 207 169 308 98 305 283 270
173 0 236 150 140 267 262 261 239 245
308 236 0 96 277 413 384 376 405 400
207 150 96 0 197 327 295 293 309 293
169 140 277 197 0 172 275 161 160 143
308 267 413 327 172 0 377 140 203 196
98 262 384 295 275 377 0 372 366 348
305 261 376 293 161 140 372 0 170 177
283 239 405 309 160 203 366 170 0 82
270 245 400 293 143 196 348 177 82 0
