0 240 320 250 442 440 338 321 119 77
240 0 90 180 204 243 112 101 242 205
320 90 0 245 250 263 176 129 320 269
250 180 245 0 348 380 273 252 228 169
442 204 250 348 0 161 287 254 426 363
440 243 263 380 161 0 286 273 440 385
338 112 176 273 287 286 0 173 317 297
321 101 129 252 254 273 173 0 318 261
119 242 320 228 426 440 317 318 0 49
77 205 269 169 363 385 297 261 49 0
