0 460 471 429 221 257 177 449 196 393
460 0 19 95 493 319 449 283 340 227
471 19 0 106 504 330 460 294 351 238
429 95 106 0 462 288 418 252 309 196
221 493 504 462 0 290 112 482 229 426
257 319 330 288 290 0 246 308 137 252
177 449 460 418 112 246 0 438 185 382
449 283 294 252 482 308 438 0 329 136
196 340 351 309 229 137 185 329 0 273
393 227 238 196 426 252 382 136 273 0
