0 219 324 185 196 408 61 148 124 413
219 0 145 198 335 229 192 287 275 234
324 145 0 303 440 142 297 392 380 147
185 198 303 0 301 387 158 253 241 392
196 335 440 301 0 524 177 144 252 529
408 229 142 387 524 0 381 476 464 81
61 192 297 158 177 381 0 129 117 386
148 287 392 253 144 476 129 0 204 481
124 275 380 241 252 464 117 204 0 469
413 234 147 392 529 81 386 481 469 0
