0 284 299 184 174 179 277 150 188 150
284 0 19 461 443 441 207 292 463 193
299 19 0 454 451 461 221 279 464 190
184 461 454 0 107 182 419 295 201 307
174 443 451 107 0 187 436 292 185 291
179 441 461 182 187 0 430 289 53 322
277 207 221 419 436 430 0 254 459 168
150 292 279 295 292 289 254 0 292 141
188 463 464 201 185 53 459 292 0 331
150 193 190 307 291 322 168 141 331 0
