0 312 298 263 238 401 301 267 92 469
312 0 86 117 378 189 253 407 348 257
298 86 0 103 364 131 239 393 334 199
263 117 103 0 329 206 204 358 299 274
238 378 364 329 0 467 367 157 274 535
401 189 131 206 467 0 342 496 437 104
301 253 239 204 367 342 0 396 337 410
267 407 393 358 157 496 396 0 303 564
92 348 334 299 274 437 337 303 0 505
469 257 199 274 535 104 410 564 505 0
