0 335 250 291 392 386 441 177 353 486
335 0 221 146 85 357 136 294 324 181
250 221 0 177 278 186 327 209 153 372
291 146 177 0 203 313 252 250 280 297
392 85 278 203 0 414 193 351 381 238
386 357 186 313 414 0 463 345 101 508
441 136 327 252 193 463 0 400 430 103
177 294 209 250 351 345 400 0 312 445
353 324 153 280 381 101 430 312 0 475
486 181 372 297 238 508 103 445 475 0
