     10
object000 0 346 416 408 551 568 505 411 583 255
object001 346 0 223 200 348 370 279 242 362 283
object002 416 223 0 283 439 444 195 338 474 372
object003 408 200 283 0 305 326 352 299 319 350
object004 551 348 439 305 0 140 496 451 281 495
object005 568 370 444 326 140 0 516 463 301 506
object006 505 279 195 352 496 516 0 379 539 446
object007 411 242 338 299 451 463 379 0 489 329
object008 583 362 474 319 281 301 539 489 0 511
object009 255 283 372 350 495 506 446 329 511 0
