     10
object000 0 160 174 395 420 491 448 339 354 159
object001 160 0 187 366 390 475 427 358 351 174
object002 174 187 0 385 415 519 460 326 358 189
object003 395 366 385 0 228 277 289 570 279 264
object004 420 390 415 228 0 370 123 590 309 297
object005 491 475 519 277 370 0 394 696 391 376
object006 448 427 460 289 123 394 0 633 350 337
object007 339 358 326 570 590 696 633 0 530 371
object008 354 351 358 279 309 391 350 530 0 237
object009 159 174 189 264 297 376 337 371 237 0
