     10
object000 0 224 543 475 512 318 510 504 463 427
object001 224 0 393 335 415 340 394 399 348 458
object002 543 393 0 441 520 649 523 498 305 766
object003 475 335 441 0 105 573 357 363 363 685
object004 512 415 520 105 0 619 435 450 435 748
object005 318 340 649 573 619 0 622 619 564 251
object006 510 394 523 357 435 622 0 85 428 749
object007 504 399 498 363 450 619 85 0 409 750
object008 463 348 305 363 435 564 428 409 0 676
object009 427 458 766 685 748 251 749 750 676 0
