0 342 430 404 552 568 497 393 579 258
342 0 216 202 350 366 283 239 377 286
430 216 0 290 438 454 187 327 465 374
404 202 290 0 302 318 357 301 329 348
552 350 438 302 0 138 505 449 279 496
568 366 454 318 138 0 521 465 295 512
497 283 187 357 505 521 0 394 532 441
393 239 327 301 449 465 394 0 476 337
579 377 465 329 279 295 532 476 0 523
258 286 374 348 496 512 441 337 523 0
