(((object009:29.62795,(object008:126.05331,((object006:82.96788,
object004:40.03212):92.91783,(object005:197.47882,object003:79.52118):24.97593):47.78088):82.25729):55.98912,
object001:81.48788):5.50540,(object007:249.47156,object002:76.52844):20.63325,object000:75.18116);
