(object009:167.17065,((((object006:78.39500,object005:82.60500):75.79219,
object003:40.63086):36.86280,((object007:84.73453,object004:64.26547):31.17446,
object001:78.79543):69.65826):21.14745,(object008:150.66050,
object002:108.33950):14.30022):82.48504,object000:184.82935);
