0 211 367 422 373 339 410 467 465 251
211 0 419 466 406 394 457 503 501 292
367 419 0 213 322 63 209 280 170 351
422 466 213 0 367 216 164 233 327 402
373 406 322 367 0 309 346 403 405 357
339 394 63 216 309 0 198 258 146 331
410 457 209 164 346 198 0 120 289 383
467 503 280 233 403 258 120 0 373 452
465 501 170 327 405 146 289 373 0 449
251 292 351 402 357 331 383 452 449 0
