0 363 486 406 418 422 491 408 392 216
363 0 327 205 259 263 332 207 313 417
486 327 0 370 124 252 321 372 436 540
406 205 370 0 302 306 375 150 356 460
418 259 124 302 0 184 253 304 368 472
422 263 252 306 184 0 73 308 372 476
491 332 321 375 253 73 0 377 441 545
408 207 372 150 304 308 377 0 358 462
392 313 436 356 368 372 441 358 0 446
216 417 540 460 472 476 545 462 446 0
