0 356 473 399 417 412 492 414 396 221
356 0 339 211 276 269 333 198 322 408
473 339 0 377 133 269 318 368 437 538
399 211 377 0 298 303 370 158 359 445
417 276 133 298 0 179 235 307 366 462
412 269 269 303 179 0 82 301 353 465
492 333 318 370 235 82 0 391 460 551
414 198 368 158 307 301 391 0 360 455
396 322 437 359 366 353 460 360 0 440
221 408 538 445 462 465 551 455 440 0
