0 287 319 287 485 465 488 364 410 202
287 0 132 82 298 278 301 159 369 295
319 132 0 132 190 180 203 209 401 327
287 82 132 0 298 278 301 119 369 295
485 298 190 298 0 346 369 375 567 493
465 278 180 278 346 0 79 355 547 473
488 301 203 301 369 79 0 378 570 496
364 159 209 119 375 355 378 0 446 372
410 369 401 369 567 547 570 446 0 418
202 295 327 295 493 473 496 372 418 0
