0 108 284 73 322 354 331 372 295 334
108 0 180 109 296 250 367 346 269 370
284 180 0 285 472 228 543 522 445 546
73 109 285 0 323 355 266 373 296 269
322 296 472 323 0 542 581 52 195 584
354 250 228 355 542 0 613 592 515 616
331 367 543 266 581 613 0 631 554 231
372 346 522 373 52 592 631 0 245 634
295 269 445 296 195 515 554 245 0 557
334 370 546 269 584 616 231 634 557 0
