(((object010:28.20900,object005:78.79100):50.09297,object003:54.49691):15.25785,
((object013:50.90007,object006:160.09993):72.84800,((((object009:11.66454,
object007:81.33546):43.94104,(object011:167.26193,object004:88.73807):53.10033):39.57046,
object001:50.95762):40.82191,(object012:34.64431,((object014:62.17305,
object008:36.82695):106.38491,object002:81.92527):42.99189):17.03600):192.24140):52.88277,object000:83.66780);
