0 183 104 193 218 145 75 228 328 215 337 252 251 287 160
183 0 192 72 228 264 200 381 358 337 226 371 248 425 291
104 192 0 225 236 161 107 250 357 240 356 278 250 304 191
193 72 225 0 244 277 209 358 356 329 174 395 252 398 300
218 228 236 244 0 281 221 387 137 360 385 404 109 428 300
145 264 161 277 281 0 157 310 424 183 439 202 308 247 250
75 200 107 209 221 157 0 199 354 229 350 272 234 311 125
228 381 250 358 387 310 199 0 502 386 531 455 409 456 77
328 358 357 356 137 424 354 502 0 471 505 505 214 551 431
215 337 240 329 360 183 229 386 471 0 491 111 388 121 315
337 226 356 174 385 439 350 531 505 491 0 525 412 568 437
252 371 278 395 404 202 272 455 505 111 525 0 422 159 365
251 248 250 252 109 308 234 409 214 388 412 422 0 437 318
287 425 304 398 428 247 311 456 551 121 568 159 437 0 390
160 291 191 300 300 250 125 77 431 315 437 365 318 390 0
