((object007:177.76748,object004:54.23252):43.16541,((object008:146.10430,
object005:43.89570):75.97060,(((object014:114.97979,(object011:102.66238,
object009:18.33762):4.91478):64.97623,object003:48.53276):71.24137,
((object012:38.63663,object001:24.36337):4.22173,(((object013:75.16294,
object010:63.83706):70.17068,object006:62.40175):54.53096,
object002:55.51348):70.82766):4.66839):139.91333):61.98514,object000:90.02091);
