(((object012:55.01268,((object009:64.08378,object008:94.91622):42.36074,
object004:12.15009):37.29134):10.23247,((object011:205.27787,
object003:73.72213):18.23632,object001:51.13611):47.39472):46.46560,
(((object014:13.94357,(object013:52.88878,object010:35.11122):14.64636):21.80029,
object005:84.56640):176.12356,(object007:349.47429,(object006:7.81493,
object002:44.18507):3.27935):83.70362):35.62536,object000:63.31933);
