0 426 500 476 154 320 538 104 443 600 288 645 369 646 555
426 0 204 317 446 471 229 420 603 442 604 314 198 332 391
500 204 0 401 547 571 219 518 682 526 687 309 273 319 485
476 317 401 0 546 548 466 493 658 239 661 525 168 564 213
154 446 547 546 0 362 581 89 451 660 274 651 381 694 599
320 471 571 548 362 0 617 324 230 686 498 681 421 746 627
538 229 219 466 581 617 0 556 717 568 742 231 312 248 516
104 420 518 493 89 324 556 0 432 625 190 646 368 694 566
443 603 682 658 451 230 717 432 0 805 620 794 537 836 745
600 442 526 239 660 686 568 625 805 0 807 654 279 684 186
288 604 687 661 274 498 742 190 620 807 0 815 531 846 732
645 314 309 525 651 681 231 646 794 654 815 0 411 131 597
369 198 273 168 381 421 312 368 537 279 531 411 0 428 222
646 332 319 564 694 746 248 694 836 684 846 131 428 0 640
555 391 485 213 599 627 516 566 745 186 732 597 222 640 0
