0 307 436 420 191 271 483 302 387 453 539 535 346 567 545
307 0 147 160 331 277 222 466 402 194 289 288 63 302 293
436 147 0 264 436 387 166 563 488 305 258 374 165 257 398
420 160 264 0 420 379 302 539 471 137 360 220 164 391 229
191 331 436 420 0 283 501 232 371 444 544 544 350 571 549
271 277 387 379 283 0 465 394 190 423 518 499 328 526 527
483 222 166 302 501 465 0 610 551 357 200 431 242 204 436
302 466 563 539 232 394 610 0 508 581 672 682 489 696 686
387 402 488 471 371 190 551 508 0 509 638 608 418 628 615
453 194 305 137 444 423 357 581 509 0 427 121 195 430 142
539 289 258 360 544 518 200 672 638 427 0 513 301 139 514
535 288 374 220 544 499 431 682 608 121 513 0 296 522 214
346 63 165 164 350 328 242 489 418 195 301 296 0 334 281
567 302 257 391 571 526 204 696 628 430 139 522 334 0 518
545 293 398 229 549 527 436 686 615 142 514 214 281 518 0
