0 357 222 211 349 52 425 230 268 342 239 356 306 276 340
357 0 363 352 154 363 230 443 481 483 452 497 115 489 481
222 363 0 165 355 228 431 308 346 296 317 136 312 354 294
211 352 165 0 344 217 420 297 335 261 306 299 301 343 259
349 154 355 344 0 355 190 435 473 475 444 489 107 481 473
52 363 228 217 355 0 431 236 274 348 245 362 312 282 346
425 230 431 420 190 431 0 511 549 551 520 565 183 557 549
230 443 308 297 435 236 511 0 200 428 171 442 392 142 426
268 481 346 335 473 274 549 200 0 466 77 480 430 246 464
342 483 296 261 475 348 551 428 466 0 437 430 432 474 196
239 452 317 306 444 245 520 171 77 437 0 451 401 217 435
356 497 136 299 489 362 565 442 480 430 451 0 446 488 428
306 115 312 301 107 312 183 392 430 432 401 446 0 438 430
276 489 354 343 481 282 557 142 246 474 217 488 438 0 472
340 481 294 259 473 346 549 426 464 196 435 428 430 472 0
