0 420 511 492 154 324 551 122 439 620 288 633 359 667 563
420 0 191 320 458 484 231 426 599 448 592 313 187 347 391
511 191 0 411 549 575 220 517 690 539 683 302 278 336 482
492 320 411 0 530 556 451 498 671 262 664 533 155 567 205
154 458 549 530 0 362 589 94 477 658 260 671 397 705 601
324 484 575 556 362 0 615 330 239 684 496 697 423 731 627
551 231 220 451 589 615 0 557 730 579 723 238 318 272 522
122 426 517 498 94 330 557 0 445 626 188 639 365 673 569
439 599 690 671 477 239 730 445 0 799 611 812 538 846 742
620 448 539 262 658 684 579 626 799 0 792 661 283 695 185
288 592 683 664 260 496 723 188 611 792 0 805 531 839 735
633 313 302 533 671 697 238 639 812 661 805 0 400 144 604
359 187 278 155 397 423 318 365 538 283 531 400 0 434 226
667 347 336 567 705 731 272 673 846 695 839 144 434 0 638
563 391 482 205 601 627 522 569 742 185 735 604 226 638 0
