0 404 245 388 427 381 360 356 463 495 467 474 412 476 449
404 0 327 136 401 273 252 438 437 469 441 448 386 450 197
245 327 0 311 350 304 283 209 386 418 390 397 335 399 372
388 136 311 0 385 257 236 422 421 453 425 432 370 434 77
427 401 350 385 0 378 357 461 382 414 386 393 331 395 446
381 273 304 257 378 0 121 415 414 446 418 425 363 427 318
360 252 283 236 357 121 0 394 393 425 397 404 342 406 297
356 438 209 422 461 415 394 0 497 529 501 508 446 510 483
463 437 386 421 382 414 393 497 0 200 172 179 203 181 482
495 469 418 453 414 446 425 529 200 0 128 149 235 151 514
467 441 390 425 386 418 397 501 172 128 0 121 207 123 486
474 448 397 432 393 425 404 508 179 149 121 0 214 14 493
412 386 335 370 331 363 342 446 203 235 207 214 0 216 431
476 450 399 434 395 427 406 510 181 151 123 14 216 0 495
449 197 372 77 446 318 297 483 482 514 486 493 431 495 0
