0 269 348 369 481 337 468 536 573 575 378 431 367 487 483
269 0 281 168 287 251 380 457 503 362 325 205 169 413 419
348 281 0 396 529 164 184 238 297 616 215 448 411 326 341
369 168 396 0 408 374 494 569 648 479 427 165 289 541 521
481 287 529 408 0 506 615 716 748 250 554 462 241 647 652
337 251 164 374 506 0 257 342 396 589 140 427 385 222 226
468 380 184 494 615 257 0 263 321 690 318 529 511 426 420
536 457 238 569 716 342 263 0 76 760 395 624 575 480 489
573 503 297 648 748 396 321 76 0 820 447 693 634 540 547
575 362 616 479 250 589 690 760 820 0 628 532 302 724 727
378 325 215 427 554 140 318 395 447 628 0 484 451 216 214
431 205 448 165 462 427 529 624 693 532 484 0 340 584 591
367 169 411 289 241 385 511 575 634 302 451 340 0 542 546
487 413 326 541 647 222 426 480 540 724 216 584 542 0 136
483 419 341 521 652 226 420 489 547 727 214 591 546 136 0
