0 243 389 338 197 229 393 265 290 406 321 555 325 428 425
243 0 216 207 262 226 220 330 287 275 386 382 194 297 294
389 216 0 353 408 372 176 476 433 421 532 338 340 443 440
338 207 353 0 357 321 357 425 382 124 481 519 169 146 143
197 262 408 357 0 248 412 160 309 425 216 574 344 447 444
229 226 372 321 248 0 376 316 155 389 372 538 308 411 408
393 220 176 357 412 376 0 480 437 425 536 174 344 447 444
265 330 476 425 160 316 480 0 377 493 230 642 412 515 512
290 287 433 382 309 155 437 377 0 450 433 599 369 472 469
406 275 421 124 425 389 425 493 450 0 549 587 237 82 183
321 386 532 481 216 372 536 230 433 549 0 698 468 571 568
555 382 338 519 574 538 174 642 599 587 698 0 506 609 606
325 194 340 169 344 308 344 412 369 237 468 506 0 259 256
428 297 443 146 447 411 447 515 472 82 571 609 259 0 205
425 294 440 143 444 408 444 512 469 183 568 606 256 205 0
