(((object011:106.36672,object003:58.63328):82.32535,((object012:59.36738,
(object009:161.04322,object004:88.95678):88.36243):87.68521,
object001:22.36960):1.50130):68.96363,((((object014:69.10096,
object013:66.89904):87.56741,object010:59.41305):37.45164,
object005:37.79670):32.14977,(((object008:66.21129,object007:9.78871):156.66458,
object006:97.18029):41.14776,object002:38.60382):55.85719):96.24139,object000:164.12106);
