0 348 271 113 242 236 203 227 116 220 117 405 372 301 328 426 119 94 134 305 263 392 284 205 87 191 80 27 41 155 292 212 137 22 97 145 68 49 126
348 0 488 425 201 278 412 475 391 472 364 188 338 321 297 201 428 399 375 338 291 174 271 170 311 215 376 328 356 388 71 150 375 322 333 195 316 298 232
271 488 0 312 377 349 203 175 284 247 258 560 504 410 477 570 323 285 257 440 392 519 427 330 209 312 271 218 240 95 430 333 165 222 133 291 191 201 255
113 425 312 0 318 308 263 302 170 290 199 504 452 385 404 513 127 135 195 386 342 464 381 283 164 261 63 111 89 217 355 270 224 101 195 225 143 136 198
242 201 377 318 0 156 317 363 289 366 246 276 203 209 155 296 339 284 277 230 214 249 136 35 243 117 247 241 223 277 164 59 280 222 238 98 207 182 133
236 278 349 308 156 0 301 330 274 345 220 297 285 162 248 340 311 277 239 155 111 293 192 127 208 40 235 209 210 258 192 102 270 193 239 63 182 168 111
203 412 203 263 317 301 0 192 238 118 191 481 442 382 416 510 278 242 191 377 332 468 357 289 154 277 200 162 169 94 371 287 45 191 58 229 133 103 194
227 475 175 302 363 330 192 0 288 237 224 527 509 431 442 532 302 269 220 419 370 499 415 325 195 302 217 208 227 79 403 305 159 194 119 289 171 180 243
116 391 284 170 289 274 238 288 0 286 169 454 431 378 384 483 192 155 186 365 327 437 346 273 145 252 132 75 100 198 343 245 185 71 177 208 120 107 172
220 472 247 290 366 345 118 237 286 0 222 511 480 409 450 547 297 260 223 397 389 502 407 312 182 306 225 219 223 136 394 303 101 204 121 250 158 161 235
117 364 258 199 246 220 191 224 169 222 0 425 385 302 342 445 196 161 90 328 280 393 315 230 28 200 124 96 127 151 290 197 127 78 115 156 79 50 135
405 188 560 504 276 297 481 527 454 511 425 0 381 395 363 67 479 452 431 396 336 12 318 230 385 271 412 382 392 430 111 208 438 372 402 254 355 352 275
372 338 504 452 203 285 442 509 431 480 385 381 0 372 121 424 450 417 392 369 347 376 97 158 354 248 387 350 372 414 272 173 396 349 371 223 309 314 253
301 321 410 385 209 162 382 431 378 409 302 395 372 0 328 410 379 331 297 79 54 365 281 199 280 115 300 263 285 345 273 194 320 265 313 127 244 233 196
328 297 477 404 155 248 416 442 384 450 342 363 121 328 0 400 416 383 354 326 300 324 33 133 311 214 324 313 321 345 251 135 358 298 342 160 283 276 231
426 201 570 513 296 340 510 532 483 547 445 67 424 410 400 0 493 484 461 420 366 52 342 250 394 311 452 414 423 476 147 233 459 409 457 285 385 381 320
119 428 323 127 339 311 278 302 192 297 196 479 450 379 416 493 0 135 209 381 334 468 382 276 169 263 59 113 119 209 363 255 219 110 185 235 137 131 203
94 399 285 135 284 277 242 269 155 260 161 452 417 331 383 484 135 0 180 347 305 424 346 268 114 243 59 85 48 195 328 241 195 70 150 207 104 83 152
134 375 257 195 277 239 191 220 186 223 90 431 392 297 354 461 209 180 0 316 279 397 336 220 43 199 135 115 118 152 300 207 149 111 126 182 61 75 131
305 338 440 386 230 155 377 419 365 397 328 396 369 79 326 420 381 347 316 0 53 376 289 207 276 119 314 287 290 339 267 184 334 268 315 148 241 265 194
263 291 392 342 214 111 332 370 327 389 280 336 347 54 300 366 334 305 279 53 0 345 250 159 228 77 281 242 271 289 251 135 291 239 258 105 212 199 163
392 174 519 464 249 293 468 499 437 502 393 12 376 365 324 52 468 424 397 376 345 0 318 216 353 254 391 359 358 432 115 195 412 358 394 239 342 326 277
284 271 427 381 136 192 357 415 346 407 315 318 97 281 33 342 382 346 336 289 250 318 0 106 276 157 303 297 290 335 209 109 326 254 306 135 251 242 194
205 170 330 283 35 127 289 325 273 312 230 230 158 199 133 250 276 268 220 207 159 216 106 0 171 69 213 188 213 247 94 18 250 197 206 64 177 163 104
87 311 209 164 243 208 154 195 145 182 28 385 354 280 311 394 169 114 43 276 228 353 276 171 0 154 93 62 70 104 249 170 122 47 73 149 10 54 91
191 215 312 261 117 40 277 302 252 306 200 271 248 115 214 311 263 243 199 119 77 254 157 69 154 0 190 167 168 204 147 53 215 166 170 39 132 135 63
80 376 271 63 247 235 200 217 132 225 124 412 387 300 324 452 59 59 135 314 281 391 303 213 93 190 0 48 15 155 288 195 138 43 109 181 69 66 120
27 328 218 111 241 209 162 208 75 219 96 382 350 263 313 414 113 85 115 287 242 359 297 188 62 167 48 0 34 114 283 161 104 19 91 140 28 31 98
41 356 240 89 223 210 169 227 100 223 127 392 372 285 321 423 119 48 118 290 271 358 290 213 70 168 15 34 0 127 286 180 144 12 114 159 66 36 118
155 388 95 217 277 258 94 79 198 136 151 430 414 345 345 476 209 195 152 339 289 432 335 247 104 204 155 114 127 0 314 238 59 107 50 187 83 100 145
292 71 430 355 164 192 371 403 343 394 290 111 272 273 251 147 363 328 300 267 251 115 209 94 249 147 288 283 286 314 0 102 332 247 289 139 257 234 175
212 150 333 270 59 102 287 305 245 303 197 208 173 194 135 233 255 241 207 184 135 195 109 18 170 53 195 161 180 238 102 0 211 156 182 31 130 127 70
137 375 165 224 280 270 45 159 185 101 127 438 396 320 358 459 219 195 149 334 291 412 326 250 122 215 138 104 144 59 332 211 0 119 41 181 77 74 144
22 322 222 101 222 193 191 194 71 204 78 372 349 265 298 409 110 70 111 268 239 358 254 197 47 166 43 19 12 107 247 156 119 0 89 123 24 14 75
97 333 133 195 238 239 58 119 177 121 115 402 371 313 342 457 185 150 126 315 258 394 306 206 73 170 109 91 114 50 289 182 41 89 0 152 41 62 116
145 195 291 225 98 63 229 289 208 250 156 254 223 127 160 285 235 207 182 148 105 239 135 64 149 39 181 140 159 187 139 31 181 123 152 0 130 92 43
68 316 191 143 207 182 133 171 120 158 79 355 309 244 283 385 137 104 61 241 212 342 251 177 10 132 69 28 66 83 257 130 77 24 41 130 0 3 49
49 298 201 136 182 168 103 180 107 161 50 352 314 233 276 381 131 83 75 265 199 326 242 163 54 135 66 31 36 100 234 127 74 14 62 92 3 0 61
126 232 255 198 133 111 194 243 172 235 135 275 253 196 231 320 203 152 131 194 163 277 194 104 91 63 120 98 118 145 175 70 144 75 116 43 49 61 0
