0 341 426 334 285 370 273 419 449 375
341 0 99 248 226 278 404 105 113 381
426 99 0 312 327 369 468 216 228 484
334 248 312 0 262 307 413 351 365 349
285 226 327 262 0 203 299 357 353 254
370 278 369 307 203 0 385 404 417 189
273 404 468 413 299 385 0 457 484 424
419 105 216 351 357 404 457 0 8 474
449 113 228 365 353 417 484 8 0 405
375 381 484 349 254 189 424 474 405 0
