0 183 360 79 376 278 459 408 252 283
183 0 393 136 409 311 492 441 179 316
360 393 0 313 134 96 343 292 462 353
79 136 313 0 329 231 412 361 205 236
376 409 134 329 0 112 359 308 478 369
278 311 96 231 112 0 261 210 380 271
459 492 343 412 359 261 0 253 561 452
408 441 292 361 308 210 253 0 510 401
252 179 462 205 478 380 561 510 0 385
283 316 353 236 369 271 452 401 385 0
