0 395 434 446 337 482 490 310 375 102
395 0 355 367 260 575 583 403 296 375
434 355 0 154 299 614 622 442 237 414
446 367 154 0 311 626 634 454 249 426
337 260 299 311 0 517 525 345 240 317
482 575 614 626 517 0 178 340 555 462
490 583 622 634 525 178 0 348 563 470
310 403 442 454 345 340 348 0 383 290
375 296 237 249 240 555 563 383 0 355
102 375 414 426 317 462 470 290 355 0
