0 175 517 471 387 146 194 582 462 439
175 0 593 557 440 139 248 526 494 522
517 593 0 118 274 565 451 270 224 420
471 557 118 0 307 565 457 285 251 372
387 440 274 307 0 322 263 292 225 269
146 139 565 565 322 0 224 558 465 491
194 248 451 457 263 224 0 417 321 337
582 526 270 285 292 558 417 0 87 432
462 494 224 251 225 465 321 87 0 354
439 522 420 372 269 491 337 432 354 0
