0 203 235 466 123 263 149 449 454 182
203 0 188 482 186 330 253 469 527 287
235 188 0 520 177 354 264 524 518 295
466 482 520 0 443 220 504 256 231 279
123 186 177 443 0 285 85 487 418 190
263 330 354 220 285 0 327 245 228 163
149 253 264 504 85 327 0 540 467 291
449 469 524 256 487 245 540 0 178 343
454 527 518 231 418 228 467 178 0 346
182 287 295 279 190 163 291 343 346 0
