0 438 399 402 365 322 233 275 429 400
438 0 373 116 463 194 331 249 403 498
399 373 0 337 424 257 292 156 138 459
402 116 337 0 427 158 295 213 367 462
365 463 424 427 0 347 176 300 454 199
322 194 257 158 347 0 215 133 287 382
233 331 292 295 176 215 0 168 322 211
275 249 156 213 300 133 168 0 186 335
429 403 138 367 454 287 322 186 0 489
400 498 459 462 199 382 211 335 489 0
