0 448 495 421 338 401 368 416 458 503
448 0 375 449 366 281 396 444 338 383
495 375 0 496 413 230 443 491 287 186
421 449 496 0 197 402 91 415 459 504
338 366 413 197 0 319 144 332 376 421
401 281 230 402 319 0 349 397 85 238
368 396 443 91 144 349 0 362 406 451
416 444 491 415 332 397 362 0 454 499
458 338 287 459 376 85 406 454 0 295
503 383 186 504 421 238 451 499 295 0
