0 391 344 449 335 438 365 226 111 410
391 0 455 384 446 225 476 337 350 197
344 455 0 513 129 502 97 268 303 474
449 384 513 0 504 431 534 395 408 403
335 446 129 504 0 493 150 259 294 465
438 225 502 431 493 0 523 384 397 112
365 476 97 534 150 523 0 289 324 495
226 337 268 395 259 384 289 0 185 356
111 350 303 408 294 397 324 185 0 369
410 197 474 403 465 112 495 356 369 0
