0 217 456 555 198 631 588 390 425 540
217 0 372 472 350 515 500 184 169 444
456 372 0 249 468 315 317 443 530 361
555 472 249 0 579 288 262 614 535 492
198 350 468 579 0 632 646 455 452 522
631 515 315 288 632 0 122 676 682 541
588 500 317 262 646 122 0 614 623 522
390 184 443 614 455 676 614 0 115 578
425 169 530 535 452 682 623 115 0 558
540 444 361 492 522 541 522 578 558 0
