0 246 62 457 287 393 291 453 306 123
246 0 280 291 307 227 117 287 440 239
62 280 0 491 321 427 325 487 340 157
457 291 491 0 518 170 336 32 651 450
287 307 321 518 0 454 352 514 481 280
393 227 427 170 454 0 272 166 587 386
291 117 325 336 352 272 0 332 485 284
453 287 487 32 514 166 332 0 647 446
306 440 340 651 481 587 485 647 0 317
123 239 157 450 280 386 284 446 317 0
