0 346 496 433 346 395 418 401 458 499
346 0 470 407 320 209 392 215 432 473
496 470 0 303 178 519 250 525 478 193
433 407 303 0 153 456 225 462 415 306
346 320 178 153 0 369 84 375 328 181
395 209 519 456 369 0 441 22 481 522
418 392 250 225 84 441 0 447 400 253
401 215 525 462 375 22 447 0 487 528
458 432 478 415 328 481 400 487 0 481
499 473 193 306 181 522 253 528 481 0
