0 516 388 339 428 390 406 403 487 426
516 0 406 435 547 442 570 560 639 372
388 406 0 255 436 117 449 470 506 269
339 435 255 0 464 275 535 479 518 155
428 547 436 464 0 417 123 185 420 466
390 442 117 275 417 0 493 473 556 278
406 570 449 535 123 493 0 172 463 420
403 560 470 479 185 473 172 0 345 461
487 639 506 518 420 556 463 345 0 545
426 372 269 155 466 278 420 461 545 0
