0 230 476 112 455 456 484 566 276 476
230 0 414 242 393 394 422 504 178 414
476 414 0 488 199 226 254 310 460 246
112 242 488 0 467 468 496 578 288 488
455 393 199 467 0 205 233 185 439 225
456 394 226 468 205 0 192 316 440 184
484 422 254 496 233 192 0 344 468 146
566 504 310 578 185 316 344 0 550 336
276 178 460 288 439 440 468 550 0 460
476 414 246 488 225 184 146 336 460 0
