0 394 383 354 357 319 213 286 418 420
394 0 350 105 437 224 379 229 407 502
383 350 0 355 418 236 301 173 158 453
354 105 355 0 396 155 305 250 358 482
357 437 418 396 0 356 212 306 423 221
319 224 236 155 356 0 243 149 292 438
213 379 301 305 212 243 0 175 288 227
286 229 173 250 306 149 175 0 226 341
418 407 158 358 423 292 288 226 0 507
420 502 453 482 221 438 227 341 507 0
