0 408 386 121 213 606 674 432 659 319
408 0 158 401 335 378 446 204 431 599
386 158 0 379 313 354 422 180 407 577
121 401 379 0 206 599 667 425 652 300
213 335 313 206 0 533 601 359 586 404
606 378 354 599 533 0 246 218 231 797
674 446 422 667 601 246 0 286 175 865
432 204 180 425 359 218 286 0 271 623
659 431 407 652 586 231 175 271 0 850
319 599 577 300 404 797 865 623 850 0
