0 344 119 280 378 392 402 230 346 397
344 0 295 255 280 330 67 178 218 297
119 295 0 264 269 281 322 86 196 275
280 255 264 0 317 275 344 121 233 242
378 280 269 317 0 367 333 279 94 198
392 330 281 275 367 0 419 276 324 338
402 67 322 344 333 419 0 239 226 279
230 178 86 121 279 276 239 0 165 178
346 218 196 233 94 324 226 165 0 166
397 297 275 242 198 338 279 178 166 0
