0 266 422 525 186 587 581 390 424 481
266 0 346 449 306 511 505 164 198 405
422 346 0 245 462 307 301 470 504 377
525 449 245 0 565 266 260 573 607 480
186 306 462 565 0 627 621 430 464 521
587 511 307 266 627 0 144 635 669 542
581 505 301 260 621 144 0 629 663 536
390 164 470 573 430 635 629 0 152 529
424 198 504 607 464 669 663 152 0 563
481 405 377 480 521 542 536 529 563 0
