0 83 246 135 292 246 252 189 360 156
83 0 205 95 194 168 159 258 294 230
246 205 0 316 276 74 152 518 272 425
135 95 316 0 289 244 262 322 357 303
292 194 276 289 0 281 244 406 363 473
246 168 74 244 281 0 128 439 240 393
252 159 152 262 244 128 0 453 239 445
189 258 518 322 406 439 453 0 549 215
360 294 272 357 363 240 239 549 0 503
156 230 425 303 473 393 445 215 503 0
