0 299 343 385 306 251 116 365 330 387
299 0 207 188 205 160 275 225 122 98
343 207 0 162 366 324 367 384 240 335
385 188 162 0 343 303 352 314 301 263
306 205 366 343 0 178 252 345 288 392
251 160 324 303 178 0 170 270 212 317
116 275 367 352 252 170 0 350 316 404
365 225 384 314 345 270 350 0 186 321
330 122 240 301 288 212 316 186 0 294
387 98 335 263 392 317 404 321 294 0
