0 403 279 412 515 378 316 357 469 423
403 0 217 335 621 282 383 261 582 484
279 217 0 197 510 130 287 248 465 394
412 335 197 0 678 179 405 297 582 524
515 621 510 678 0 617 395 638 249 308
378 282 130 179 617 0 377 327 514 470
316 383 287 405 395 377 0 390 351 322
357 261 248 297 638 327 390 0 554 514
469 582 465 582 249 514 351 554 0 268
423 484 394 524 308 470 322 514 268 0
