0 482 488 372 425 403 444 368 479 476
482 0 132 212 291 243 321 312 88 355
488 132 0 267 288 294 342 286 43 408
372 212 267 0 103 140 130 197 231 226
425 291 288 103 0 134 93 194 276 309
403 243 294 140 134 0 245 141 258 202
444 321 342 130 93 245 0 216 334 333
368 312 286 197 194 141 216 0 301 165
479 88 43 231 276 258 334 301 0 361
476 355 408 226 309 202 333 165 361 0
