0 443 441 376 236 511 347 284 526 480
443 0 427 321 324 460 120 316 438 359
441 427 0 366 405 57 393 364 410 452
376 321 366 0 300 374 258 301 412 144
236 324 405 300 0 364 229 182 381 356
511 460 57 374 364 0 381 376 305 435
347 120 393 258 229 381 0 261 373 293
284 316 364 301 182 376 261 0 330 312
526 438 410 412 381 305 373 330 0 513
480 359 452 144 356 435 293 312 513 0
