0 349 537 455 526 476 400 454 474 394
349 0 251 98 451 187 319 223 369 348
537 251 0 287 567 352 448 148 504 515
455 98 287 0 444 267 375 279 419 411
526 451 567 444 0 595 265 542 126 311
476 187 352 267 595 0 384 344 519 466
400 319 448 375 265 384 0 408 185 197
454 223 148 279 542 344 408 0 479 466
474 369 504 419 126 519 185 479 0 240
394 348 515 411 311 466 197 466 240 0
