0 336 212 488 185 444 416 110 232 410
336 0 384 359 349 311 249 422 186 281
212 384 0 574 163 524 447 357 336 503
488 359 574 0 490 152 436 568 346 285
185 349 163 490 0 457 360 262 288 443
444 311 524 152 457 0 379 489 243 192
416 249 447 436 360 379 0 446 191 327
110 422 357 568 262 489 446 0 296 451
232 186 336 346 288 243 191 296 0 153
410 281 503 285 443 192 327 451 153 0
