0 462 478 289 421 223 100 358 512 353
462 0 108 601 373 535 438 670 322 251
478 108 0 617 389 551 454 686 338 267
289 601 617 0 560 88 265 117 651 492
421 373 389 560 0 494 397 629 423 264
223 535 551 88 494 0 199 157 585 426
100 438 454 265 397 199 0 334 488 329
358 670 686 117 629 157 334 0 720 561
512 322 338 651 423 585 488 720 0 301
353 251 267 492 264 426 329 561 301 0
