0 150 198 261 284 340 269 256 335 212
150 0 112 289 312 368 297 170 363 240
198 112 0 337 360 416 345 212 411 288
261 289 337 0 207 263 256 395 258 199
284 312 360 207 0 116 279 418 71 222
340 368 416 263 116 0 335 474 167 278
269 297 345 256 279 335 0 403 330 81
256 170 212 395 418 474 403 0 469 346
335 363 411 258 71 167 330 469 0 273
212 240 288 199 222 278 81 346 273 0
