0 218 280 391 324 281 270 144 181 368
218 0 120 333 266 223 110 176 283 470
280 120 0 395 328 285 24 238 345 532
391 333 395 0 121 298 385 349 456 643
324 266 328 121 0 231 318 282 389 576
281 223 285 298 231 0 275 239 346 533
270 110 24 385 318 275 0 228 335 522
144 176 238 349 282 239 228 0 209 396
181 283 345 456 389 346 335 209 0 249
368 470 532 643 576 533 522 396 249 0
