0 442 82 557 292 593 419 535 238 357
442 0 472 331 306 367 135 309 600 523
82 472 0 587 322 623 449 565 268 387
557 331 587 0 421 218 308 38 715 638
292 306 322 421 0 457 283 399 450 373
593 367 623 218 457 0 344 196 751 674
419 135 449 308 283 344 0 286 577 500
535 309 565 38 399 196 286 0 693 616
238 600 268 715 450 751 577 693 0 515
357 523 387 638 373 674 500 616 515 0
