0 463 207 172 312 475 310 285 420 191
463 0 516 431 483 148 283 594 265 500
207 516 0 225 365 528 363 184 473 136
172 431 225 0 280 443 278 303 388 209
312 483 365 280 0 495 330 443 440 349
475 148 528 443 495 0 295 606 277 512
310 283 363 278 330 295 0 441 240 347
285 594 184 303 443 606 441 0 551 214
420 265 473 388 440 277 240 551 0 457
191 500 136 209 349 512 347 214 457 0
