0 533 514 433 519 475 350 432 170 314
533 0 419 106 451 149 214 470 420 248
514 419 0 308 186 399 251 137 420 164
433 106 308 0 339 76 108 289 320 238
519 451 186 339 0 390 289 101 395 146
475 149 399 76 390 0 149 352 369 284
350 214 251 108 289 149 0 244 222 108
432 470 137 289 101 352 244 0 332 152
170 420 420 320 395 369 222 332 0 184
314 248 164 238 146 284 108 152 184 0
