0 405 374 125 487 75 159 408 213 214
405 0 371 482 294 468 516 405 422 423
374 371 0 451 453 437 485 160 391 392
125 482 451 0 564 188 228 485 290 291
487 294 453 564 0 550 598 487 504 505
75 468 437 188 550 0 222 471 276 277
159 516 485 228 598 222 0 519 324 325
408 405 160 485 487 471 519 0 425 426
213 422 391 290 504 276 324 425 0 49
214 423 392 291 505 277 325 426 49 0
