0 383 375 448 398 147 281 282 252 434
383 0 26 293 373 376 412 257 383 405
375 26 0 285 365 368 404 249 375 397
448 293 285 0 438 441 477 322 448 470
398 373 365 438 0 391 427 158 398 424
147 376 368 441 391 0 274 275 245 427
281 412 404 477 427 274 0 311 183 463
282 257 249 322 158 275 311 0 282 308
252 383 375 448 398 245 183 282 0 434
434 405 397 470 424 427 463 308 434 0
