0 397 285 411 526 373 320 392 466 423
397 0 208 334 613 296 407 271 553 510
285 208 0 202 501 164 295 203 441 398
411 334 202 0 627 150 421 329 567 524
526 613 501 627 0 589 402 608 236 351
373 296 164 150 589 0 383 291 529 486
320 407 295 421 402 383 0 402 342 299
392 271 203 329 608 291 402 0 548 505
466 553 441 567 236 529 342 548 0 291
423 510 398 524 351 486 299 505 291 0
