0 248 250 315 283 273 292 228 136 357
248 0 379 289 234 59 385 306 264 104
250 379 0 440 398 439 131 114 231 469
315 289 440 0 89 285 434 341 326 355
283 234 398 89 0 229 364 334 235 264
273 59 439 285 229 0 453 343 262 83
292 385 131 434 364 453 0 105 247 425
228 306 114 341 334 343 105 0 195 398
136 264 231 326 235 262 247 195 0 339
357 104 469 355 264 83 425 398 339 0
