0 311 497 281 498 339 371 575 285 292
311 0 657 410 545 366 467 610 134 466
497 657 0 658 482 639 739 294 668 732
281 410 658 0 505 415 215 623 378 241
498 545 482 505 0 550 619 473 473 623
339 366 639 415 550 0 498 599 336 524
371 467 739 215 619 498 0 699 454 127
575 610 294 623 473 599 699 0 620 668
285 134 668 378 473 336 454 620 0 446
292 466 732 241 623 524 127 668 446 0
