0 385 387 223 166 470 524 460 482 304
385 0 206 476 225 289 343 279 301 557
387 206 0 478 227 211 265 201 223 559
223 476 478 0 257 561 615 551 573 269
166 225 227 257 0 310 364 300 322 338
470 289 211 561 310 0 62 176 20 642
524 343 265 615 364 62 0 230 44 696
460 279 201 551 300 176 230 0 188 632
482 301 223 573 322 20 44 188 0 654
304 557 559 269 338 642 696 632 654 0
