0 241 50 458 293 396 246 461 323 123
241 0 283 285 334 212 114 304 486 262
50 283 0 516 315 442 303 505 309 147
458 285 516 0 505 190 324 26 641 413
293 334 315 505 0 435 342 506 494 273
396 212 442 190 435 0 265 172 599 383
246 114 303 324 342 265 0 327 478 263
461 304 505 26 506 172 327 0 629 475
323 486 309 641 494 599 478 629 0 312
123 262 147 413 273 383 263 475 312 0
