0 167 197 435 84 257 147 476 461 229
167 0 208 472 171 294 234 513 498 266
197 208 0 502 201 324 264 543 528 296
435 472 502 0 439 190 502 215 200 316
84 171 201 439 0 261 85 480 465 233
257 294 324 190 261 0 324 231 216 138
147 234 264 502 85 324 0 543 528 296
476 513 543 215 480 231 543 0 175 357
461 498 528 200 465 216 528 175 0 342
229 266 296 316 233 138 296 357 342 0
