0 298 346 605 140 637 543 390 311 524
298 0 264 523 204 555 461 232 153 442
346 264 0 293 252 325 231 356 277 294
605 523 293 0 511 312 218 615 536 553
140 204 252 511 0 543 449 296 217 430
637 555 325 312 543 0 118 647 568 585
543 461 231 218 449 118 0 553 474 491
390 232 356 615 296 647 553 0 103 534
311 153 277 536 217 568 474 103 0 455
524 442 294 553 430 585 491 534 455 0
