0 503 462 456 480 335 115 402 338 466
503 0 267 87 173 573 477 554 593 158
462 267 0 282 249 551 505 543 539 278
456 87 282 0 176 540 479 555 520 178
480 173 249 176 0 554 527 587 582 112
335 573 551 540 554 0 352 237 163 541
115 477 505 479 527 352 0 432 301 469
402 554 543 555 587 237 432 0 116 542
338 593 539 520 582 163 301 116 0 532
466 158 278 178 112 541 469 542 532 0
