0 608 279 490 245 354 287 705 340 131
608 0 495 188 533 570 433 239 556 559
279 495 0 377 204 197 174 592 183 230
490 188 377 0 415 452 315 285 438 441
245 533 204 415 0 279 212 630 265 196
354 570 197 452 279 0 249 667 184 305
287 433 174 315 212 249 0 530 235 238
705 239 592 285 630 667 530 0 653 656
340 556 183 438 265 184 235 653 0 291
131 559 230 441 196 305 238 656 291 0
