0 209 438 255 441 418 327 530 282 646
209 0 363 180 366 343 252 455 207 571
438 363 0 271 209 90 343 298 298 414
255 180 271 0 274 251 110 363 65 479
441 366 209 274 0 189 346 167 301 283
418 343 90 251 189 0 323 278 278 394
327 252 343 110 346 323 0 435 69 551
530 455 298 363 167 278 435 0 390 174
282 207 298 65 301 278 69 390 0 506
646 571 414 479 283 394 551 174 506 0
