0 184 521 214 186 543 573 141 275 465
184 0 700 417 322 707 651 281 407 658
521 700 0 401 622 165 180 671 709 227
214 417 401 0 289 374 377 294 417 345
186 322 622 289 0 612 584 210 131 547
543 707 165 374 612 0 34 606 740 232
573 651 180 377 584 34 0 531 689 167
141 281 671 294 210 606 531 0 363 494
275 407 709 417 131 740 689 363 0 653
465 658 227 345 547 232 167 494 653 0
