0 139 407 411 319 431 334 455 444 378
139 0 390 394 302 414 317 438 427 361
407 390 0 304 294 224 399 348 237 169
411 394 304 0 298 328 403 62 341 275
319 302 294 298 0 318 311 342 331 265
431 414 224 328 318 0 423 372 141 195
334 317 399 403 311 423 0 447 436 370
455 438 348 62 342 372 447 0 385 319
444 427 237 341 331 141 436 385 0 208
378 361 169 275 265 195 370 319 208 0
