0 392 388 337 500 71 232 429 383 464
392 0 216 218 481 275 352 416 190 299
388 216 0 256 510 363 330 464 233 320
337 218 256 0 520 345 347 435 27 312
500 481 510 520 0 465 428 279 492 540
71 275 363 345 465 0 123 368 344 380
232 352 330 347 428 123 0 453 364 418
429 416 464 435 279 368 453 0 472 530
383 190 233 27 492 344 364 472 0 323
464 299 320 312 540 380 418 530 323 0
