0 273 226 589 267 325 226 629 632 449
273 0 249 736 146 204 373 776 779 596
226 249 0 689 243 301 326 729 732 549
589 736 689 0 730 788 515 180 183 150
267 146 243 730 0 62 367 770 773 590
325 204 301 788 62 0 425 828 831 648
226 373 326 515 367 425 0 555 558 375
629 776 729 180 770 828 555 0 73 190
632 779 732 183 773 831 558 73 0 193
449 596 549 150 590 648 375 190 193 0
