0 360 496 387 529 449 361 438 464 453
360 0 284 97 457 209 289 226 392 381
496 284 0 311 593 373 425 200 528 517
387 97 311 0 484 236 316 253 419 408
529 457 593 484 0 546 280 535 125 280
449 209 373 236 546 0 378 315 481 470
361 289 425 316 280 378 0 367 215 204
438 226 200 253 535 315 367 0 470 459
464 392 528 419 125 481 215 470 0 215
453 381 517 408 280 470 204 459 215 0
