0 441 456 500 161 523 526 98 239 390
441 0 95 445 302 468 277 521 216 335
456 95 0 460 317 483 292 536 231 350
500 445 460 0 361 149 530 580 275 232
161 302 317 361 0 384 387 241 100 251
523 468 483 149 384 0 553 603 298 255
526 277 292 530 387 553 0 606 301 420
98 521 536 580 241 603 606 0 319 470
239 216 231 275 100 298 301 319 0 165
390 335 350 232 251 255 420 470 165 0
