0 138 245 301 195 395 191 383 363 434
138 0 335 391 285 485 281 473 453 524
245 335 0 480 374 574 96 562 152 613
301 391 480 0 332 338 426 326 598 377
195 285 374 332 0 426 320 414 492 465
395 485 574 338 426 0 520 282 692 333
191 281 96 426 320 520 0 508 214 559
383 473 562 326 414 282 508 0 680 131
363 453 152 598 492 692 214 680 0 731
434 524 613 377 465 333 559 131 731 0
