0 459 469 414 332 399 393 426 482 544
459 0 355 470 348 339 447 438 353 383
469 355 0 479 406 240 432 501 283 168
414 470 479 0 191 397 79 414 453 516
332 348 406 191 0 294 146 303 332 416
399 339 240 397 294 0 327 395 98 251
393 447 432 79 146 327 0 365 386 424
426 438 501 414 303 395 365 0 432 501
482 353 283 453 332 98 386 432 0 330
544 383 168 516 416 251 424 501 330 0
