0 474 397 462 556 567 431 557 153 581
474 0 225 392 384 395 79 487 459 511
397 225 0 315 163 174 182 410 382 434
462 392 315 0 474 485 349 195 447 219
556 384 163 474 0 173 341 569 541 593
567 395 174 485 173 0 352 580 552 604
431 79 182 349 341 352 0 444 416 468
557 487 410 195 569 580 444 0 542 64
153 459 382 447 541 552 416 542 0 566
581 511 434 219 593 604 468 64 566 0
