0 423 370 662 360 360 66 337 514 602
423 0 124 523 286 465 445 315 367 393
370 124 0 370 149 249 237 258 267 417
662 523 370 0 205 597 581 339 142 228
360 286 149 205 0 388 471 109 144 263
360 465 249 597 388 0 297 365 342 585
66 445 237 581 471 297 0 359 488 563
337 315 258 339 109 365 359 0 178 255
514 367 267 142 144 342 488 178 0 174
602 393 417 228 263 585 563 255 174 0
