0 536 193 125 421 390 457 291 331 324
536 0 543 567 273 286 183 455 495 298
193 543 0 224 428 397 464 298 338 331
125 567 224 0 452 421 488 322 362 355
421 273 428 452 0 171 194 340 380 183
390 286 397 421 171 0 207 309 349 152
457 183 464 488 194 207 0 376 416 219
291 455 298 322 340 309 376 0 142 243
331 495 338 362 380 349 416 142 0 283
324 298 331 355 183 152 219 243 283 0
