0 533 194 502 121 424 495 368 410 320
533 0 531 503 575 190 538 568 488 242
194 531 0 382 29 471 377 272 361 397
502 503 382 0 461 468 293 231 178 322
121 575 29 461 0 528 388 471 433 346
424 190 471 468 528 0 470 571 460 134
495 538 377 293 388 470 0 84 190 316
368 568 272 231 471 571 84 0 151 398
410 488 361 178 433 460 190 151 0 394
320 242 397 322 346 134 316 398 394 0
