0 463 94 177 526 518 248 425 242 452
463 0 511 568 385 135 639 174 633 201
94 511 0 225 574 566 296 473 290 500
177 568 225 0 631 623 215 530 209 557
526 385 574 631 0 440 702 347 696 374
518 135 566 623 440 0 694 229 688 256
248 639 296 215 702 694 0 601 66 628
425 174 473 530 347 229 601 0 595 115
242 633 290 209 696 688 66 595 0 622
452 201 500 557 374 256 628 115 622 0
