0 328 188 106 100 140 132 307 200 206
328 0 220 290 359 356 368 397 220 359
188 220 0 283 361 315 286 409 171 237
106 290 283 0 73 109 307 310 358 141
100 359 361 73 0 191 338 401 440 93
140 356 315 109 191 0 343 296 370 68
132 368 286 307 338 343 0 57 297 366
307 397 409 310 401 296 57 0 411 292
200 220 171 358 440 370 297 411 0 333
206 359 237 141 93 68 366 292 333 0
