0 461 345 277 244 97 241 490 484 444
461 0 156 183 504 379 548 526 187 74
345 156 0 353 427 425 461 604 109 122
277 183 353 0 506 410 556 451 346 358
244 504 427 506 0 353 168 252 421 647
97 379 425 410 353 0 301 442 352 468
241 548 461 556 168 301 0 90 476 540
490 526 604 451 252 442 90 0 591 619
484 187 109 346 421 352 476 591 0 231
444 74 122 358 647 468 540 619 231 0
