0 484 425 383 481 492 536 441 190 239
484 0 398 239 395 411 423 65 375 416
425 398 0 377 381 374 321 495 414 467
383 239 377 0 256 379 392 400 412 426
481 395 381 256 0 203 140 410 489 508
492 411 374 379 203 0 197 420 403 482
536 423 321 392 140 197 0 407 505 444
441 65 495 400 410 420 407 0 447 499
190 375 414 412 489 403 505 447 0 7
239 416 467 426 508 482 444 499 7 0
