0 69 132 534 412 377 499 194 223 261
69 0 119 521 399 364 486 181 210 248
132 119 0 514 392 357 479 174 203 241
534 521 514 0 246 327 157 444 473 389
412 399 392 246 0 205 211 322 351 267
377 364 357 327 205 0 292 287 316 232
499 486 479 157 211 292 0 409 438 354
194 181 174 444 322 287 409 0 69 171
223 210 203 473 351 316 438 69 0 200
261 248 241 389 267 232 354 171 200 0
