0 429 175 495 594 122 345 223 406 378
429 0 267 139 152 193 244 431 424 113
175 267 0 464 399 162 376 66 91 472
495 139 464 0 221 419 406 575 559 277
594 152 399 221 0 458 425 524 547 248
122 193 162 419 458 0 270 214 87 359
345 244 376 406 425 270 0 405 432 384
223 431 66 575 524 214 405 0 31 417
406 424 91 559 547 87 432 31 0 436
378 113 472 277 248 359 384 417 436 0
