0 62 365 474 340 475 300 617 432 99
62 0 172 444 242 392 96 653 504 149
365 172 0 556 487 610 174 708 664 308
474 444 556 0 291 295 593 229 172 394
340 242 487 291 0 286 482 457 320 235
475 392 610 295 286 0 412 419 273 447
300 96 174 593 482 412 0 735 569 81
617 653 708 229 457 419 735 0 228 589
432 504 664 172 320 273 569 228 0 409
99 149 308 394 235 447 81 589 409 0
