0 184 217 224 258 274 182 248 460 48
184 0 168 244 82 325 136 222 360 212
217 168 0 242 248 409 213 260 538 249
224 244 242 0 168 347 181 135 541 291
258 82 248 168 0 222 285 260 401 191
274 325 409 347 222 0 193 288 204 267
182 136 213 181 285 193 0 141 436 267
248 222 260 135 260 288 141 0 432 340
460 360 538 541 401 204 436 432 0 497
48 212 249 291 191 267 267 340 497 0
