0 472 310 343 428 336 530 199 442 267
472 0 432 115 366 84 521 335 476 491
310 432 0 413 493 392 650 259 562 408
343 115 413 0 382 -56 522 406 542 500
428 366 493 382 0 369 336 592 403 537
336 84 392 -56 369 0 545 417 577 452
530 521 650 522 336 545 0 646 172 685
199 335 259 406 592 417 646 0 520 -5
442 476 562 542 403 577 172 520 0 656
267 491 408 500 537 452 685 -5 656 0
