0 249 259 313 163 314 271 450 363 70
249 0 200 282 132 283 212 419 332 307
259 200 0 292 142 293 94 429 342 317
313 282 292 0 158 187 304 275 68 371
163 132 142 158 0 159 154 295 208 221
314 283 293 187 159 0 305 324 237 372
271 212 94 304 154 305 0 441 354 329
450 419 429 275 295 324 441 0 325 508
363 332 342 68 208 237 354 325 0 421
70 307 317 371 221 372 329 508 421 0
