0 29 433 369 467 101 387 486 451 353
29 0 412 348 446 80 366 465 430 332
433 412 0 106 286 374 158 305 270 288
369 348 106 0 222 310 94 241 206 224
467 446 286 222 0 408 240 157 52 322
101 80 374 310 408 0 328 427 392 294
387 366 158 94 240 328 0 259 224 242
486 465 305 241 157 427 259 0 141 341
451 430 270 206 52 392 224 141 0 306
353 332 288 224 322 294 242 341 306 0
