0 296 156 315 274 239 285 63 259 224
296 0 284 43 310 275 147 309 295 260
156 284 0 303 262 227 273 169 247 212
315 43 303 0 329 294 166 328 314 279
274 310 262 329 0 111 299 287 221 214
239 275 227 294 111 0 264 252 186 179
285 147 273 166 299 264 0 298 284 249
63 309 169 328 287 252 298 0 272 237
259 295 247 314 221 186 284 272 0 199
224 260 212 279 214 179 249 237 199 0
