0 624 388 437 519 465 371 662 198 630
624 0 444 493 575 591 427 324 562 292
388 444 0 63 145 355 65 482 326 450
437 493 63 0 108 404 114 531 375 499
519 575 145 108 0 486 196 613 457 581
465 591 355 404 486 0 338 629 403 597
371 427 65 114 196 338 0 465 309 433
662 324 482 531 613 629 465 0 600 70
198 562 326 375 457 403 309 600 0 568
630 292 450 499 581 597 433 70 568 0
