0 243 431 497 501 241 577 304 610 293
243 0 292 358 362 8 438 101 471 90
431 292 0 146 104 290 226 353 259 342
497 358 146 0 216 356 118 419 151 408
501 362 104 216 0 360 296 423 329 412
241 8 290 356 360 0 436 99 469 88
577 438 226 118 296 436 0 499 85 488
304 101 353 419 423 99 499 0 532 13
610 471 259 151 329 469 85 532 0 521
293 90 342 408 412 88 488 13 521 0
