0 323 359 453 399 298 98 416 397 365
323 0 148 334 280 183 231 297 278 246
359 148 0 370 316 219 267 333 314 282
453 334 370 0 256 313 361 273 168 144
399 280 316 256 0 259 307 141 200 168
298 183 219 313 259 0 206 276 257 225
98 231 267 361 307 206 0 324 305 273
416 297 333 273 141 276 324 0 217 185
397 278 314 168 200 257 305 217 0 88
365 246 282 144 168 225 273 185 88 0
