0 568 177 193 470 527 288 501 308 119
568 0 635 545 150 387 640 361 306 577
177 635 0 260 537 594 355 568 375 108
193 545 260 0 447 504 103 478 285 202
470 150 537 447 0 289 542 263 208 479
527 387 594 504 289 0 599 128 265 536
288 640 355 103 542 599 0 573 380 297
501 361 568 478 263 128 573 0 239 510
308 306 375 285 208 265 380 239 0 317
119 577 108 202 479 536 297 510 317 0
