0 592 575 371 557 630 688 455 442 597
592 0 225 493 301 256 384 250 213 381
575 225 0 424 226 240 193 255 33 235
371 493 424 0 446 418 450 416 363 433
557 301 226 446 0 308 39 350 213 -31
630 256 240 418 308 0 385 338 117 477
688 384 193 450 39 385 0 371 275 115
455 250 255 416 350 338 371 0 176 309
442 213 33 363 213 117 275 176 0 149
597 381 235 433 -31 477 115 309 149 0
