0 253 111 113 148 160 351 248 309 287
253 0 267 240 246 236 362 358 429 396
111 267 0 47 151 371 434 285 361 385
113 240 47 0 207 162 370 159 398 348
148 246 151 207 0 261 237 234 386 243
160 236 371 162 261 0 52 305 172 248
351 362 434 370 237 52 0 400 297 389
248 358 285 159 234 305 400 0 235 265
309 429 361 398 386 172 297 235 0 344
287 396 385 348 243 248 389 265 344 0
