0 362 459 455 306 430 422 287 440 449
362 0 74 361 225 306 194 284 381 372
459 74 0 310 335 395 234 393 374 458
455 361 310 0 119 282 134 390 152 386
306 225 335 119 0 103 54 292 212 329
430 306 395 282 103 0 138 351 109 463
422 194 234 134 54 138 0 250 94 295
287 284 393 390 292 351 250 0 366 309
440 381 374 152 212 109 94 366 0 506
449 372 458 386 329 463 295 309 506 0
