0 310 425 143 333 308 285 290 371 239
310 0 590 452 616 629 298 488 260 103
425 590 0 282 583 469 617 330 665 548
143 452 282 0 408 361 451 321 455 415
333 616 583 408 0 249 426 148 553 549
308 629 469 361 249 0 495 55 609 453
285 298 617 451 426 495 0 479 199 217
290 488 330 321 148 55 479 0 454 619
371 260 665 455 553 609 199 454 0 286
239 103 548 415 549 453 217 619 286 0
