0 367 341 330 255 459 488 664 461 323
367 0 293 536 312 467 644 673 467 255
341 293 0 466 272 481 440 604 414 264
330 536 466 0 334 338 298 456 420 508
255 312 272 334 0 90 279 242 301 243
459 467 481 338 90 0 442 442 399 533
488 644 440 298 279 442 0 542 457 588
664 673 604 456 242 442 542 0 285 708
461 467 414 420 301 399 457 285 0 637
323 255 264 508 243 533 588 708 637 0
