0 276 293 214 126 288 218 177 273 398
276 0 282 286 390 274 85 51 239 402
293 282 0 111 387 334 326 302 144 278
214 286 111 0 311 364 286 131 5 286
126 390 387 311 0 333 106 143 229 427
288 274 334 364 333 0 237 226 217 491
218 85 326 286 106 237 0 62 254 359
177 51 302 131 143 226 62 0 267 361
273 239 144 5 229 217 254 267 0 392
398 402 278 286 427 491 359 361 392 0
