0 574 186 560 272 540 99 568 573 436
574 0 546 401 361 325 501 208 228 57
186 546 0 483 150 423 169 571 605 522
560 401 483 0 273 252 387 316 439 324
272 361 150 273 0 254 100 414 444 347
540 325 423 252 254 0 287 394 376 173
99 501 169 387 100 287 0 441 514 381
568 208 571 316 414 394 441 0 69 146
573 228 605 439 444 376 514 69 0 251
436 57 522 324 347 173 381 146 251 0
