0 474 439 494 289 190 523 589 485 27
474 0 241 296 347 464 113 295 287 497
439 241 0 147 312 429 290 356 138 462
494 296 147 0 367 484 345 411 107 517
289 347 312 367 0 279 396 462 358 312
190 464 429 484 279 0 513 579 475 213
523 113 290 345 396 513 0 344 336 546
589 295 356 411 462 579 344 0 402 612
485 287 138 107 358 475 336 402 0 508
27 497 462 517 312 213 546 612 508 0
