0 233 159 108 216 272 354 242 343 301
233 0 296 245 271 327 409 297 398 356
159 296 0 99 279 335 417 305 406 364
108 245 99 0 228 284 366 254 355 313
216 271 279 228 0 220 302 156 291 267
272 327 335 284 220 0 106 246 219 323
354 409 417 366 302 106 0 328 301 405
242 297 305 254 156 246 328 0 317 293
343 398 406 355 291 219 301 317 0 394
301 356 364 313 267 323 405 293 394 0
