0 341 248 139 207 51 362 260 305 287
341 0 170 457 519 347 461 323 234 331
248 170 0 413 464 304 508 400 29 419
139 457 413 0 94 200 476 378 339 66
207 519 464 94 0 139 535 434 391 100
51 347 304 200 139 0 341 307 286 178
362 461 508 476 535 341 0 266 528 478
260 323 400 378 434 307 266 0 503 485
305 234 29 339 391 286 528 503 0 446
287 331 419 66 100 178 478 485 446 0
