0 34 184 597 507 497 428 502 368 604
34 0 225 552 548 408 433 402 350 602
184 225 0 361 344 326 148 314 254 448
597 552 361 0 114 608 144 361 689 470
507 548 344 114 0 593 183 387 722 306
497 408 326 608 593 0 554 546 181 604
428 433 148 144 183 554 0 260 478 182
502 402 314 361 387 546 260 0 484 448
368 350 254 689 722 181 478 484 0 680
604 602 448 470 306 604 182 448 680 0
