0 311 178 284 428 420 600 447 246 544
311 0 487 141 315 307 487 334 205 431
178 487 0 460 604 596 776 623 422 720
284 141 460 0 288 280 460 307 178 404
428 315 604 288 0 74 434 161 322 378
420 307 596 280 74 0 426 153 314 370
600 487 776 460 434 426 0 453 494 328
447 334 623 307 161 153 453 0 341 397
246 205 422 178 322 314 494 341 0 438
544 431 720 404 378 370 328 397 438 0
