0 110 445 452 228 533 317 433 592 360
110 0 435 442 218 523 307 423 582 350
445 435 0 99 375 490 464 144 549 317
452 442 99 0 382 497 471 151 556 324
228 218 375 382 0 463 215 363 522 290
533 523 490 497 463 0 552 478 271 233
317 307 464 471 215 552 0 452 611 379
433 423 144 151 363 478 452 0 537 305
592 582 549 556 522 271 611 537 0 292
360 350 317 324 290 233 379 305 292 0
