0 268 178 613 404 343 290 366 417 439
268 0 135 308 242 236 236 261 156 282
178 135 0 497 427 348 340 420 337 433
613 308 497 0 310 381 426 331 297 424
404 242 427 310 0 297 72 221 422 333
343 236 348 381 297 0 247 256 223 198
290 236 340 426 72 247 0 77 214 306
366 261 420 331 221 256 77 0 348 320
417 156 337 297 422 223 214 348 0 132
439 282 433 424 333 198 306 320 132 0
