0 458 60 447 107 219 437 270 692 316
458 0 418 392 517 454 507 446 304 182
60 418 0 396 89 162 530 385 735 400
447 392 396 0 383 439 206 148 725 339
107 517 89 383 0 112 517 412 701 367
219 454 162 439 112 0 407 481 742 413
437 507 530 206 517 407 0 92 701 462
270 446 385 148 412 481 92 0 584 368
692 304 735 725 701 742 701 584 0 439
316 182 400 339 367 413 462 368 439 0
