0 364 319 138 411 385 387 368 138 451
364 0 154 467 410 353 455 408 259 415
319 154 0 404 305 253 356 188 337 390
138 467 404 0 561 510 579 516 351 602
411 410 305 561 0 56 209 50 250 325
385 353 253 510 56 0 119 99 256 291
387 455 356 579 209 119 0 212 398 206
368 408 188 516 50 99 212 0 197 222
138 259 337 351 250 256 398 197 0 351
451 415 390 602 325 291 206 222 351 0
