0 253 197 233 309 400 377 271 418 463
253 0 282 352 112 485 462 356 503 548
197 282 0 296 338 385 362 256 403 448
233 352 296 0 408 499 476 370 517 562
309 112 338 408 0 541 518 412 559 604
400 485 385 499 541 0 191 267 82 277
377 462 362 476 518 191 0 244 209 176
271 356 256 370 412 267 244 0 285 330
418 503 403 517 559 82 209 285 0 295
463 548 448 562 604 277 176 330 295 0
