0 402 329 294 213 183 284 270 329 240
402 0 113 516 495 393 304 492 237 522
329 113 0 443 422 320 231 419 164 449
294 516 443 0 387 297 398 174 443 414
213 495 422 387 0 276 377 363 422 41
183 393 320 297 276 0 275 273 320 303
284 304 231 398 377 275 0 374 231 404
270 492 419 174 363 273 374 0 419 390
329 237 164 443 422 320 231 419 0 449
240 522 449 414 41 303 404 390 449 0
