0 311 155 302 348 293 265 215 220 168
311 0 270 376 260 234 306 192 188 309
155 270 0 366 393 254 333 239 246 312
302 376 366 0 420 422 -5 347 332 353
348 260 393 420 0 217 438 131 329 231
293 234 254 422 217 0 266 74 262 209
265 306 333 -5 438 266 0 299 287 266
215 192 239 347 131 74 299 0 239 134
220 188 246 332 329 262 287 239 0 306
168 309 312 353 231 209 266 134 306 0
