0 375 227 479 402 456 123 410 383 505
375 0 312 357 308 41 494 397 308 288
227 312 0 309 357 398 370 363 175 362
479 357 309 0 103 344 415 280 267 332
402 308 357 103 0 407 424 200 123 380
456 41 398 344 407 0 438 341 275 223
123 494 370 415 424 438 0 491 342 484
410 397 363 280 200 341 491 0 105 380
383 308 175 267 123 275 342 105 0 281
505 288 362 332 380 223 484 380 281 0
