0 611 350 581 454 455 459 655 222 587
611 0 538 587 549 566 423 330 584 186
350 538 0 60 112 244 98 538 408 456
581 587 60 0 123 405 156 488 420 586
454 549 112 123 0 524 208 630 489 577
455 566 244 405 524 0 357 618 471 610
459 423 98 156 208 357 0 414 312 457
655 330 538 488 630 618 414 0 654 161
222 584 408 420 489 471 312 654 0 518
587 186 456 586 577 610 457 161 518 0
