0 408 151 329 126 283 352 400 537 355
408 0 496 349 255 407 454 561 360 156
151 496 0 420 267 262 414 457 661 362
329 349 420 0 283 347 184 189 635 331
126 255 267 283 0 -50 326 352 578 241
283 407 262 347 -50 0 368 386 591 360
352 454 414 184 326 368 0 153 653 369
400 561 457 189 352 386 153 0 742 389
537 360 661 635 578 591 653 742 0 397
355 156 362 331 241 360 369 389 397 0
