0 316 157 417 381 303 199 376 406 481
316 0 293 287 251 173 247 246 276 529
157 293 0 394 358 280 176 353 383 458
417 287 394 0 82 144 348 77 81 630
381 251 358 82 0 108 312 37 71 594
303 173 280 144 108 0 234 103 133 516
199 247 176 348 312 234 0 307 337 370
376 246 353 77 37 103 307 0 66 589
406 276 383 81 71 133 337 66 0 619
481 529 458 630 594 516 370 589 619 0
