0 491 561 511 656 637 716 557 188 253
491 0 354 304 449 430 509 118 371 436
561 354 0 256 205 186 265 420 441 506
511 304 256 0 351 332 411 370 391 456
656 449 205 351 0 127 122 515 536 601
637 430 186 332 127 0 187 496 517 582
716 509 265 411 122 187 0 575 596 661
557 118 420 370 515 496 575 0 437 502
188 371 441 391 536 517 596 437 0 75
253 436 506 456 601 582 661 502 75 0
