0 152 398 223 393 364 324 552 429 453
152 0 454 146 487 442 403 545 505 457
398 454 0 306 215 347 375 312 74 432
223 146 306 0 274 303 260 515 345 209
393 487 215 274 0 334 196 176 196 377
364 442 347 303 334 0 104 489 328 477
324 403 375 260 196 104 0 427 312 256
552 545 312 515 176 489 427 0 371 469
429 505 74 345 196 328 312 371 0 436
453 457 432 209 377 477 256 469 436 0
