0 207 109 240 322 158 470 457 155 463
207 0 316 345 148 180 557 605 253 98
109 316 0 218 475 131 569 528 134 550
240 345 218 0 436 149 606 625 122 475
322 148 475 436 0 261 717 665 375 39
158 180 131 149 261 0 529 510 118 255
470 557 569 606 717 529 0 203 546 709
457 605 528 625 665 510 203 0 491 709
155 253 134 122 375 118 546 491 0 523
463 98 550 475 39 255 709 709 523 0
