0 299 360 422 316 389 371 330 335 303
299 0 271 141 227 108 282 441 246 414
360 271 0 394 172 361 227 502 201 475
422 141 394 0 350 111 405 564 369 537
316 227 172 350 0 317 141 458 157 431
389 108 361 111 317 0 372 531 336 504
371 282 227 405 141 372 0 513 212 486
330 441 502 564 458 531 513 0 477 97
335 246 201 369 157 336 212 477 0 450
303 414 475 537 431 504 486 97 450 0
