0 600 570 680 248 158 635 601 610 661
600 0 438 287 296 578 107 332 412 263
570 438 0 249 244 615 443 377 149 424
680 287 249 0 307 531 431 313 154 393
248 296 244 307 0 322 351 427 301 345
158 578 615 531 322 0 692 698 574 604
635 107 443 431 351 692 0 363 444 299
601 332 377 313 427 698 363 0 432 310
610 412 149 154 301 574 444 432 0 291
661 263 424 393 345 604 299 310 291 0
