0 208 421 230 403 282 300 384 316 332 395 285 333 143 47 58 409 492 422 496
208 0 389 212 381 249 259 353 287 150 369 109 267 150 208 205 369 478 373 457
421 389 0 390 96 444 429 324 273 509 353 441 264 362 418 423 302 388 294 360
230 212 390 0 376 104 119 348 288 287 371 259 259 185 230 232 384 456 370 446
403 381 96 376 0 429 437 327 281 482 328 425 248 368 412 410 309 378 295 342
282 249 444 104 429 0 107 424 351 381 402 320 335 253 297 298 449 525 451 520
300 259 429 119 437 107 0 417 338 361 380 334 324 256 294 314 437 527 433 516
384 353 324 348 327 424 417 0 244 448 102 390 206 348 388 391 322 416 313 402
316 287 273 288 281 351 338 244 0 402 231 349 156 288 320 301 263 373 267 343
332 150 509 287 482 381 361 448 402 0 462 73 394 280 313 326 483 577 472 542
395 369 353 371 328 402 380 102 231 462 0 405 238 328 376 386 343 398 331 422
285 109 441 259 425 320 334 390 349 73 405 0 342 216 297 258 413 526 455 523
333 267 264 259 248 335 324 206 156 394 238 342 0 262 302 294 249 330 253 316
143 150 362 185 368 253 256 348 288 280 328 216 262 0 133 152 376 447 358 440
47 208 418 230 412 297 294 388 320 313 376 297 302 133 0 8 413 482 392 491
58 205 423 232 410 298 314 391 301 326 386 258 294 152 8 0 424 475 414 477
409 369 302 384 309 449 437 322 263 483 343 413 249 376 413 424 0 167 203 152
492 478 388 456 378 525 527 416 373 577 398 526 330 447 482 475 167 0 272 184
422 373 294 370 295 451 433 313 267 472 331 455 253 358 392 414 203 272 0 254
496 457 360 446 342 520 516 402 343 542 422 523 316 440 491 477 152 184 254 0
