0 451 366 407 449 383 320 514 348 389 567 538 322 289 350 504 444 48 333 530
451 0 615 551 597 127 477 352 567 622 394 707 560 437 629 664 277 444 599 679
366 615 0 569 616 542 482 686 315 360 731 708 126 466 344 656 622 342 324 703
407 551 569 0 87 471 234 634 538 594 689 332 514 202 566 258 587 390 541 297
449 597 616 87 0 517 292 684 586 617 733 333 568 240 597 323 590 436 590 342
383 127 542 471 517 0 379 266 495 545 295 600 473 351 535 562 185 348 498 590
320 477 482 234 292 379 0 544 456 474 589 383 443 32 499 317 490 337 452 352
514 352 686 634 684 266 544 0 664 691 118 745 624 527 692 729 171 497 656 769
348 567 315 538 586 495 456 664 0 171 718 682 289 432 173 639 601 325 24 672
389 622 360 594 617 545 474 691 171 0 764 718 303 458 12 679 622 357 168 703
567 394 731 689 733 295 589 118 718 764 0 799 692 569 748 766 221 567 718 816
538 707 708 332 333 600 383 745 682 718 799 0 669 338 715 232 704 523 680 118
322 560 126 514 568 473 443 624 289 303 692 669 0 420 291 615 578 298 284 664
289 437 466 202 240 351 32 527 432 458 569 338 420 0 450 294 459 276 446 330
350 629 344 566 597 535 499 692 173 12 748 715 291 450 0 681 621 346 175 691
504 664 656 258 323 562 317 729 639 679 766 232 615 294 681 0 667 500 647 227
444 277 622 587 590 185 490 171 601 622 221 704 578 459 621 667 0 468 598 703
48 444 342 390 436 348 337 497 325 357 567 523 298 276 346 500 468 0 337 536
333 599 324 541 590 498 452 656 24 168 718 680 284 446 175 647 598 337 0 669
530 679 703 297 342 590 352 769 672 703 816 118 664 330 691 227 703 536 669 0
