0 434 443 218 282 280 153 464 108 192 401 234 349 169 246 236 328 167 223 356
434 0 207 477 255 208 540 159 528 451 178 493 360 588 505 340 347 560 619 150
443 207 0 474 278 241 553 233 514 450 44 504 364 574 501 347 352 568 616 121
218 477 474 0 328 317 345 478 293 33 442 57 383 352 24 281 370 347 380 412
282 255 278 328 0 133 411 288 387 314 238 359 215 433 359 205 197 420 460 198
280 208 241 317 133 0 402 256 358 316 182 363 214 428 356 202 191 426 463 150
153 540 553 345 411 402 0 548 189 336 522 355 450 143 361 350 439 252 281 478
464 159 233 478 288 256 548 0 547 470 193 511 372 592 533 362 367 584 629 163
108 528 514 293 387 358 189 547 0 279 460 343 429 212 327 312 425 133 161 466
192 451 450 33 314 316 336 470 279 0 419 52 371 336 62 253 348 334 387 369
401 178 44 442 238 182 522 193 460 419 0 467 315 534 462 296 300 545 571 79
234 493 504 57 359 363 355 511 343 52 467 0 408 391 41 311 403 395 440 451
349 360 364 383 215 214 450 372 429 371 315 408 0 467 402 225 127 495 532 282
169 588 574 352 433 428 143 592 212 336 534 391 467 0 387 364 474 279 293 496
246 505 501 24 359 356 361 533 327 62 462 41 402 387 0 292 398 385 440 430
236 340 347 281 205 202 350 362 312 253 296 311 225 364 292 0 217 381 409 266
328 347 352 370 197 191 439 367 425 348 300 403 127 474 398 217 0 468 520 277
167 560 568 347 420 426 252 584 133 334 545 395 495 279 385 381 468 0 139 489
223 619 616 380 460 463 281 629 161 387 571 440 532 293 440 409 520 139 0 525
356 150 121 412 198 150 478 163 466 369 79 451 282 496 430 266 277 489 525 0
