0 434 421 537 313 385 319 345 402 514 525 559 207 489 491 502 318 52 282 501
434 0 216 259 598 291 214 432 219 400 235 281 471 231 195 419 607 394 541 238
421 216 0 341 568 257 171 436 151 380 309 334 461 280 274 388 575 350 527 271
537 259 341 0 694 393 303 542 301 499 272 121 599 282 289 510 717 478 640 211
313 598 568 694 0 540 508 506 558 649 676 700 156 672 643 658 95 257 244 652
385 291 257 393 540 0 155 382 248 254 355 407 420 346 335 268 561 309 508 345
319 214 171 303 508 155 0 322 175 307 270 344 365 271 232 299 500 260 420 282
345 432 436 542 506 382 322 0 399 503 513 573 371 513 490 511 499 278 458 506
402 219 151 301 558 248 175 399 0 378 278 328 457 268 271 370 558 350 535 290
514 400 380 499 649 254 307 503 378 0 486 525 545 462 439 189 667 441 620 476
525 235 309 272 676 355 270 513 278 486 0 323 572 139 95 505 682 461 614 260
559 281 334 121 700 407 344 573 328 525 323 0 611 288 265 543 732 497 673 244
207 471 461 599 156 420 365 371 457 545 572 611 0 552 515 533 162 130 129 551
489 231 280 282 672 346 271 513 268 462 139 288 552 0 87 458 639 450 611 243
491 195 274 289 643 335 232 490 271 439 95 265 515 87 0 445 664 424 586 236
502 419 388 510 658 268 299 511 370 189 505 543 533 458 445 0 666 455 630 482
318 607 575 717 95 561 500 499 558 667 682 732 162 639 664 666 0 266 227 675
52 394 350 478 257 309 260 278 350 441 461 497 130 450 424 455 266 0 211 466
282 541 527 640 244 508 420 458 535 620 614 673 129 611 586 630 227 211 0 626
501 238 271 211 652 345 282 506 290 476 260 244 551 243 236 482 675 466 626 0
