0 315 284 272 351 311 313 363 397 370 284 278 302 270 302 154 404 458 437 494
315 0 257 323 268 284 114 336 370 421 201 329 275 187 353 341 377 431 410 467
284 257 0 292 293 201 255 253 287 390 226 298 40 212 322 310 294 348 327 384
272 323 292 0 359 319 321 371 405 102 292 96 310 278 34 298 412 466 445 502
351 268 293 359 0 320 266 372 406 457 83 365 311 167 389 377 413 467 446 503
311 284 201 319 320 0 282 218 252 417 253 325 219 239 349 337 259 313 292 349
313 114 255 321 266 282 0 334 368 419 199 327 273 185 351 339 375 429 408 465
363 336 253 371 372 218 334 0 160 469 305 377 271 291 401 389 103 221 136 193
397 370 287 405 406 252 368 160 0 503 339 411 305 325 435 423 201 77 234 291
370 421 390 102 457 417 419 469 503 0 390 194 408 376 126 396 510 564 543 600
284 201 226 292 83 253 199 305 339 390 0 298 244 100 322 310 346 400 379 436
278 329 298 96 365 325 327 377 411 194 298 0 316 284 126 304 418 472 451 508
302 275 40 310 311 219 273 271 305 408 244 316 0 230 340 328 312 366 345 402
270 187 212 278 167 239 185 291 325 376 100 284 230 0 308 296 332 386 365 422
302 353 322 34 389 349 351 401 435 126 322 126 340 308 0 328 442 496 475 532
154 341 310 298 377 337 339 389 423 396 310 304 328 296 328 0 430 484 463 520
404 377 294 412 413 259 375 103 201 510 346 418 312 332 442 430 0 262 121 178
458 431 348 466 467 313 429 221 77 564 400 472 366 386 496 484 262 0 295 352
437 410 327 445 446 292 408 136 234 543 379 451 345 365 475 463 121 295 0 93
494 467 384 502 503 349 465 193 291 600 436 508 402 422 532 520 178 352 93 0
