0 390 415 459 239 210 308 207 450 309 462 515 128 550 586 346 280 137 136 433
390 0 177 221 403 252 160 327 164 351 176 229 292 264 300 388 444 347 300 147
415 177 0 68 428 277 185 352 237 376 249 302 317 337 373 413 469 372 325 220
459 221 68 0 472 321 229 396 281 420 293 346 361 381 417 457 513 416 369 264
239 403 428 472 0 223 321 220 463 322 475 528 115 563 599 359 75 196 135 446
210 252 277 321 223 0 170 147 312 101 324 377 112 412 448 138 264 167 120 295
308 160 185 229 321 170 0 245 220 269 232 285 210 320 356 306 362 265 218 203
207 327 352 396 220 147 245 0 387 246 399 452 109 487 523 283 261 164 117 370
450 164 237 281 463 312 220 387 0 411 182 131 352 270 306 448 504 407 360 135
309 351 376 420 322 101 269 246 411 0 423 476 211 511 547 149 363 266 219 394
462 176 249 293 475 324 232 399 182 423 0 247 364 106 142 460 516 419 372 165
515 229 302 346 528 377 285 452 131 476 247 0 417 335 371 513 569 472 425 200
128 292 317 361 115 112 210 109 352 211 364 417 0 452 488 248 156 85 24 335
550 264 337 381 563 412 320 487 270 511 106 335 452 0 120 548 604 507 460 253
586 300 373 417 599 448 356 523 306 547 142 371 488 120 0 584 640 543 496 289
346 388 413 457 359 138 306 283 448 149 460 513 248 548 584 0 400 303 256 431
280 444 469 513 75 264 362 261 504 363 516 569 156 604 640 400 0 237 176 487
137 347 372 416 196 167 265 164 407 266 419 472 85 507 543 303 237 0 93 390
136 300 325 369 135 120 218 117 360 219 372 425 24 460 496 256 176 93 0 343
433 147 220 264 446 295 203 370 135 394 165 200 335 253 289 431 487 390 343 0
