0 92 381 335 332 303 276 369 311 429
92 0 397 351 348 319 292 385 327 445
381 397 0 286 445 494 467 560 502 186
335 351 286 0 399 448 421 514 456 334
332 348 445 399 0 445 418 511 453 493
303 319 494 448 445 0 221 72 210 542
276 292 467 421 418 221 0 287 229 515
369 385 560 514 511 72 287 0 276 608
311 327 502 456 453 210 229 276 0 550
429 445 186 334 493 542 515 608 550 0
