0 399 358 384 509 238 204 314 345 410
399 0 229 463 588 503 469 269 216 489
358 229 0 422 547 462 428 228 27 448
384 463 422 0 413 488 454 378 409 166
509 588 547 413 0 613 579 503 534 439
238 503 462 488 613 0 120 418 449 514
204 469 428 454 579 120 0 384 415 480
314 269 228 378 503 418 384 0 215 404
345 216 27 409 534 449 415 215 0 435
410 489 448 166 439 514 480 404 435 0
