0 372 257 400 89 600 70 401 206 347
372 0 129 417 259 325 280 405 351 142
257 129 0 379 256 326 241 245 297 188
400 417 379 0 256 528 288 402 370 383
89 259 256 256 0 434 106 383 159 293
600 325 326 528 434 0 371 183 442 271
70 280 241 288 106 371 0 422 145 323
401 405 245 402 383 183 422 0 428 340
206 351 297 370 159 442 145 428 0 421
347 142 188 383 293 271 323 340 421 0
