0 378 260 405 517 271 214 277 405 388
378 0 216 413 589 520 420 195 144 461
260 216 0 470 546 519 387 291 25 410
405 413 470 0 324 446 440 307 476 216
517 589 546 324 0 593 515 622 483 444
271 520 519 446 593 0 42 340 522 533
214 420 387 440 515 42 0 428 548 519
277 195 291 307 622 340 428 0 281 420
405 144 25 476 483 522 548 281 0 365
388 461 410 216 444 533 519 420 365 0
