0 399 406 405 477 547 499 571 547 439
399 0 293 292 364 434 288 458 336 326
406 293 0 223 295 365 393 389 441 81
405 292 223 0 134 204 392 228 440 256
477 364 295 134 0 106 464 130 512 328
547 434 365 204 106 0 534 140 582 398
499 288 393 392 464 534 0 558 240 426
571 458 389 228 130 140 558 0 606 422
547 336 441 440 512 582 240 606 0 474
439 326 81 256 328 398 426 422 474 0
