0 316 278 404 333 474 347 596 315 409
316 0 210 423 351 416 312 464 379 335
278 210 0 196 198 222 123 332 249 273
404 423 196 0 480 41 240 333 326 511
333 351 198 480 0 428 352 452 226 201
474 416 222 41 428 0 210 236 450 498
347 312 123 240 352 210 0 243 235 373
596 464 332 333 452 236 243 0 491 534
315 379 249 326 226 450 235 491 0 120
409 335 273 511 201 498 373 534 120 0
