0 104 269 336 336 339 301 439 364 496
104 0 415 347 333 260 323 366 316 393
269 415 0 200 523 487 503 565 596 204
336 347 200 0 377 435 296 502 485 310
336 333 523 377 0 411 451 576 521 504
339 260 487 435 411 0 187 138 219 485
301 323 503 296 451 187 0 292 163 556
439 366 565 502 576 138 292 0 374 613
364 316 596 485 521 219 163 374 0 580
496 393 204 310 504 485 556 613 580 0
