0 377 307 379 123 487 141 419 239 384
377 0 152 426 322 366 274 298 372 117
307 152 0 356 252 296 204 228 302 159
379 426 356 0 324 536 276 468 374 433
123 322 252 324 0 432 86 364 184 329
487 366 296 536 432 0 384 192 482 373
141 274 204 276 86 384 0 316 134 281
419 298 228 468 364 192 316 0 414 305
239 372 302 374 184 482 134 414 0 379
384 117 159 433 329 373 281 305 379 0
