0 312 363 340 397 327 377 209 381 351
312 0 229 238 411 338 275 152 178 309
363 229 0 306 379 412 410 242 104 394
340 238 306 0 318 294 304 292 342 185
397 411 379 318 0 445 412 334 362 402
327 338 412 294 445 0 115 223 361 312
377 275 410 304 412 115 0 265 374 365
209 152 242 292 334 223 265 0 242 292
381 178 104 342 362 361 374 242 0 348
351 309 394 185 402 312 365 292 348 0
