0 433 474 328 305 242 76 394 510 511 501 513 432 520 415 163 353 575 619 178 528 336 436 415 445 34 385 350 147 440 62 328 372 257 300 108 200 241 283
433 0 507 361 224 551 441 155 287 288 534 290 209 297 448 380 386 352 396 487 305 97 213 192 222 399 162 127 456 473 371 105 405 176 333 325 233 274 316
474 507 0 202 379 592 482 468 584 585 95 587 506 594 145 421 345 649 693 528 602 410 510 489 519 440 459 424 497 34 412 402 102 331 174 366 274 233 275
328 361 202 0 233 446 336 322 438 439 229 441 360 448 143 275 199 503 547 382 456 264 364 343 373 294 313 278 351 168 266 256 100 185 28 220 128 87 129
305 224 379 233 0 423 313 185 301 302 406 304 223 311 320 252 258 366 410 359 319 127 227 206 236 271 176 141 328 345 243 119 277 48 205 197 105 146 188
242 551 592 446 423 0 250 512 628 629 619 631 550 638 533 281 471 693 737 126 646 454 554 533 563 208 503 468 95 558 180 446 490 375 418 226 318 359 401
76 441 482 336 313 250 0 402 518 519 509 521 440 528 423 171 361 583 627 186 536 344 444 423 453 42 393 358 155 448 70 336 380 265 308 116 208 249 291
394 155 468 322 185 512 402 0 248 249 495 251 170 258 409 341 347 313 357 448 266 58 174 153 183 360 123 88 417 434 332 66 366 137 294 286 194 235 277
510 287 584 438 301 628 518 248 0 149 611 323 242 330 525 457 463 385 429 564 338 190 74 225 255 476 195 160 533 550 448 182 482 253 410 402 310 351 393
511 288 585 439 302 629 519 249 149 0 612 324 243 331 526 458 464 386 430 565 339 191 75 226 256 477 196 161 534 551 449 183 483 254 411 403 311 352 394
501 534 95 229 406 619 509 495 611 612 0 614 533 621 172 448 372 676 720 555 629 437 537 516 546 467 486 451 524 61 439 429 129 358 201 393 301 260 302
513 290 587 441 304 631 521 251 323 324 614 0 115 263 528 460 466 318 362 567 271 193 249 98 188 479 128 163 536 553 451 185 485 256 413 405 313 354 396
432 209 506 360 223 550 440 170 242 243 533 115 0 182 447 379 385 237 281 486 190 112 168 17 107 398 47 82 455 472 370 104 404 175 332 324 232 273 315
520 297 594 448 311 638 528 258 330 331 621 263 182 0 535 467 473 205 249 574 158 200 256 165 75 486 135 170 543 560 458 192 492 263 420 412 320 361 403
415 448 145 143 320 533 423 409 525 526 172 528 447 535 0 362 286 590 634 469 543 351 451 430 460 381 400 365 438 111 353 343 43 272 115 307 215 174 216
163 380 421 275 252 281 171 341 457 458 448 460 379 467 362 0 300 522 566 217 475 283 383 362 392 129 332 297 186 387 101 275 319 204 247 55 147 188 230
353 386 345 199 258 471 361 347 463 464 372 466 385 473 286 300 0 528 572 407 481 289 389 368 398 319 338 303 376 311 291 281 243 210 171 245 153 112 70
575 352 649 503 366 693 583 313 385 386 676 318 237 205 590 522 528 0 138 629 47 255 311 220 130 541 190 225 598 615 513 247 547 318 475 467 375 416 458
619 396 693 547 410 737 627 357 429 430 720 362 281 249 634 566 572 138 0 673 91 299 355 264 174 585 234 269 642 659 557 291 591 362 519 511 419 460 502
178 487 528 382 359 126 186 448 564 565 555 567 486 574 469 217 407 629 673 0 582 390 490 469 499 144 439 404 31 494 116 382 426 311 354 162 254 295 337
528 305 602 456 319 646 536 266 338 339 629 271 190 158 543 475 481 47 91 582 0 208 264 173 83 494 143 178 551 568 466 200 500 271 428 420 328 369 411
336 97 410 264 127 454 344 58 190 191 437 193 112 200 351 283 289 255 299 390 208 0 116 95 125 302 65 30 359 376 274 8 308 79 236 228 136 177 219
436 213 510 364 227 554 444 174 74 75 537 249 168 256 451 383 389 311 355 490 264 116 0 151 181 402 121 86 459 476 374 108 408 179 336 328 236 277 319
415 192 489 343 206 533 423 153 225 226 516 98 17 165 430 362 368 220 264 469 173 95 151 0 90 381 30 65 438 455 353 87 387 158 315 307 215 256 298
445 222 519 373 236 563 453 183 255 256 546 188 107 75 460 392 398 130 174 499 83 125 181 90 0 411 60 95 468 485 383 117 417 188 345 337 245 286 328
34 399 440 294 271 208 42 360 476 477 467 479 398 486 381 129 319 541 585 144 494 302 402 381 411 0 351 316 113 406 28 294 338 223 266 74 166 207 249
385 162 459 313 176 503 393 123 195 196 486 128 47 135 400 332 338 190 234 439 143 65 121 30 60 351 0 35 408 425 323 57 357 128 285 277 185 226 268
350 127 424 278 141 468 358 88 160 161 451 163 82 170 365 297 303 225 269 404 178 30 86 65 95 316 35 0 373 390 288 22 322 93 250 242 150 191 233
147 456 497 351 328 95 155 417 533 534 524 536 455 543 438 186 376 598 642 31 551 359 459 438 468 113 408 373 0 463 85 351 395 280 323 131 223 264 306
440 473 34 168 345 558 448 434 550 551 61 553 472 560 111 387 311 615 659 494 568 376 476 455 485 406 425 390 463 0 378 368 68 297 140 332 240 199 241
62 371 412 266 243 180 70 332 448 449 439 451 370 458 353 101 291 513 557 116 466 274 374 353 383 28 323 288 85 378 0 266 310 195 238 46 138 179 221
328 105 402 256 119 446 336 66 182 183 429 185 104 192 343 275 281 247 291 382 200 8 108 87 117 294 57 22 351 368 266 0 300 71 228 220 128 169 211
372 405 102 100 277 490 380 366 482 483 129 485 404 492 43 319 243 547 591 426 500 308 408 387 417 338 357 322 395 68 310 300 0 229 72 264 172 131 173
257 176 331 185 48 375 265 137 253 254 358 256 175 263 272 204 210 318 362 311 271 79 179 158 188 223 128 93 280 297 195 71 229 0 157 149 57 98 140
300 333 174 28 205 418 308 294 410 411 201 413 332 420 115 247 171 475 519 354 428 236 336 315 345 266 285 250 323 140 238 228 72 157 0 192 100 59 101
108 325 366 220 197 226 116 286 402 403 393 405 324 412 307 55 245 467 511 162 420 228 328 307 337 74 277 242 131 332 46 220 264 149 192 0 92 133 175
200 233 274 128 105 318 208 194 310 311 301 313 232 320 215 147 153 375 419 254 328 136 236 215 245 166 185 150 223 240 138 128 172 57 100 92 0 41 83
241 274 233 87 146 359 249 235 351 352 260 354 273 361 174 188 112 416 460 295 369 177 277 256 286 207 226 191 264 199 179 169 131 98 59 133 41 0 42
283 316 275 129 188 401 291 277 393 394 302 396 315 403 216 230 70 458 502 337 411 219 319 298 328 249 268 233 306 241 221 211 173 140 101 175 83 42 0
