0 398 308 355 212 164 313 393 406 374 359 535 509 401 364 470 568 162 562 298 147 305 61 287 393 528 406 421 408 296 282 331 180 134 306 294 303 237 221
398 0 414 227 319 405 126 462 282 230 267 585 577 134 209 269 644 284 655 294 274 51 306 366 187 598 209 496 437 382 273 185 267 226 157 120 104 94 195
308 414 0 369 276 332 310 129 481 389 452 251 233 426 363 430 358 272 333 137 251 363 317 51 402 294 398 220 166 42 101 348 275 230 319 320 309 299 218
355 227 369 0 274 362 86 364 222 237 103 441 506 199 139 109 606 224 582 307 196 144 240 292 154 529 96 433 409 385 229 52 210 167 43 33 100 127 251
212 319 276 274 0 190 159 306 278 232 285 379 373 270 259 357 454 57 429 173 5 248 156 186 284 351 258 382 280 221 127 221 64 88 199 195 179 173 189
164 405 332 362 190 0 311 432 440 380 396 526 477 418 341 409 645 153 612 289 184 323 58 292 448 531 343 448 456 275 243 344 140 185 296 338 266 298 190
313 126 310 86 159 311 0 414 97 127 108 462 456 80 80 113 530 144 546 227 172 87 266 316 106 459 52 454 397 268 175 1 190 160 44 16 75 15 118
393 462 129 364 306 432 414 0 505 399 437 298 335 454 456 507 394 305 378 209 315 394 356 96 421 308 417 254 200 87 215 390 317 243 342 356 356 363 207
406 282 481 222 278 440 97 505 0 246 73 589 554 230 87 222 675 274 584 355 318 230 356 389 19 596 45 540 448 379 338 165 278 279 154 158 141 145 228
374 230 389 237 232 380 127 399 246 0 194 574 555 178 180 208 613 228 639 294 239 203 362 363 184 578 203 492 422 398 228 102 174 195 136 129 99 82 214
359 267 452 103 285 396 108 437 73 194 0 574 512 235 61 156 628 262 575 327 280 178 287 331 29 542 44 451 447 330 312 120 214 188 117 89 122 93 212
535 585 251 441 379 526 462 298 589 574 574 0 140 581 467 579 284 406 289 297 397 490 452 198 560 198 468 190 127 205 259 547 352 272 455 424 440 448 315
509 577 233 506 373 477 456 335 554 555 512 140 0 570 520 595 142 376 160 280 339 468 396 189 562 113 486 56 102 196 239 453 401 305 438 434 425 421 336
401 134 426 199 270 418 80 454 230 178 235 581 570 0 199 249 628 233 572 392 316 58 310 368 179 587 199 546 423 360 310 164 267 235 165 100 71 128 200
364 209 363 139 259 341 80 456 87 180 61 467 520 199 0 164 621 256 609 250 241 107 287 324 35 496 -48 488 392 292 222 104 199 160 72 44 30 76 153
470 269 430 109 357 409 113 507 222 208 156 579 595 249 164 0 630 316 609 336 243 195 324 359 163 593 186 467 489 370 316 61 255 252 115 109 133 142 184
568 644 358 606 454 645 530 394 675 613 628 284 142 628 621 630 0 396 84 371 458 583 506 269 656 59 634 141 181 283 310 593 452 444 520 540 534 503 435
162 284 272 224 57 153 144 305 274 228 262 406 376 233 256 316 396 0 435 176 2 206 108 227 237 411 200 375 259 211 129 197 19 60 168 157 172 193 55
562 655 333 582 429 612 546 378 584 639 575 289 160 572 609 609 84 435 0 284 449 474 527 317 561 87 542 97 165 226 319 549 394 397 542 490 512 514 400
298 294 137 307 173 289 227 209 355 294 327 297 280 392 250 336 371 176 284 0 121 264 208 83 336 298 312 233 136 81 69 225 171 126 197 210 196 199 71
147 274 251 196 5 184 172 315 318 239 280 397 339 316 241 243 458 2 449 121 0 202 54 198 260 383 254 318 311 162 77 205 17 23 157 157 185 179 10
305 51 363 144 248 323 87 394 230 203 178 490 468 58 107 195 583 206 474 264 202 0 253 346 146 507 133 448 403 302 240 97 200 165 77 92 6 27 142
61 306 317 240 156 58 266 356 356 362 287 452 396 310 287 324 506 108 527 208 54 253 0 206 342 421 271 428 336 285 202 232 71 127 225 235 208 207 115
287 366 51 292 186 292 316 96 389 363 331 198 189 368 324 359 269 227 317 83 198 346 206 0 363 232 311 187 87 -14 111 263 202 186 230 226 280 272 156
393 187 402 154 284 448 106 421 19 184 29 560 562 179 35 163 656 237 561 336 260 146 342 363 0 558 47 510 431 383 232 115 224 156 59 96 136 91 197
528 598 294 529 351 531 459 308 596 578 542 198 113 587 496 593 59 411 87 298 383 507 421 232 558 0 522 17 121 220 303 480 413 368 506 461 454 451 332
406 209 398 96 258 343 52 417 45 203 44 468 486 199 -48 186 634 200 542 312 254 133 271 311 47 522 0 455 420 290 259 70 203 161 51 23 79 114 175
421 496 220 433 382 448 454 254 540 492 451 190 56 546 488 467 141 375 97 233 318 448 428 187 510 17 455 0 86 173 193 433 341 283 442 403 394 381 301
408 437 166 409 280 456 397 200 448 422 447 127 102 423 392 489 181 259 165 136 311 403 336 87 431 121 420 86 0 104 135 392 222 206 344 325 324 267 212
296 382 42 385 221 275 268 87 379 398 330 205 196 360 292 370 283 211 226 81 162 302 285 -14 383 220 290 173 104 0 66 298 193 153 242 292 239 239 139
282 273 101 229 127 243 175 215 338 228 312 259 239 310 222 316 310 129 319 69 77 240 202 111 232 303 259 193 135 66 0 241 81 92 194 199 214 161 93
331 185 348 52 221 344 1 390 165 102 120 547 453 164 104 61 593 197 549 225 205 97 232 263 115 480 70 433 392 298 241 0 187 134 9 12 94 66 151
180 267 275 210 64 140 190 317 278 174 214 352 401 267 199 255 452 19 394 171 17 200 71 202 224 413 203 341 222 193 81 187 0 -2 165 155 161 133 31
134 226 230 167 88 185 160 243 279 195 188 272 305 235 160 252 444 60 397 126 23 165 127 186 156 368 161 283 206 153 92 134 -2 0 109 115 83 115 7
306 157 319 43 199 296 44 342 154 136 117 455 438 165 72 115 520 168 542 197 157 77 225 230 59 506 51 442 344 242 194 9 165 109 0 37 43 -2 111
294 120 320 33 195 338 16 356 158 129 89 424 434 100 44 109 540 157 490 210 157 92 235 226 96 461 23 403 325 292 199 12 155 115 37 0 41 19 107
303 104 309 100 179 266 75 356 141 99 122 440 425 71 30 133 534 172 512 196 185 6 208 280 136 454 79 394 324 239 214 94 161 83 43 41 0 -10 37
237 94 299 127 173 298 15 363 145 82 93 448 421 128 76 142 503 193 514 199 179 27 207 272 91 451 114 381 267 239 161 66 133 115 -2 19 -10 0 66
221 195 218 251 189 190 118 207 228 214 212 315 336 200 153 184 435 55 400 71 10 142 115 156 197 332 175 301 212 139 93 151 31 7 111 107 37 66 0
