0 76 398 367 174 355 377 311 396 242 456 353 501 548 379 358 477 373 305 537 441 291 515 253 423 2 172 384 364 351 296 307 86 332 211 241 191 190 160
76 0 470 439 246 427 449 383 468 314 528 425 573 620 451 430 549 445 377 609 513 363 587 325 495 74 244 456 436 423 368 379 158 404 283 313 263 262 232
398 470 0 173 400 373 395 537 414 260 262 579 307 354 605 54 283 391 281 343 247 517 321 479 229 396 398 190 170 47 102 325 312 350 187 259 209 208 238
367 439 173 0 369 342 364 506 383 229 95 548 140 187 574 133 116 360 250 176 80 486 154 448 62 365 367 23 3 126 71 294 281 319 156 228 178 177 207
174 246 400 369 0 357 379 141 398 244 458 183 503 550 209 360 479 375 307 539 443 121 517 83 425 172 2 386 366 353 298 309 88 334 213 243 193 192 162
355 427 373 342 357 0 68 494 269 215 431 536 476 523 562 333 452 246 280 512 416 474 490 436 398 353 355 359 339 326 271 180 269 23 186 114 164 165 195
377 449 395 364 379 68 0 516 291 237 453 558 498 545 584 355 474 268 302 534 438 496 512 458 420 375 377 381 361 348 293 202 291 45 208 136 186 187 217
311 383 537 506 141 494 516 0 535 381 595 158 640 687 184 497 616 512 444 676 580 96 654 58 562 309 139 523 503 490 435 446 225 471 350 380 330 329 299
396 468 414 383 398 269 291 535 0 256 472 577 517 564 603 374 493 155 321 553 457 515 531 477 439 394 396 400 380 367 312 89 310 246 227 155 205 206 236
242 314 260 229 244 215 237 381 256 0 318 423 363 410 449 220 339 233 167 399 303 361 377 323 285 240 242 246 226 213 158 167 156 192 73 101 51 52 82
456 528 262 95 458 431 453 595 472 318 0 637 189 236 663 222 165 449 339 225 129 575 203 537 111 454 456 72 92 215 160 383 370 408 245 317 267 266 296
353 425 579 548 183 536 558 158 577 423 637 0 682 729 150 539 658 554 486 718 622 62 696 100 604 351 181 565 545 532 477 488 267 513 392 422 372 371 341
501 573 307 140 503 476 498 640 517 363 189 682 0 203 708 267 96 494 384 192 60 620 170 582 78 499 501 117 137 260 205 428 415 453 290 362 312 311 341
548 620 354 187 550 523 545 687 564 410 236 729 203 0 755 314 179 541 431 55 143 667 33 629 125 546 548 164 184 307 252 475 462 500 337 409 359 358 388
379 451 605 574 209 562 584 184 603 449 663 150 708 755 0 565 684 580 512 744 648 88 722 126 630 377 207 591 571 558 503 514 293 539 418 448 398 397 367
358 430 54 133 360 333 355 497 374 220 222 539 267 314 565 0 243 351 241 303 207 477 281 439 189 356 358 150 130 7 62 285 272 310 147 219 169 168 198
477 549 283 116 479 452 474 616 493 339 165 658 96 179 684 243 0 470 360 168 36 596 146 558 54 475 477 93 113 236 181 404 391 429 266 338 288 287 317
373 445 391 360 375 246 268 512 155 233 449 554 494 541 580 351 470 0 298 530 434 492 508 454 416 371 373 377 357 344 289 66 287 223 204 132 182 183 213
305 377 281 250 307 280 302 444 321 167 339 486 384 431 512 241 360 298 0 420 324 424 398 386 306 303 305 267 247 234 179 232 219 257 94 166 116 115 145
537 609 343 176 539 512 534 676 553 399 225 718 192 55 744 303 168 530 420 0 132 656 22 618 114 535 537 153 173 296 241 464 451 489 326 398 348 347 377
441 513 247 80 443 416 438 580 457 303 129 622 60 143 648 207 36 434 324 132 0 560 110 522 18 439 441 57 77 200 145 368 355 393 230 302 252 251 281
291 363 517 486 121 474 496 96 515 361 575 62 620 667 88 477 596 492 424 656 560 0 634 38 542 289 119 503 483 470 415 426 205 451 330 360 310 309 279
515 587 321 154 517 490 512 654 531 377 203 696 170 33 722 281 146 508 398 22 110 634 0 596 92 513 515 131 151 274 219 442 429 467 304 376 326 325 355
253 325 479 448 83 436 458 58 477 323 537 100 582 629 126 439 558 454 386 618 522 38 596 0 504 251 81 465 445 432 377 388 167 413 292 322 272 271 241
423 495 229 62 425 398 420 562 439 285 111 604 78 125 630 189 54 416 306 114 18 542 92 504 0 421 423 39 59 182 127 350 337 375 212 284 234 233 263
2 74 396 365 172 353 375 309 394 240 454 351 499 546 377 356 475 371 303 535 439 289 513 251 421 0 170 382 362 349 294 305 84 330 209 239 189 188 158
172 244 398 367 2 355 377 139 396 242 456 181 501 548 207 358 477 373 305 537 441 119 515 81 423 170 0 384 364 351 296 307 86 332 211 241 191 190 160
384 456 190 23 386 359 381 523 400 246 72 565 117 164 591 150 93 377 267 153 57 503 131 465 39 382 384 0 20 143 88 311 298 336 173 245 195 194 224
364 436 170 3 366 339 361 503 380 226 92 545 137 184 571 130 113 357 247 173 77 483 151 445 59 362 364 20 0 123 68 291 278 316 153 225 175 174 204
351 423 47 126 353 326 348 490 367 213 215 532 260 307 558 7 236 344 234 296 200 470 274 432 182 349 351 143 123 0 55 278 265 303 140 212 162 161 191
296 368 102 71 298 271 293 435 312 158 160 477 205 252 503 62 181 289 179 241 145 415 219 377 127 294 296 88 68 55 0 223 210 248 85 157 107 106 136
307 379 325 294 309 180 202 446 89 167 383 488 428 475 514 285 404 66 232 464 368 426 442 388 350 305 307 311 291 278 223 0 221 157 138 66 116 117 147
86 158 312 281 88 269 291 225 310 156 370 267 415 462 293 272 391 287 219 451 355 205 429 167 337 84 86 298 278 265 210 221 0 246 125 155 105 104 74
332 404 350 319 334 23 45 471 246 192 408 513 453 500 539 310 429 223 257 489 393 451 467 413 375 330 332 336 316 303 248 157 246 0 163 91 141 142 172
211 283 187 156 213 186 208 350 227 73 245 392 290 337 418 147 266 204 94 326 230 330 304 292 212 209 211 173 153 140 85 138 125 163 0 72 22 21 51
241 313 259 228 243 114 136 380 155 101 317 422 362 409 448 219 338 132 166 398 302 360 376 322 284 239 241 245 225 212 157 66 155 91 72 0 50 51 81
191 263 209 178 193 164 186 330 205 51 267 372 312 359 398 169 288 182 116 348 252 310 326 272 234 189 191 195 175 162 107 116 105 141 22 50 0 1 31
190 262 208 177 192 165 187 329 206 52 266 371 311 358 397 168 287 183 115 347 251 309 325 271 233 188 190 194 174 161 106 117 104 142 21 51 1 0 30
160 232 238 207 162 195 217 299 236 82 296 341 341 388 367 198 317 213 145 377 281 279 355 241 263 158 160 224 204 191 136 147 74 172 51 81 31 30 0
