0 424 492 467 427 357 470 429 586 429 537 478 192 658 454 628 363 581 169 655 521 568 372 391 545 46 480 166 288 389 220 419 395 389 359 242 319 328 375
424 0 383 343 356 259 335 212 449 299 428 236 214 527 108 441 185 398 391 497 360 408 333 195 416 281 337 190 277 153 168 310 270 273 189 125 98 41 29
492 383 0 130 443 199 523 456 590 471 598 502 299 701 500 650 465 580 476 673 569 608 73 390 602 371 443 338 152 396 289 460 438 408 400 342 297 406 394
467 343 130 0 444 157 533 447 584 401 556 420 288 636 460 599 388 550 453 641 474 586 76 394 564 340 525 273 100 368 194 448 404 391 360 246 281 333 350
427 356 443 444 0 274 101 323 291 154 217 390 330 334 429 323 291 311 488 339 220 333 430 273 261 386 222 237 350 272 229 -41 117 26 120 207 198 295 329
357 259 199 157 274 0 409 298 476 303 477 333 162 546 406 427 249 469 352 527 394 488 95 278 489 265 372 157 19 262 107 380 325 271 262 194 171 193 294
470 335 523 533 101 409 0 416 347 160 272 420 350 370 468 319 332 275 522 414 252 354 461 343 343 419 255 318 339 332 300 66 197 83 112 228 259 287 324
429 212 456 447 323 298 416 0 508 315 402 100 229 549 285 534 -7 498 405 537 395 456 423 62 480 353 382 294 328 38 165 343 299 240 250 108 73 138 237
586 449 590 584 291 476 347 508 0 258 320 556 402 220 545 184 470 323 591 218 270 167 531 484 148 491 71 441 447 378 402 269 176 194 227 357 349 408 482
429 299 471 401 154 303 160 315 258 0 257 361 277 333 322 294 239 251 478 297 203 297 350 236 243 358 214 259 294 300 224 151 79 72 32 140 231 253 312
537 428 598 556 217 477 272 402 320 257 0 463 408 349 534 330 408 105 556 347 17 271 495 359 258 464 235 346 418 420 340 269 97 145 206 285 304 372 403
478 236 502 420 390 333 420 100 556 361 463 0 308 561 360 533 104 501 488 539 422 500 443 97 511 367 416 264 372 48 234 366 350 340 296 193 152 218 247
192 214 299 288 330 162 350 229 402 277 408 308 0 474 292 482 228 424 232 482 359 446 261 241 428 135 363 15 155 217 31 274 273 227 251 105 149 246 225
658 527 701 636 334 546 370 549 220 333 349 561 474 0 581 129 497 360 657 124 322 56 609 489 63 610 183 444 543 443 414 355 232 255 284 440 428 453 470
454 108 500 460 429 406 468 285 545 322 534 360 292 581 0 561 253 509 552 547 442 552 482 272 504 400 504 286 380 265 277 354 419 362 304 209 203 127 131
628 441 650 599 323 427 319 534 184 294 330 533 482 129 561 0 430 317 608 68 274 -37 509 450 67 495 112 427 474 415 419 313 181 291 231 352 355 430 447
363 185 465 388 291 249 332 -7 470 239 408 104 228 497 253 430 0 381 398 492 334 481 275 20 458 330 381 259 317 34 185 346 297 235 219 114 102 160 216
581 398 580 550 311 469 275 498 323 251 105 501 424 360 509 317 381 0 574 306 64 340 515 402 273 453 248 404 408 424 309 253 154 170 219 367 354 349 404
169 391 476 453 488 352 522 405 591 478 556 488 232 657 552 608 398 574 0 570 547 631 423 397 571 95 517 222 322 388 279 496 445 398 410 289 283 359 414
655 497 673 641 339 527 414 537 218 297 347 539 482 124 547 68 492 306 570 0 363 60 573 458 43 531 108 450 459 426 398 308 174 228 215 324 384 376 442
521 360 569 474 220 394 252 395 270 203 17 422 359 322 442 274 334 64 547 363 0 281 436 353 225 424 187 376 418 301 351 189 92 146 117 291 273 353 355
568 408 608 586 333 488 354 456 167 297 271 500 446 56 552 -37 481 340 631 60 281 0 524 461 10 559 102 458 448 497 357 246 177 235 203 363 406 413 449
372 333 73 76 430 95 461 423 531 350 495 443 261 609 482 509 275 515 423 573 436 524 0 356 539 313 416 251 113 309 190 377 402 271 306 220 191 289 282
391 195 390 394 273 278 343 62 484 236 359 97 241 489 272 450 20 402 397 458 353 461 356 0 368 244 358 233 297 24 156 282 285 237 226 130 97 169 154
545 416 602 564 261 489 343 480 148 243 258 511 428 63 504 67 458 273 571 43 225 10 539 368 0 482 46 390 428 371 370 204 158 247 200 297 351 384 417
46 281 371 340 386 265 419 353 491 358 464 367 135 610 400 495 330 453 95 531 424 559 313 244 482 0 417 47 232 293 111 322 370 306 328 198 202 303 281
480 337 443 525 222 372 255 382 71 214 235 416 363 183 504 112 381 248 517 108 187 102 416 358 46 417 0 276 350 300 286 209 90 97 171 222 291 386 343
166 190 338 273 237 157 318 294 441 259 346 264 15 444 286 427 259 404 222 450 376 458 251 233 390 47 276 0 164 176 29 227 236 199 142 108 159 184 217
288 277 152 100 350 19 339 328 447 294 418 372 155 543 380 474 317 408 322 459 418 448 113 297 428 232 350 164 0 237 83 326 334 258 219 151 184 228 264
389 153 396 368 272 262 332 38 378 300 420 48 217 443 265 415 34 424 388 426 301 497 309 24 371 293 300 176 237 0 169 284 265 212 176 138 43 124 159
220 168 289 194 229 107 300 165 402 224 340 234 31 414 277 419 185 309 279 398 351 357 190 156 370 111 286 29 83 169 0 164 184 145 173 52 49 143 198
419 310 460 448 -41 380 66 343 269 151 269 366 274 355 354 313 346 253 496 308 189 246 377 282 204 322 209 227 326 284 164 0 79 94 145 221 166 288 298
395 270 438 404 117 325 197 299 176 79 97 350 273 232 419 181 297 154 445 174 92 177 402 285 158 370 90 236 334 265 184 79 0 69 80 147 209 242 236
389 273 408 391 26 271 83 240 194 72 145 340 227 255 362 291 235 170 398 228 146 235 271 237 247 306 97 199 258 212 145 94 69 0 12 120 177 230 215
359 189 400 360 120 262 112 250 227 32 206 296 251 284 304 231 219 219 410 215 117 203 306 226 200 328 171 142 219 176 173 145 80 12 0 98 130 197 205
242 125 342 246 207 194 228 108 357 140 285 193 105 440 209 352 114 367 289 324 291 363 220 130 297 198 222 108 151 138 52 221 147 120 98 0 68 46 152
319 98 297 281 198 171 259 73 349 231 304 152 149 428 203 355 102 354 283 384 273 406 191 97 351 202 291 159 184 43 49 166 209 177 130 68 0 85 82
328 41 406 333 295 193 287 138 408 253 372 218 246 453 127 430 160 349 359 376 353 413 289 169 384 303 386 184 228 124 143 288 242 230 197 46 85 0 54
375 29 394 350 329 294 324 237 482 312 403 247 225 470 131 447 216 404 414 442 355 449 282 154 417 281 343 217 264 159 198 298 236 215 205 152 82 54 0
