0 324 365 270 372 349 281 203 275 422 404 85 387 313 335 233 344 308 297 415 267 338 325 270 253 49 139 255 277 354 224 281 183 151 210 210 163 181 251
324 0 363 268 156 371 303 249 151 444 402 311 409 189 333 137 342 330 173 199 143 122 347 54 129 275 185 277 299 352 100 279 205 173 208 114 161 179 249
365 363 0 215 411 412 344 290 314 485 61 352 450 352 138 272 347 371 336 454 306 377 388 309 292 316 226 318 340 11 263 84 246 214 155 249 202 184 254
270 268 215 0 316 317 249 195 219 390 254 257 355 257 185 177 252 276 241 359 211 282 293 214 197 221 131 223 245 204 168 131 151 119 60 154 107 89 159
372 156 411 316 0 419 351 297 199 492 450 359 457 237 381 185 390 378 221 111 191 34 395 102 177 323 233 325 347 400 148 327 253 221 256 162 209 227 297
349 371 412 317 419 0 76 274 322 405 451 336 370 360 382 280 391 291 344 462 314 385 308 317 300 300 210 238 72 401 271 328 166 198 257 257 210 228 298
281 303 344 249 351 76 0 206 254 337 383 268 302 292 314 212 323 223 276 394 246 317 240 249 232 232 142 170 4 333 203 260 98 130 189 189 142 160 230
203 249 290 195 297 274 206 0 200 347 329 190 312 238 260 158 269 233 222 340 192 263 250 195 178 154 64 180 202 279 149 206 108 76 135 135 88 106 176
275 151 314 219 199 322 254 200 0 395 353 262 360 82 284 88 293 281 38 242 8 165 298 97 22 226 136 228 250 303 51 230 156 124 159 65 112 130 200
422 444 485 390 492 405 337 347 395 0 524 409 159 433 455 353 464 220 417 535 387 458 97 390 373 373 283 167 333 474 344 401 239 271 330 330 283 301 371
404 402 61 254 450 451 383 329 353 524 0 391 489 391 177 311 386 410 375 493 345 416 427 348 331 355 265 357 379 50 302 123 285 253 194 288 241 223 293
85 311 352 257 359 336 268 190 262 409 391 0 374 300 322 220 331 295 284 402 254 325 312 257 240 36 126 242 264 341 211 268 170 138 197 197 150 168 238
387 409 450 355 457 370 302 312 360 159 489 374 0 398 420 318 429 185 382 500 352 423 62 355 338 338 248 132 298 439 309 366 204 236 295 295 248 266 336
313 189 352 257 237 360 292 238 82 433 391 300 398 0 322 126 331 319 104 280 74 203 336 135 60 264 174 266 288 341 89 268 194 162 197 103 150 168 238
335 333 138 185 381 382 314 260 284 455 177 322 420 322 0 242 317 341 306 424 276 347 358 279 262 286 196 288 310 127 233 54 216 184 125 219 172 154 224
233 137 272 177 185 280 212 158 88 353 311 220 318 126 242 0 251 239 110 228 80 151 256 83 66 184 94 186 208 261 37 188 114 82 117 23 70 88 158
344 342 347 252 390 391 323 269 293 464 386 331 429 331 317 251 0 350 315 433 285 356 367 288 271 295 205 297 319 336 242 263 225 193 192 228 181 163 93
308 330 371 276 378 291 223 233 281 220 410 295 185 319 341 239 350 0 303 421 273 344 123 276 259 259 169 53 219 360 230 287 125 157 216 216 169 187 257
297 173 336 241 221 344 276 222 38 417 375 284 382 104 306 110 315 303 0 264 30 187 320 119 44 248 158 250 272 325 73 252 178 146 181 87 134 152 222
415 199 454 359 111 462 394 340 242 535 493 402 500 280 424 228 433 421 264 0 234 77 438 145 220 366 276 368 390 443 191 370 296 264 299 205 252 270 340
267 143 306 211 191 314 246 192 8 387 345 254 352 74 276 80 285 273 30 234 0 157 290 89 14 218 128 220 242 295 43 222 148 116 151 57 104 122 192
338 122 377 282 34 385 317 263 165 458 416 325 423 203 347 151 356 344 187 77 157 0 361 68 143 289 199 291 313 366 114 293 219 187 222 128 175 193 263
325 347 388 293 395 308 240 250 298 97 427 312 62 336 358 256 367 123 320 438 290 361 0 293 276 276 186 70 236 377 247 304 142 174 233 233 186 204 274
270 54 309 214 102 317 249 195 97 390 348 257 355 135 279 83 288 276 119 145 89 68 293 0 75 221 131 223 245 298 46 225 151 119 154 60 107 125 195
253 129 292 197 177 300 232 178 22 373 331 240 338 60 262 66 271 259 44 220 14 143 276 75 0 204 114 206 228 281 29 208 134 102 137 43 90 108 178
49 275 316 221 323 300 232 154 226 373 355 36 338 264 286 184 295 259 248 366 218 289 276 221 204 0 90 206 228 305 175 232 134 102 161 161 114 132 202
139 185 226 131 233 210 142 64 136 283 265 126 248 174 196 94 205 169 158 276 128 199 186 131 114 90 0 116 138 215 85 142 44 12 71 71 24 42 112
255 277 318 223 325 238 170 180 228 167 357 242 132 266 288 186 297 53 250 368 220 291 70 223 206 206 116 0 166 307 177 234 72 104 163 163 116 134 204
277 299 340 245 347 72 4 202 250 333 379 264 298 288 310 208 319 219 272 390 242 313 236 245 228 228 138 166 0 329 199 256 94 126 185 185 138 156 226
354 352 11 204 400 401 333 279 303 474 50 341 439 341 127 261 336 360 325 443 295 366 377 298 281 305 215 307 329 0 252 73 235 203 144 238 191 173 243
224 100 263 168 148 271 203 149 51 344 302 211 309 89 233 37 242 230 73 191 43 114 247 46 29 175 85 177 199 252 0 179 105 73 108 14 61 79 149
281 279 84 131 327 328 260 206 230 401 123 268 366 268 54 188 263 287 252 370 222 293 304 225 208 232 142 234 256 73 179 0 162 130 71 165 118 100 170
183 205 246 151 253 166 98 108 156 239 285 170 204 194 216 114 225 125 178 296 148 219 142 151 134 134 44 72 94 235 105 162 0 32 91 91 44 62 132
151 173 214 119 221 198 130 76 124 271 253 138 236 162 184 82 193 157 146 264 116 187 174 119 102 102 12 104 126 203 73 130 32 0 59 59 12 30 100
210 208 155 60 256 257 189 135 159 330 194 197 295 197 125 117 192 216 181 299 151 222 233 154 137 161 71 163 185 144 108 71 91 59 0 94 47 29 99
210 114 249 154 162 257 189 135 65 330 288 197 295 103 219 23 228 216 87 205 57 128 233 60 43 161 71 163 185 238 14 165 91 59 94 0 47 65 135
163 161 202 107 209 210 142 88 112 283 241 150 248 150 172 70 181 169 134 252 104 175 186 107 90 114 24 116 138 191 61 118 44 12 47 47 0 18 88
181 179 184 89 227 228 160 106 130 301 223 168 266 168 154 88 163 187 152 270 122 193 204 125 108 132 42 134 156 173 79 100 62 30 29 65 18 0 70
251 249 254 159 297 298 230 176 200 371 293 238 336 238 224 158 93 257 222 340 192 263 274 195 178 202 112 204 226 243 149 170 132 100 99 135 88 70 0
