0 534 347 465 206 111 401 307 394 430 429 318 507 455 368 498 425 247 454 282 202 463 131 270 359 407 407 363 308 279 238 505 142 147 365 351 365 269 235
534 0 533 386 461 451 341 495 367 211 340 488 630 61 235 423 635 564 647 425 438 19 413 475 271 606 292 609 485 444 383 373 410 301 349 281 175 196 296
347 533 0 472 362 260 443 138 446 478 461 168 317 524 397 520 295 392 304 202 328 427 262 89 416 238 388 207 193 101 159 462 253 190 401 374 405 304 227
465 386 472 0 448 370 167 448 183 323 213 448 613 350 181 80 599 508 533 380 411 358 374 450 175 611 144 537 442 392 349 38 372 323 124 102 296 181 217
206 461 362 448 0 152 337 296 362 416 422 295 474 447 399 541 513 82 422 248 31 425 109 255 341 428 317 414 295 214 177 436 132 183 358 317 356 301 165
111 451 260 370 152 0 297 283 302 332 329 263 410 346 249 435 403 157 386 202 103 396 11 235 328 366 307 295 225 200 138 398 52 175 322 282 241 169 138
401 341 443 167 337 297 0 381 176 278 117 368 492 302 72 168 558 410 466 366 321 263 327 273 58 491 57 440 373 304 245 160 255 233 92 39 159 110 174
307 495 138 448 296 283 381 0 462 453 473 138 251 471 366 497 317 345 252 184 351 493 205 21 378 208 367 215 134 91 117 435 240 158 362 360 353 279 288
394 367 446 183 362 302 176 462 0 292 131 440 577 282 0 282 583 469 539 416 390 324 367 380 9 533 54 502 413 352 323 205 281 243 48 84 205 136 196
430 211 478 323 416 332 278 453 292 0 285 419 593 165 245 396 583 483 494 364 444 147 324 402 276 591 252 465 407 330 329 291 315 288 183 213 127 137 188
429 340 461 213 422 329 117 473 131 285 0 391 571 314 69 282 588 484 534 338 408 264 289 332 43 567 61 456 410 378 319 170 312 296 47 75 243 157 190
318 488 168 448 295 263 368 138 440 419 391 0 157 480 351 564 125 350 120 172 256 450 257 77 359 131 374 111 -9 64 89 450 215 155 361 339 361 300 235
507 630 317 613 474 410 492 251 577 593 571 157 0 570 496 681 179 496 177 309 442 621 400 219 540 162 441 112 126 199 250 572 321 281 482 535 508 430 353
455 61 524 350 447 346 302 471 282 165 314 480 570 0 281 405 614 453 611 412 448 19 401 402 303 558 247 564 449 379 337 356 400 306 243 248 85 202 247
368 235 397 181 399 249 72 366 0 245 69 351 496 281 0 195 552 384 489 261 360 266 293 268 -23 469 -28 427 367 244 244 123 291 223 43 -43 139 135 202
498 423 520 80 541 435 168 497 282 396 282 564 681 405 195 0 638 561 619 472 502 402 453 458 207 571 232 589 561 484 433 46 354 314 211 201 280 284 318
425 635 295 599 513 403 558 317 583 583 588 125 179 614 552 638 0 515 80 319 520 605 428 248 526 41 505 97 167 251 253 583 400 335 516 496 513 433 405
247 564 392 508 82 157 410 345 469 483 484 350 496 453 384 561 515 0 458 226 108 444 140 311 402 408 356 381 350 208 222 441 155 152 364 346 402 231 246
454 647 304 533 422 386 466 252 539 494 534 120 177 611 489 619 80 458 0 284 439 584 344 197 500 16 448 69 163 180 211 569 364 288 439 481 414 400 393
282 425 202 380 248 202 366 184 416 364 338 172 309 412 261 472 319 226 284 0 244 379 211 117 293 251 359 210 150 122 48 339 167 110 293 284 280 255 173
202 438 328 411 31 103 321 351 390 444 408 256 442 448 360 502 520 108 439 244 0 402 144 206 351 394 331 332 292 228 140 456 106 144 332 334 289 246 181
463 19 427 358 425 396 263 493 324 147 264 450 621 19 266 402 605 444 584 379 402 0 332 425 260 589 263 542 430 409 278 335 322 287 195 241 114 196 222
131 413 262 374 109 11 327 205 367 324 289 257 400 401 293 453 428 140 344 211 144 332 0 292 235 323 277 320 226 114 195 360 95 86 243 216 221 169 143
270 475 89 450 255 235 273 21 380 402 332 77 219 402 268 458 248 311 197 117 206 425 292 0 309 207 290 158 37 -23 5 447 206 110 283 274 314 238 169
359 271 416 175 341 328 58 378 9 276 43 359 540 303 -23 207 526 402 500 293 351 260 235 309 0 473 60 410 373 360 238 113 241 209 33 10 143 115 158
407 606 238 611 428 366 491 208 533 591 567 131 162 558 469 571 41 408 16 251 394 589 323 207 473 0 449 21 141 179 195 541 358 315 455 425 439 416 318
407 292 388 144 317 307 57 367 54 252 61 374 441 247 -28 232 505 356 448 359 331 263 277 290 60 449 0 422 384 323 259 117 255 194 -17 35 169 113 150
363 609 207 537 414 295 440 215 502 465 456 111 112 564 427 589 97 381 69 210 332 542 320 158 410 21 422 0 40 98 175 465 279 236 340 407 375 381 256
308 485 193 442 295 225 373 134 413 407 410 -9 126 449 367 561 167 350 163 150 292 430 226 37 373 141 384 40 0 61 95 372 211 167 347 333 343 289 219
279 444 101 392 214 200 304 91 352 330 378 64 199 379 244 484 251 208 180 122 228 409 114 -23 360 179 323 98 61 0 76 395 138 124 289 223 338 191 115
238 383 159 349 177 138 245 117 323 329 319 89 250 337 244 433 253 222 211 48 140 278 195 5 238 195 259 175 95 76 0 298 82 90 219 257 212 116 109
505 373 462 38 436 398 160 435 205 291 170 450 572 356 123 46 583 441 569 339 456 335 360 447 113 541 117 465 372 395 298 0 339 308 100 71 271 193 249
142 410 253 372 132 52 255 240 281 315 312 215 321 400 291 354 400 155 364 167 106 322 95 206 241 358 255 279 211 138 82 339 0 59 210 240 232 178 117
147 301 190 323 183 175 233 158 243 288 296 155 281 306 223 314 335 152 288 110 144 287 86 110 209 315 194 236 167 124 90 308 59 0 164 194 200 105 65
365 349 401 124 358 322 92 362 48 183 47 361 482 243 43 211 516 364 439 293 332 195 243 283 33 455 -17 340 347 289 219 100 210 164 0 34 170 72 127
351 281 374 102 317 282 39 360 84 213 75 339 535 248 -43 201 496 346 481 284 334 241 216 274 10 425 35 407 333 223 257 71 240 194 34 0 173 35 122
365 175 405 296 356 241 159 353 205 127 243 361 508 85 139 280 513 402 414 280 289 114 221 314 143 439 169 375 343 338 212 271 232 200 170 173 0 86 135
269 196 304 181 301 169 110 279 136 137 157 300 430 202 135 284 433 231 400 255 246 196 169 238 115 416 113 381 289 191 116 193 178 105 72 35 86 0 23
235 296 227 217 165 138 174 288 196 188 190 235 353 247 202 318 405 246 393 173 181 222 143 169 158 318 150 256 219 115 109 249 117 65 127 122 135 23 0
