0 293 460 518 371 294 306 331 411 201 541 414 572 610 598 630 345 126 425 572 285 278 556 566 405 397 543 291 363 53 543 453 199 328 384 178 211 289 192
293 0 347 369 317 262 314 251 359 233 474 280 447 545 533 534 113 255 399 436 273 21 462 400 255 342 390 277 273 225 317 325 194 203 217 90 103 174 81
460 347 0 133 212 426 464 200 538 422 466 250 410 503 457 493 387 420 614 352 383 304 414 389 69 487 408 407 244 387 240 295 392 108 200 319 200 173 244
518 369 133 0 258 461 511 200 568 418 429 305 436 537 531 518 463 475 575 456 511 358 436 416 81 518 403 396 221 415 309 331 348 146 247 291 331 147 210
371 317 212 258 0 431 391 157 495 303 205 8 191 308 288 306 360 302 512 208 337 287 179 173 176 416 165 316 -19 342 143 109 235 77 33 217 182 82 180
294 262 426 461 431 0 33 352 133 158 560 416 565 658 645 695 366 249 211 556 -16 247 535 562 375 101 527 54 371 240 429 438 92 317 365 173 176 295 178
306 314 464 511 391 33 0 415 125 196 602 435 590 694 653 669 419 282 160 590 29 297 563 555 418 149 575 26 402 267 500 481 140 338 398 145 193 332 250
331 251 200 200 157 352 415 0 389 273 342 122 337 410 379 387 356 331 479 330 337 269 322 334 97 369 293 327 125 305 233 184 228 68 104 159 146 64 179
411 359 538 568 495 133 125 389 0 205 648 522 656 733 714 722 397 343 111 560 100 318 699 670 462 25 616 89 431 342 552 485 203 375 422 263 257 379 282
201 233 422 418 303 158 196 273 205 0 491 314 445 532 544 567 316 186 253 436 154 220 509 538 311 167 494 123 292 148 408 351 53 275 291 83 134 243 150
541 474 466 429 205 560 602 342 648 491 0 213 215 153 274 167 530 527 711 261 565 457 196 54 383 650 8 555 194 495 117 93 433 303 214 433 373 271 357
414 280 250 305 8 416 435 122 522 314 213 0 247 335 270 329 389 343 519 227 346 268 268 256 156 458 253 412 48 342 172 92 287 87 88 217 257 82 197
572 447 410 436 191 565 590 337 656 445 215 247 0 308 76 258 517 499 685 226 569 453 11 185 363 616 141 526 209 536 71 105 436 273 207 411 375 267 346
610 545 503 537 308 658 694 410 733 532 153 335 308 0 338 147 670 608 795 315 636 553 264 145 408 755 104 672 334 602 224 226 586 389 307 504 453 351 507
598 533 457 531 288 645 653 379 714 544 274 270 76 338 0 326 613 554 718 310 617 439 47 263 389 690 199 590 299 586 154 151 534 345 271 506 385 304 427
630 534 493 518 306 695 669 387 722 567 167 329 258 147 326 0 695 585 780 329 580 521 272 81 431 715 70 574 317 563 172 181 536 372 273 474 418 397 437
345 113 387 463 360 366 419 356 397 316 530 389 517 670 613 695 0 357 453 474 372 155 536 565 367 346 510 359 343 303 478 417 219 291 360 254 181 293 130
126 255 420 475 302 249 282 331 343 186 527 343 499 608 554 585 357 0 396 488 242 258 519 521 289 280 513 215 311 -11 479 433 170 267 348 96 174 265 168
425 399 614 575 512 211 160 479 111 253 711 519 685 795 718 780 453 396 0 713 171 384 677 708 510 99 660 192 521 343 584 580 227 473 470 234 327 396 366
572 436 352 456 208 556 590 330 560 436 261 227 226 315 310 329 474 488 713 0 516 444 250 216 299 573 220 551 202 467 146 70 449 215 221 347 337 212 356
285 273 383 511 337 -16 29 337 100 154 565 346 569 636 617 580 372 242 171 516 0 254 574 588 389 134 506 -13 365 225 463 432 25 310 347 125 205 296 191
278 21 304 358 287 247 297 269 318 220 457 268 453 553 439 521 155 258 384 444 254 0 418 404 276 320 424 238 246 198 364 319 219 192 210 151 89 212 102
556 462 414 436 179 535 563 322 699 509 196 268 11 264 47 272 536 519 677 250 574 418 0 186 329 564 156 527 246 501 76 98 442 301 228 399 363 263 372
566 400 389 416 173 562 555 334 670 538 54 256 185 145 263 81 565 521 708 216 588 404 186 0 335 631 4 554 249 484 109 96 482 296 190 469 348 299 378
405 255 69 81 176 375 418 97 462 311 383 156 363 408 389 431 367 289 510 299 389 276 329 335 0 425 329 330 138 325 266 200 245 60 115 222 194 90 162
397 342 487 518 416 101 149 369 25 167 650 458 616 755 690 715 346 280 99 573 134 320 564 631 425 0 604 91 407 272 558 525 136 355 446 191 217 332 270
543 390 408 403 165 527 575 293 616 494 8 253 141 104 199 70 510 513 660 220 506 424 156 4 329 604 0 489 199 484 41 41 450 244 211 380 324 229 384
291 277 407 396 316 54 26 327 89 123 555 412 526 672 590 574 359 215 192 551 -13 238 527 554 330 91 489 0 320 185 466 350 87 272 333 153 176 315 193
363 273 244 221 -19 371 402 125 431 292 194 48 209 334 299 317 343 311 521 202 365 246 246 249 138 407 199 320 0 309 133 77 264 87 33 228 160 52 169
53 225 387 415 342 240 267 305 342 148 495 342 536 602 586 563 303 -11 343 467 225 198 501 484 325 272 484 185 309 0 393 400 157 242 303 66 160 271 126
543 317 240 309 143 429 500 233 552 408 117 172 71 224 154 172 478 479 584 146 463 364 76 109 266 558 41 466 133 393 0 18 340 229 108 304 276 156 234
453 325 295 331 109 438 481 184 485 351 93 92 105 226 151 181 417 433 580 70 432 319 98 96 200 525 41 350 77 400 18 0 349 190 82 296 243 188 270
199 194 392 348 235 92 140 228 203 53 433 287 436 586 534 536 219 170 227 449 25 219 442 482 245 136 450 87 264 157 340 349 0 229 302 59 93 215 72
328 203 108 146 77 317 338 68 375 275 303 87 273 389 345 372 291 267 473 215 310 192 301 296 60 355 244 272 87 242 229 190 229 0 83 171 72 41 111
384 217 200 247 33 365 398 104 422 291 214 88 207 307 271 273 360 348 470 221 347 210 228 190 115 446 211 333 33 303 108 82 302 83 0 177 134 30 183
178 90 319 291 217 173 145 159 263 83 433 217 411 504 506 474 254 96 234 347 125 151 399 469 222 191 380 153 228 66 304 296 59 171 177 0 18 100 61
211 103 200 331 182 176 193 146 257 134 373 257 375 453 385 418 181 174 327 337 205 89 363 348 194 217 324 176 160 160 276 243 93 72 134 18 0 103 -10
289 174 173 147 82 295 332 64 379 243 271 82 267 351 304 397 293 265 396 212 296 212 263 299 90 332 229 315 52 271 156 188 215 41 30 100 103 0 25
192 81 244 210 180 178 250 179 282 150 357 197 346 507 427 437 130 168 366 356 191 102 372 378 162 270 384 193 169 126 234 270 72 111 183 61 -10 25 0
