0 272 259 430 466 356 372 462 152 261
272 0 285 524 560 450 466 556 302 355
259 285 0 511 547 437 453 543 289 342
430 524 511 0 322 390 406 318 460 365
466 560 547 322 0 426 442 188 496 401
356 450 437 390 426 0 170 422 386 291
372 466 453 406 442 170 0 438 402 307
462 556 543 318 188 422 438 0 492 397
152 302 289 460 496 386 402 492 0 291
261 355 342 365 401 291 307 397 291 0
