0 270 256 412 480 355 368 435 133 265
270 0 285 532 568 440 451 552 318 341
256 285 0 484 548 428 471 556 285 337
412 532 484 0 312 385 416 321 457 384
480 568 548 312 0 420 451 181 503 396
355 440 428 385 420 0 171 409 384 273
368 451 471 416 451 171 0 459 398 298
435 552 556 321 181 409 459 0 507 404
133 318 285 457 503 384 398 507 0 293
265 341 337 384 396 273 298 404 293 0
