0 360 431 282 467 424 486 436 252 319
360 0 272 274 309 268 340 281 411 288
431 272 0 346 342 286 371 155 470 354
282 274 346 0 360 334 394 326 318 117
467 309 342 360 0 272 234 325 484 390
424 268 286 334 272 0 285 286 467 326
486 340 371 394 234 285 0 372 541 437
436 281 155 326 325 286 372 0 459 341
252 411 470 318 484 467 541 459 0 349
319 288 354 117 390 326 437 341 349 0
