0 319 310 363 267 159 339 344 389 280
319 0 195 270 473 347 525 64 570 173
310 195 0 61 461 353 516 233 563 159
363 270 61 0 515 405 576 273 622 232
267 473 461 515 0 315 134 489 140 416
159 347 353 405 315 0 380 393 406 335
339 525 516 576 134 380 0 553 127 486
344 64 233 273 489 393 553 0 594 215
389 570 563 622 140 406 127 594 0 547
280 173 159 232 416 335 486 215 547 0
