     25
object000 0 325 264 373 373 256 443 255 381 411 336 385 387 372 597 383 493 315 303 386 310 556 350 514 137
object001 325 0 195 340 285 278 399 185 308 455 369 311 305 322 524 426 382 424 463 405 222 603 385 552 295
object002 264 195 0 257 270 337 345 301 384 434 324 208 184 372 508 524 283 261 379 302 416 588 410 685 253
object003 373 340 257 0 432 330 280 285 337 553 181 388 297 48 520 405 440 322 394 453 257 471 372 603 224
object004 373 285 270 432 0 392 457 60 552 560 543 533 307 442 712 479 385 406 478 467 104 671 567 716 266
object005 256 278 337 330 392 0 505 369 408 383 458 405 372 484 585 311 549 355 97 536 368 648 494 738 129
object006 443 399 345 280 457 505 0 402 160 532 329 508 371 313 346 556 496 389 476 539 424 367 154 373 224
object007 255 185 301 285 60 369 402 0 410 549 453 361 267 387 476 382 448 392 401 458 111 573 376 593 271
object008 381 308 384 337 552 408 160 410 0 631 474 367 470 372 126 472 497 414 476 371 399 257 286 230 382
object009 411 455 434 553 560 383 532 549 631 0 574 549 600 618 617 324 609 534 457 672 680 789 581 872 401
object010 336 369 324 181 543 458 329 453 474 574 0 474 432 141 605 526 547 324 413 532 467 610 427 668 327
object011 385 311 208 388 533 405 508 361 367 549 474 0 102 321 606 489 268 138 536 264 443 691 423 620 335
object012 387 305 184 297 307 372 371 267 470 600 432 102 0 346 520 404 235 70 373 136 395 532 342 596 199
object013 372 322 372 48 442 484 313 387 372 618 141 321 346 0 526 404 517 324 425 547 403 556 338 552 327
object014 597 524 508 520 712 585 346 476 126 617 605 606 520 526 0 776 673 609 693 641 646 238 275 217 484
object015 383 426 524 405 479 311 556 382 472 324 526 489 404 404 776 0 706 433 388 633 548 643 607 780 184
object016 493 382 283 440 385 549 496 448 497 609 547 268 235 517 673 706 0 72 556 -20 522 724 472 825 434
object017 315 424 261 322 406 355 389 392 414 534 324 138 70 324 609 433 72 0 425 -32 457 605 403 622 328
object018 303 463 379 394 478 97 476 401 476 457 413 536 373 425 693 388 556 425 0 491 427 767 420 673 67
object019 386 405 302 453 467 536 539 458 371 672 532 264 136 547 641 633 -20 -32 491 0 474 677 536 767 438
object020 310 222 416 257 104 368 424 111 399 680 467 443 395 403 646 548 522 457 427 474 0 629 402 596 339
object021 556 603 588 471 671 648 367 573 257 789 610 691 532 556 238 643 724 605 767 677 629 0 387 166 505
object022 350 385 410 372 567 494 154 376 286 581 427 423 342 338 275 607 472 403 420 536 402 387 0 396 367
object023 514 552 685 603 716 738 373 593 230 872 668 620 596 552 217 780 825 622 673 767 596 166 396 0 557
object024 137 295 253 224 266 129 224 271 382 401 327 335 199 327 484 184 434 328 67 438 339 505 367 557 0
