0 229 260 340 272 311 111 321 146 414 261 318 482 339 143 381 332 198 484 369 386 565 288 352 438
229 0 262 318 306 303 337 271 333 443 200 375 472 315 321 285 275 286 545 209 226 494 315 413 424
260 262 0 210 185 244 218 237 198 474 183 290 444 402 251 298 351 255 351 285 321 406 278 311 366
340 318 210 0 242 256 365 312 330 274 192 249 396 416 378 370 424 246 324 316 480 246 413 364 503
272 306 185 242 0 333 289 343 206 324 211 304 429 169 197 267 327 252 544 328 278 446 267 289 325
311 303 244 256 333 0 276 332 296 396 271 115 390 297 230 200 273 33 464 282 304 444 214 382 393
111 337 218 365 289 276 0 415 137 501 283 263 517 445 140 332 393 214 449 310 358 374 378 448 395
321 271 237 312 343 332 415 0 382 568 244 340 453 461 352 346 396 290 520 5 69 384 401 550 441
146 333 198 330 206 296 137 382 0 429 319 332 449 478 40 345 390 243 467 369 230 384 453 363 340
414 443 474 274 324 396 501 568 429 0 239 388 218 462 356 435 495 392 311 464 515 375 498 346 528
261 200 183 192 211 271 283 244 319 239 0 296 332 328 110 278 262 163 327 269 295 178 385 138 445
318 375 290 249 304 115 263 340 332 388 296 0 508 428 322 146 69 103 496 359 403 471 368 335 386
482 472 444 396 429 390 517 453 449 218 332 508 0 531 479 459 600 326 195 414 629 448 449 450 600
339 315 402 416 169 297 445 461 478 462 328 428 531 0 374 374 448 345 627 364 496 566 172 411 33
143 321 251 378 197 230 140 352 40 356 110 322 479 374 0 259 321 192 542 425 442 351 292 342 448
381 285 298 370 267 200 332 346 345 435 278 146 459 374 259 0 139 130 474 399 387 465 442 309 430
332 275 351 424 327 273 393 396 390 495 262 69 600 448 321 139 0 270 493 375 428 443 442 464 459
198 286 255 246 252 33 214 290 243 392 163 103 326 345 192 130 270 0 473 412 352 361 351 274 341
484 545 351 324 544 464 449 520 467 311 327 496 195 627 542 474 493 473 0 546 600 507 523 383 680
369 209 285 316 328 282 310 5 369 464 269 359 414 364 425 399 375 412 546 0 34 474 393 436 451
386 226 321 480 278 304 358 69 230 515 295 403 629 496 442 387 428 352 600 34 0 632 478 445 442
565 494 406 246 446 444 374 384 384 375 178 471 448 566 351 465 443 361 507 474 632 0 434 116 549
288 315 278 413 267 214 378 401 453 498 385 368 449 172 292 442 442 351 523 393 478 434 0 425 171
352 413 311 364 289 382 448 550 363 346 138 335 450 411 342 309 464 274 383 436 445 116 425 0 570
438 424 366 503 325 393 395 441 340 528 445 386 600 33 448 430 459 341 680 451 442 549 171 570 0
