     25
object000 0 91 104 212 304 250 317 170 297 533 221 445 95 209 232 315 466 429 484 152 291 515 178 372 447
object001 91 0 211 162 240 271 237 3 245 363 248 363 151 293 205 392 354 349 395 34 176 406 189 335 423
object002 104 211 0 213 190 329 329 189 280 491 169 374 329 391 162 381 407 308 419 246 374 356 331 403 252
object003 212 162 213 0 222 337 227 150 224 483 226 378 39 312 300 446 474 454 613 149 378 559 245 428 478
object004 304 240 190 222 0 311 230 339 308 394 91 402 308 352 179 349 245 329 482 250 325 472 290 419 316
object005 250 271 329 337 311 0 180 280 268 384 351 394 376 187 331 429 465 442 416 370 154 525 151 385 555
object006 317 237 329 227 230 180 0 290 -2 231 263 160 254 110 379 449 421 449 401 322 100 507 22 504 354
object007 170 3 189 150 339 280 290 0 293 455 289 456 -6 291 366 503 507 395 480 33 334 500 312 405 511
object008 297 245 280 224 308 268 -2 293 0 425 271 270 406 206 377 477 427 502 534 322 17 490 131 483 369
object009 533 363 491 483 394 384 231 455 425 0 500 79 435 350 509 720 698 711 687 517 186 668 310 621 695
object010 221 248 169 226 91 351 263 289 271 500 0 471 285 318 146 383 352 347 399 219 299 314 221 311 280
object011 445 363 374 378 402 394 160 456 270 79 471 0 440 415 513 642 568 470 527 454 204 725 330 619 629
object012 95 151 329 39 308 376 254 -6 406 435 285 440 0 367 320 527 507 452 497 52 411 557 386 439 403
object013 209 293 391 312 352 187 110 291 206 350 318 415 367 0 338 508 535 454 564 257 288 617 125 472 514
object014 232 205 162 300 179 331 379 366 377 509 146 513 320 338 0 261 162 320 408 409 374 473 323 404 335
object015 315 392 381 446 349 429 449 503 477 720 383 642 527 508 261 0 195 490 610 578 640 600 506 540 563
object016 466 354 407 474 245 465 421 507 427 698 352 568 507 535 162 195 0 512 582 420 534 650 495 514 533
object017 429 349 308 454 329 442 449 395 502 711 347 470 452 454 320 490 512 0 464 503 537 364 483 327 246
object018 484 395 419 613 482 416 401 480 534 687 399 527 497 564 408 610 582 464 0 580 602 93 550 209 404
object019 152 34 246 149 250 370 322 33 322 517 219 454 52 257 409 578 420 503 580 0 513 542 305 405 473
object020 291 176 374 378 325 154 100 334 17 186 299 204 411 288 374 640 534 537 602 513 0 729 214 586 508
object021 515 406 356 559 472 525 507 500 490 668 314 725 557 617 473 600 650 364 93 542 729 0 559 243 396
object022 178 189 331 245 290 151 22 312 131 310 221 330 386 125 323 506 495 483 550 305 214 559 0 487 523
object023 372 335 403 428 419 385 504 405 483 621 311 619 439 472 404 540 514 327 209 405 586 243 487 0 334
object024 447 423 252 478 316 555 354 511 369 695 280 629 403 514 335 563 533 246 404 473 508 396 523 334 0
