     25
object000 0 247 369 388 430 476 143 380 632 547 334 223 454 528 425 395 562 604 507 340 422 480 586 462 119
object001 247 0 191 243 423 274 188 315 403 312 272 173 346 377 317 277 371 354 250 270 377 480 377 416 172
object002 369 191 0 150 278 272 285 120 362 320 102 360 300 279 125 201 89 215 187 351 258 390 324 327 270
object003 388 243 150 0 341 276 180 92 369 380 36 470 314 308 125 89 170 258 264 442 371 398 383 260 336
object004 430 423 278 341 0 193 447 386 106 180 343 555 571 273 499 309 433 485 490 559 85 78 58 118 579
object005 476 274 272 276 193 0 342 344 371 185 248 525 442 78 348 407 326 427 370 494 88 310 343 221 392
object006 143 188 285 180 447 342 0 284 603 514 307 219 474 487 281 263 373 525 520 66 373 512 530 545 -51
object007 380 315 120 92 386 344 284 0 388 344 107 418 318 190 205 147 268 74 185 456 292 366 389 347 349
object008 632 403 362 369 106 371 603 388 0 273 355 622 515 380 513 384 494 616 456 645 295 306 60 154 487
object009 547 312 320 380 180 185 514 344 273 0 252 673 532 278 308 412 485 480 482 570 96 127 261 70 573
object010 334 272 102 36 343 248 307 107 355 252 0 418 221 296 149 52 167 177 264 319 189 380 237 288 319
object011 223 173 360 470 555 525 219 418 622 673 418 0 576 611 500 388 566 503 542 32 564 583 661 562 220
object012 454 346 300 314 571 442 474 318 515 532 221 576 0 452 103 286 119 499 350 552 506 595 653 499 530
object013 528 377 279 308 273 78 487 190 380 278 296 611 452 0 375 454 400 423 401 583 218 365 357 271 485
object014 425 317 125 125 499 348 281 205 513 308 149 500 103 375 0 227 74 378 274 542 376 497 408 419 411
object015 395 277 201 89 309 407 263 147 384 412 52 388 286 454 227 0 189 272 249 529 282 423 347 395 305
object016 562 371 89 170 433 326 373 268 494 485 167 566 119 400 74 189 0 268 327 715 396 448 460 414 340
object017 604 354 215 258 485 427 525 74 616 480 177 503 499 423 378 272 268 0 217 660 408 579 590 472 496
object018 507 250 187 264 490 370 520 185 456 482 264 542 350 401 274 249 327 217 0 595 473 507 535 453 501
object019 340 270 351 442 559 494 66 456 645 570 319 32 552 583 542 529 715 660 595 0 482 575 655 548 226
object020 422 377 258 371 85 88 373 292 295 96 189 564 506 218 376 282 396 408 473 482 0 209 122 34 432
object021 480 480 390 398 78 310 512 366 306 127 380 583 595 365 497 423 448 579 507 575 209 0 184 126 464
object022 586 377 324 383 58 343 530 389 60 261 237 661 653 357 408 347 460 590 535 655 122 184 0 175 402
object023 462 416 327 260 118 221 545 347 154 70 288 562 499 271 419 395 414 472 453 548 34 126 175 0 351
object024 119 172 270 336 579 392 -51 349 487 573 319 220 530 485 411 305 340 496 501 226 432 464 402 351 0
