0 352 192 270 358 207 341 354 256 326 306 324 423 315 437 317 350 396 282 437 424 272 194 200 432
352 0 392 426 200 407 497 510 412 526 148 524 623 471 637 473 506 596 438 637 624 472 394 400 632
192 392 0 310 398 175 381 394 296 294 346 292 261 355 275 357 390 234 322 275 262 240 162 168 270
270 426 310 0 432 325 115 332 148 444 380 442 541 293 555 295 328 514 260 555 542 390 312 318 550
358 200 398 432 0 413 503 516 418 532 144 530 629 477 643 479 512 602 444 643 630 478 400 406 638
207 407 175 325 413 0 396 409 311 141 361 139 406 370 420 372 405 379 337 420 407 87 93 99 415
341 497 381 115 503 396 0 403 219 515 451 513 612 364 626 366 399 585 331 626 613 461 383 389 621
354 510 394 332 516 409 403 0 318 528 464 526 625 85 639 87 126 598 210 639 626 474 396 402 634
256 412 296 148 418 311 219 318 0 430 366 428 527 279 541 281 314 500 246 541 528 376 298 304 536
326 526 294 444 532 141 515 528 430 0 480 120 525 489 539 491 524 498 456 539 526 146 212 218 534
306 148 346 380 144 361 451 464 366 480 0 478 577 425 591 427 460 550 392 591 578 426 348 354 586
324 524 292 442 530 139 513 526 428 120 478 0 523 487 537 489 522 496 454 537 524 144 210 216 532
423 623 261 541 629 406 612 625 527 525 577 523 0 586 36 588 621 117 553 348 335 471 393 399 343
315 471 355 293 477 370 364 85 279 489 425 487 586 0 600 22 87 559 171 600 587 435 357 363 595
437 637 275 555 643 420 626 639 541 539 591 537 36 600 0 602 635 131 567 362 349 485 407 413 357
317 473 357 295 479 372 366 87 281 491 427 489 588 22 602 0 89 561 173 602 589 437 359 365 597
350 506 390 328 512 405 399 126 314 524 460 522 621 87 635 89 0 594 206 635 622 470 392 398 630
396 596 234 514 602 379 585 598 500 498 550 496 117 559 131 561 594 0 526 321 308 444 366 372 316
282 438 322 260 444 337 331 210 246 456 392 454 553 171 567 173 206 526 0 567 554 402 324 330 562
437 637 275 555 643 420 626 639 541 539 591 537 348 600 362 602 635 321 567 0 15 485 407 413 163
424 624 262 542 630 407 613 626 528 526 578 524 335 587 349 589 622 308 554 15 0 472 394 400 150
272 472 240 390 478 87 461 474 376 146 426 144 471 435 485 437 470 444 402 485 472 0 158 164 480
194 394 162 312 400 93 383 396 298 212 348 210 393 357 407 359 392 366 324 407 394 158 0 8 402
200 400 168 318 406 99 389 402 304 218 354 216 399 363 413 365 398 372 330 413 400 164 8 0 408
432 632 270 550 638 415 621 634 536 534 586 532 343 595 357 597 630 316 562 163 150 480 402 408 0
