0 82 220 140 232 267 224 137 271 448 190 380 151 286 275 420 419 392 447 161 319 457 251 394 407
82 0 192 138 204 239 196 135 243 420 162 352 149 258 247 392 391 364 419 159 291 429 223 366 379
220 192 0 276 158 303 260 273 307 484 134 416 287 322 201 346 345 336 391 297 355 401 287 338 351
140 138 276 0 288 323 280 129 327 504 246 436 143 342 331 476 475 448 503 153 375 513 307 450 463
232 204 158 288 0 315 272 285 319 496 146 428 299 334 137 282 281 348 403 309 367 413 299 350 363
267 239 303 323 315 0 141 320 188 365 273 297 334 151 358 503 502 475 530 344 236 540 168 477 490
224 196 260 280 272 141 0 277 53 260 230 192 291 160 315 460 459 432 487 301 131 497 33 434 447
137 135 273 129 285 320 277 0 324 501 243 433 116 339 328 473 472 445 500 126 372 510 304 447 460
271 243 307 327 319 188 53 324 0 307 277 239 338 207 362 507 506 479 534 348 178 544 54 481 494
448 420 484 504 496 365 260 501 307 0 454 94 515 384 539 684 683 656 711 525 203 721 287 658 671
190 162 134 246 146 273 230 243 277 454 0 386 257 292 189 334 333 300 355 267 325 365 257 302 315
380 352 416 436 428 297 192 433 239 94 386 0 447 316 471 616 615 588 643 457 135 653 219 590 603
151 149 287 143 299 334 291 116 338 515 257 447 0 353 342 487 486 459 514 38 386 524 318 461 474
286 258 322 342 334 151 160 339 207 384 292 316 353 0 377 522 521 494 549 363 255 559 187 496 509
275 247 201 331 137 358 315 328 362 539 189 471 342 377 0 211 210 391 446 352 410 456 342 393 406
420 392 346 476 282 503 460 473 507 684 334 616 487 522 211 0 185 536 591 497 555 601 487 538 551
419 391 345 475 281 502 459 472 506 683 333 615 486 521 210 185 0 535 590 496 554 600 486 537 550
392 364 336 448 348 475 432 445 479 656 300 588 459 494 391 536 535 0 369 469 527 379 459 316 255
447 419 391 503 403 530 487 500 534 711 355 643 514 549 446 591 590 369 0 524 582 158 514 231 384
161 159 297 153 309 344 301 126 348 525 267 457 38 363 352 497 496 469 524 0 396 534 328 471 484
319 291 355 375 367 236 131 372 178 203 325 135 386 255 410 555 554 527 582 396 0 592 158 529 542
457 429 401 513 413 540 497 510 544 721 365 653 524 559 456 601 600 379 158 534 592 0 524 241 394
251 223 287 307 299 168 33 304 54 287 257 219 318 187 342 487 486 459 514 328 158 524 0 461 474
394 366 338 450 350 477 434 447 481 658 302 590 461 496 393 538 537 316 231 471 529 241 461 0 331
407 379 351 463 363 490 447 460 494 671 315 603 474 509 406 551 550 255 384 484 542 394 474 331 0
