     25
object000 0 305 173 305 365 200 380 395 207 413 229 288 441 379 443 349 290 294 254 419 463 311 189 206 421
object001 305 0 422 385 183 384 450 493 419 549 228 483 637 424 635 398 541 672 491 691 711 528 363 358 586
object002 173 422 0 362 358 184 291 429 276 258 319 264 309 444 334 327 232 255 375 226 261 296 180 99 160
object003 305 385 362 0 366 350 95 356 170 476 396 419 602 262 573 297 302 492 340 555 539 390 332 422 512
object004 365 183 358 366 0 471 445 427 393 657 193 531 642 488 643 435 565 531 495 685 668 583 409 443 561
object005 200 384 184 350 471 0 308 425 390 208 453 184 416 327 531 430 455 383 301 446 505 87 30 125 471
object006 380 450 291 95 445 308 0 382 194 531 476 610 619 309 586 278 378 597 351 577 629 483 418 441 559
object007 395 493 429 356 427 425 382 0 299 559 450 547 567 41 613 133 62 467 315 531 614 477 386 420 619
object008 207 419 276 170 393 390 194 299 0 393 403 464 549 317 552 265 283 441 371 565 617 354 370 320 591
object009 413 549 258 476 657 208 531 559 393 0 537 168 470 478 591 587 613 463 393 606 548 154 155 177 634
object010 229 228 319 396 193 453 476 450 403 537 0 513 568 400 654 450 422 528 424 621 582 410 390 274 492
object011 288 483 264 419 531 184 610 547 464 168 513 0 562 494 518 534 488 450 515 501 458 114 241 206 524
object012 441 637 309 602 642 416 619 567 549 470 568 562 0 634 18 595 512 88 516 294 393 515 409 460 363
object013 379 424 444 262 488 327 309 41 317 478 400 494 634 0 516 16 118 554 171 597 526 324 409 287 551
object014 443 635 334 573 643 531 586 613 552 591 654 518 18 516 0 597 602 83 763 307 395 527 437 441 358
object015 349 398 327 297 435 430 278 133 265 587 450 534 595 16 597 0 107 571 239 632 537 388 356 421 595
object016 290 541 232 302 565 455 378 62 283 613 422 488 512 118 602 107 0 461 178 650 622 418 441 315 615
object017 294 672 255 492 531 383 597 467 441 463 528 450 88 554 83 571 461 0 529 330 348 451 358 370 362
object018 254 491 375 340 495 301 351 315 371 393 424 515 516 171 763 239 178 529 0 606 507 366 257 379 642
object019 419 691 226 555 685 446 577 531 565 606 621 501 294 597 307 632 650 330 606 0 -27 538 339 443 133
object020 463 711 261 539 668 505 629 614 617 548 582 458 393 526 395 537 622 348 507 -27 0 498 337 423 209
object021 311 528 296 390 583 87 483 477 354 154 410 114 515 324 527 388 418 451 366 538 498 0 129 172 498
object022 189 363 180 332 409 30 418 386 370 155 390 241 409 409 437 356 441 358 257 339 337 129 0 2 392
object023 206 358 99 422 443 125 441 420 320 177 274 206 460 287 441 421 315 370 379 443 423 172 2 0 413
object024 421 586 160 512 561 471 559 619 591 634 492 524 363 551 358 595 615 362 642 133 209 498 392 413 0
