0 277 279 301 380 231 388 314 387 399 374 380 308 329 551 332 440 339 264 438 345 581 361 617 148
277 0 264 286 235 330 373 169 372 498 359 365 293 314 536 431 425 324 363 423 200 566 346 602 247
279 264 0 266 367 332 353 301 352 500 339 225 153 294 516 433 285 184 365 283 332 546 326 582 249
301 286 266 0 389 354 325 323 324 522 135 367 295 90 488 455 427 326 387 425 354 518 298 554 271
380 235 367 389 0 433 476 108 475 601 462 468 396 417 639 534 528 427 466 526 143 669 449 705 350
231 330 332 354 433 0 441 367 440 392 427 433 361 382 604 325 493 392 65 491 398 634 414 670 127
388 373 353 325 476 441 0 410 229 609 398 454 382 353 393 542 514 413 474 512 441 423 171 459 358
314 169 301 323 108 367 410 0 409 535 396 402 330 351 573 468 462 361 400 460 77 603 383 639 284
387 372 352 324 475 440 229 409 0 608 397 453 381 352 196 541 513 412 473 511 440 226 202 262 357
399 498 500 522 601 392 609 535 608 0 595 601 529 550 772 281 661 560 425 659 566 802 582 838 309
374 359 339 135 462 427 398 396 397 595 0 440 368 153 561 528 500 399 460 498 427 591 371 627 344
380 365 225 367 468 433 454 402 453 601 440 0 94 395 617 534 266 165 466 264 433 647 427 683 350
308 293 153 295 396 361 382 330 381 529 368 94 0 323 545 462 194 93 394 192 361 575 355 611 278
329 314 294 90 417 382 353 351 352 550 153 395 323 0 516 483 455 354 415 453 382 546 326 582 299
551 536 516 488 639 604 393 573 196 772 561 617 545 516 0 705 677 576 637 675 604 208 366 244 521
332 431 433 455 534 325 542 468 541 281 528 534 462 483 705 0 594 493 358 592 499 735 515 771 242
440 425 285 427 528 493 514 462 513 661 500 266 194 455 677 594 0 105 526 56 493 707 487 743 410
339 324 184 326 427 392 413 361 412 560 399 165 93 354 576 493 105 0 425 103 392 606 386 642 309
264 363 365 387 466 65 474 400 473 425 460 466 394 415 637 358 526 425 0 524 431 667 447 703 160
438 423 283 425 526 491 512 460 511 659 498 264 192 453 675 592 56 103 524 0 491 705 485 741 408
345 200 332 354 143 398 441 77 440 566 427 433 361 382 604 499 493 392 431 491 0 634 414 670 315
581 566 546 518 669 634 423 603 226 802 591 647 575 546 208 735 707 606 667 705 634 0 396 152 551
361 346 326 298 449 414 171 383 202 582 371 427 355 326 366 515 487 386 447 485 414 396 0 432 331
617 602 582 554 705 670 459 639 262 838 627 683 611 582 244 771 743 642 703 741 670 152 432 0 587
148 247 249 271 350 127 358 284 357 309 344 350 278 299 521 242 410 309 160 408 315 551 331 587 0
