0 261 96 292 160 357 135 419 152 289 304 353 261 183 99 377 374 349 396 420 358 333 193 354 178
261 0 281 295 345 360 334 248 351 292 307 356 264 368 298 380 377 352 399 249 187 336 378 357 363
96 281 0 312 132 377 169 439 186 309 324 373 281 155 133 397 394 369 416 440 378 353 165 374 150
292 295 312 0 376 317 365 453 382 241 204 313 213 399 329 337 334 309 348 454 392 233 409 254 394
160 345 132 376 0 441 233 503 250 373 388 437 345 157 197 461 458 433 480 504 442 417 167 438 152
357 360 377 317 441 0 430 518 447 314 329 250 286 464 394 274 271 116 421 519 457 358 474 379 459
135 334 169 365 233 430 0 492 111 362 377 426 334 256 40 450 447 422 469 493 431 406 266 427 251
419 248 439 453 503 518 492 0 509 450 465 514 422 526 456 538 535 510 557 163 171 494 536 515 521
152 351 186 382 250 447 111 509 0 379 394 443 351 273 75 467 464 439 486 510 448 423 283 444 268
289 292 309 241 373 314 362 450 379 0 253 310 208 396 326 334 331 306 343 451 389 282 406 303 391
304 307 324 204 388 329 377 465 394 253 0 325 225 411 341 349 346 321 360 466 404 87 421 108 406
353 356 373 313 437 250 426 514 443 310 325 0 282 460 390 172 147 242 417 515 453 354 470 375 455
261 264 281 213 345 286 334 422 351 208 225 282 0 368 298 306 303 278 205 423 361 254 378 275 363
183 368 155 399 157 464 256 526 273 396 411 460 368 0 220 484 481 456 503 527 465 440 156 461 19
99 298 133 329 197 394 40 456 75 326 341 390 298 220 0 414 411 386 433 457 395 370 230 391 215
377 380 397 337 461 274 450 538 467 334 349 172 306 484 414 0 193 266 441 539 477 378 494 399 479
374 377 394 334 458 271 447 535 464 331 346 147 303 481 411 193 0 263 438 536 474 375 491 396 476
349 352 369 309 433 116 422 510 439 306 321 242 278 456 386 266 263 0 413 511 449 350 466 371 451
396 399 416 348 480 421 469 557 486 343 360 417 205 503 433 441 438 413 0 558 496 389 513 410 498
420 249 440 454 504 519 493 163 510 451 466 515 423 527 457 539 536 511 558 0 172 495 537 516 522
358 187 378 392 442 457 431 171 448 389 404 453 361 465 395 477 474 449 496 172 0 433 475 454 460
333 336 353 233 417 358 406 494 423 282 87 354 254 440 370 378 375 350 389 495 433 0 450 33 435
193 378 165 409 167 474 266 536 283 406 421 470 378 156 230 494 491 466 513 537 475 450 0 471 151
354 357 374 254 438 379 427 515 444 303 108 375 275 461 391 399 396 371 410 516 454 33 471 0 456
178 363 150 394 152 459 251 521 268 391 406 455 363 19 215 479 476 451 498 522 460 435 151 456 0
